6 0.34814453125 0.5303819444444444 0.04638671875 0.05642361111111111
7 0.85888671875 0.8459201388888888 0.01806640625 0.0390625
14 0.72509765625 0.5186631944444444 0.0283203125 0.041666666666666664
15 0.6787109375 0.6137152777777778 0.02197265625 0.049479166666666664
16 0.850830078125 0.6918402777777778 0.02099609375 0.043402777777777776
17 0.87548828125 0.5143229166666666 0.0185546875 0.041666666666666664
18 0.38525390625 0.5768229166666666 0.02587890625 0.04513888888888889
19 0.75927734375 0.4262152777777778 0.02197265625 0.04774305555555555
20 0.72900390625 0.5620659722222222 0.02197265625 0.0390625
21 0.55615234375 0.2699652777777778 0.0244140625 0.04513888888888889
8 0.75341796875 0.5121527777777778 0.0234375 0.043402777777777776
9 0.689208984375 0.23307291666666666 0.02197265625 0.043402777777777776
10 0.747802734375 0.7039930555555556 0.02197265625 0.04513888888888889
11 0.65673828125 0.62890625 0.02197265625 0.04513888888888889
12 0.302734375 0.6085069444444444 0.02685546875 0.0390625
13 0.344970703125 0.3424479166666667 0.0234375 0.04513888888888889
0 0.059326171875 0.15711805555555555 0.02001953125 0.043402777777777776
1 0.48291015625 0.028211805555555556 0.03076171875 0.044270833333333336
2 0.921630859375 0.1015625 0.01904296875 0.04774305555555555
3 0.08251953125 0.9097222222222222 0.02099609375 0.04774305555555555
4 0.501708984375 0.9856770833333334 0.033203125 0.026041666666666668
5 0.921630859375 0.8741319444444444 0.025390625 0.03993055555555555