6 0.40966796875 0.7677951388888888 0.02685546875 0.052083333333333336
14 0.489501953125 0.9036458333333334 0.02197265625 0.04079861111111111
15 0.478759765625 0.7400173611111112 0.0283203125 0.04079861111111111
16 0.447998046875 0.8524305555555556 0.025390625 0.041666666666666664
18 0.605712890625 0.5946180555555556 0.02685546875 0.04513888888888889
19 0.541015625 0.9613715277777778 0.02587890625 0.04079861111111111
20 0.46533203125 0.9079861111111112 0.02294921875 0.034722222222222224
21 0.6318359375 0.5985243055555556 0.0234375 0.04600694444444445
8 0.491455078125 0.9500868055555556 0.0244140625 0.03732638888888889
9 0.649658203125 0.8342013888888888 0.025390625 0.04600694444444445
11 0.445556640625 0.7378472222222222 0.025390625 0.05381944444444445
12 0.437744140625 0.14930555555555555 0.02294921875 0.04774305555555555
13 0.58837890625 0.2209201388888889 0.0244140625 0.04600694444444445
1 0.76513671875 0.47265625 0.0244140625 0.051215277777777776
4 0.226318359375 0.5034722222222222 0.013671875 0.0625