6 0.6505533854166667 0.6605902777777778 0.029296875 0.04774305555555555
7 0.9158528645833335 0.2938368055555556 0.01790364583333326 0.040509259259259224
14 0.72705078125 0.5188078703703703 0.02278645833333326 0.0390625
15 0.6350911458333335 0.5376157407407407 0.02278645833333326 0.05063657407407401
16 0.6981608072916667 0.5925925925925926 0.02360026041666652 0.0448495370370369
17 0.874755859375 0.5144675925925926 0.02197265625 0.0390625
18 0.5533040364583334 0.3119212962962963 0.02522786458333326 0.04774305555555555
19 0.7596028645833335 0.42693865740740733 0.02278645833333326 0.04629629629629623
20 0.7294921875 0.5614872685185185 0.01953125 0.04050925925925933
21 0.5553385416666667 0.265625 0.02604166666666652 0.04195601851851855
8 0.7530924479166667 0.5151909722222221 0.02115885416666652 0.043402777777777776
9 0.68798828125 0.23379629629629628 0.02604166666666674 0.04484953703703708
11 0.6338704427083335 0.5969328703703703 0.03011067708333326 0.0448495370370369
12 0.30265299479166674 0.6106770833333334 0.02685546875 0.04050925925925933
13 0.34293619791666674 0.34302662037037035 0.02604166666666663 0.043402777777777776
0 0.06070696721311472 0.1579007285974499 0.021132172131147535 0.0352914389799636
1 0.48463114754098363 0.028688524590163918 0.028816598360655754 0.04326047358834243
2 0.9220030737704917 0.10097905282331511 0.02113217213114771 0.03984517304189436
3 0.08344006147540982 0.9098360655737705 0.021772540983606564 0.03870673952641152
4 0.5019211065573771 0.9866803278688526 0.03522028688524598 0.023907103825136587
5 0.920722336065574 0.8768214936247722 0.023693647540983687 0.050091074681238586