6 0.669677734375 0.6540798611111112 0.02197265625 0.04050925925925933
7 0.9166666666666669 0.29311342592592593 0.01953125 0.0390625
14 0.7254231770833335 0.5188078703703703 0.02278645833333326 0.0390625
15 0.647705078125 0.5636574074074073 0.02522786458333326 0.041956018518518455
16 0.6985677083333335 0.591869212962963 0.02278645833333326 0.043402777777777776
17 0.8755696614583335 0.5122974537037037 0.02034505208333326 0.04050925925925913
18 0.5533040364583334 0.3133680555555556 0.02685546875 0.04774305555555555
20 0.7583821614583335 0.42549189814814814 0.02360026041666674 0.043402777777777776
21 0.554931640625 0.26490162037037035 0.02848307291666674 0.040509259259259224
8 0.752685546875 0.511574074074074 0.02197265625 0.044849537037037104
9 0.6875813802083335 0.23162615740740738 0.02360026041666674 0.04629629629629625
10 0.496337890625 0.05873842592592588 0.02360026041666674 0.050636574074074084
11 0.6517740885416667 0.6316550925925926 0.02522786458333348 0.04195601851851865
12 0.30265299479166674 0.6063368055555556 0.02685546875 0.04050925925925933
13 0.344970703125 0.34736689814814814 0.02685546875 0.043402777777777776
0 0.059426229508196704 0.15619307832422585 0.02113217213114755 0.04553734061930786
1 0.4836705942622951 0.019581056466302354 0.03201844262295084 0.034153005464480884
2 0.9229636270491803 0.10211748633879782 0.02177254098360648 0.03984517304189436
3 0.08247950819672129 0.9109744990892532 0.019851434426229497 0.04098360655737723
4 0.500640368852459 0.98554189435337 0.03137807377049184 0.023907103825136587
5 0.9207223360655737 0.8790983606557379 0.022412909836065698 0.04326047358834235