6 0.586669921875 0.19835069444444445 0.02294921875 0.0390625
14 0.510498046875 0.0993923611111111 0.02197265625 0.04079861111111111
15 0.535888671875 0.23741319444444445 0.0234375 0.04513888888888889
16 0.5517578125 0.14713541666666666 0.0244140625 0.04079861111111111
18 0.39501953125 0.4053819444444444 0.02685546875 0.04774305555555555
20 0.4580078125 0.04079861111111111 0.0244140625 0.041666666666666664
21 0.36767578125 0.40234375 0.02294921875 0.050347222222222224
8 0.506591796875 0.05078125 0.025390625 0.0390625
9 0.34912109375 0.16666666666666666 0.02587890625 0.041666666666666664
10 0.251708984375 0.5065104166666666 0.0283203125 0.041666666666666664
11 0.573974609375 0.2300347222222222 0.0234375 0.04513888888888889
12 0.559814453125 0.8506944444444444 0.02294921875 0.04774305555555555
13 0.4140625 0.7756076388888888 0.0244140625 0.04774305555555555
1 0.229736328125 0.5290798611111112 0.01904296875 0.057291666666666664
4 0.773193359375 0.4986979166666667 0.013671875 0.05555555555555555