6 0.6713053385416667 0.6576967592592592 0.02360026041666652 0.04195601851851865
7 0.9154459635416669 0.29528356481481477 0.01871744791666652 0.040509259259259224
14 0.725830078125 0.5173611111111112 0.02522786458333326 0.044849537037037104
15 0.64404296875 0.5578703703703703 0.0244140625 0.0448495370370369
16 0.69775390625 0.5911458333333334 0.0244140625 0.041956018518518455
17 0.8755696614583335 0.5122974537037037 0.02034505208333326 0.043402777777777776
18 0.5537109375 0.3133680555555556 0.0244140625 0.04484953703703701
19 0.7596028645833335 0.42693865740740733 0.02604166666666674 0.04629629629629623
20 0.7294921875 0.5629340277777778 0.02115885416666674 0.03761574074074067
21 0.55615234375 0.26490162037037035 0.02766927083333326 0.040509259259259224
8 0.752685546875 0.5122974537037037 0.02360026041666674 0.04050925925925913
9 0.6883951822916667 0.2309027777777778 0.02360026041666652 0.04484953703703701
10 0.47843424479166674 0.03559027777777774 0.02197265625 0.0419560185185186
12 0.30183919270833337 0.6077835648148148 0.02685546875 0.04050925925925913
13 0.34415690104166674 0.34375 0.02522786458333337 0.041956018518518455
11 0.6534016927083335 0.6323784722222222 0.02360026041666674 0.043402777777777776
0 0.06070696721311472 0.1573315118397086 0.021132172131147535 0.04098360655737708
1 0.4859118852459016 0.023565573770491788 0.027535860655737654 0.04667577413479053
2 0.9226434426229508 0.10211748633879782 0.01985143442622972 0.04212204007285974
3 0.08311987704918031 0.9086976320582879 0.024974385245901648 0.04098360655737713
4 0.5019211065573771 0.987249544626594 0.030097336065573854 0.02276867030965393
5 0.9220030737704917 0.8773907103825138 0.027535860655737654 0.03984517304189418