6 0.68798828125 0.5361689814814814 0.02278645833333326 0.05063657407407421
7 0.9170735677083335 0.29890046296296297 0.01871744791666674 0.041956018518518455
14 0.72705078125 0.5166377314814814 0.02278645833333326 0.043402777777777776
15 0.672119140625 0.3618344907407407 0.02848307291666674 0.04918981481481478
16 0.789306640625 0.67578125 0.04638671875 0.06365740740740754
17 0.8755696614583335 0.5173611111111112 0.02034505208333326 0.044849537037037104
18 0.5537109375 0.3119212962962963 0.0244140625 0.044849537037037104
19 0.7587890625 0.42693865740740733 0.0244140625 0.04918981481481488
20 0.7290852864583335 0.5636574074074073 0.02360026041666674 0.044849537037037104
21 0.5545247395833334 0.2663483796296296 0.02766927083333326 0.043402777777777776
8 0.75390625 0.5130208333333334 0.02278645833333326 0.041956018518518455
9 0.6883951822916667 0.232349537037037 0.02522786458333348 0.04484953703703701
11 0.14314778645833334 0.3922164351851851 0.02197265625 0.04629629629629623
12 0.20703125 0.711226851851852 0.0244140625 0.0448495370370373
13 0.34578450520833337 0.34374999999999994 0.02522786458333326 0.0390625
0 0.06006659836065571 0.15050091074681238 0.021132172131147542 0.03415300546448089
1 0.4843109631147542 0.028688524590163918 0.02817622950819676 0.05009107468123862
2 0.9223232581967213 0.10325591985428051 0.02177254098360648 0.039845173041894354
3 0.08344006147540982 0.9109744990892532 0.017930327868852458 0.03870673952641152
4 0.500640368852459 0.9844034608378871 0.03522028688524581 0.017076502732240643
5 0.9236039959016393 0.8785291438979965 0.02689549180327866 0.03984517304189428