6 0.8519694010416669 0.4356192129629629 0.02197265625 0.05208333333333329
7 0.9158528645833335 0.2960069444444444 0.01953125 0.04195601851851855
14 0.72705078125 0.5202546296296295 0.02115885416666674 0.044849537037037104
15 0.67333984375 0.36328125 0.0244140625 0.04918981481481478
16 0.8828938802083335 0.6909722222222222 0.02197265625 0.044849537037037104
17 0.91259765625 0.48046875 0.01953125 0.03761574074074067
18 0.5537109375 0.310474537037037 0.02766927083333326 0.04195601851851855
19 0.7543131510416667 0.4110243055555556 0.02360026041666652 0.04629629629629623
20 0.685546875 0.7712673611111112 0.0244140625 0.046296296296296426
21 0.554931640625 0.265625 0.02685546875 0.04195601851851855
8 0.7534993489583335 0.5122974537037037 0.02522786458333326 0.043402777777777776
9 0.6896158854166667 0.23307291666666663 0.02278645833333348 0.043402777777777776
11 0.14233398437499997 0.39293981481481477 0.02197265625 0.04195601851851855
12 0.2086588541666667 0.7126736111111112 0.0244140625 0.0390625
13 0.18221028645833334 0.578125 0.02197265625 0.0390625
0 0.06006659836065571 0.15619307832422585 0.021132172131147542 0.04553734061930786
1 0.4836705942622951 0.02811930783242257 0.03201844262295084 0.04667577413479053
2 0.9232838114754099 0.10097905282331511 0.022412909836065698 0.04439890710382515
3 0.08344006147540982 0.9104052823315121 0.019211065573770503 0.046675774134790515
4 0.5 0.9866803278688526 0.0390625 0.023907103825136587
5 0.9216828893442623 0.8779599271402552 0.02689549180327866 0.04326047358834254