6 0.9081217447916669 0.859519675925926 0.015462239583333481 0.031828703703703574
7 0.9158528645833335 0.29673032407407407 0.01953125 0.04050925925925933
14 0.71484375 0.550636574074074 0.02278645833333326 0.044849537037037104
15 0.6708984375 0.36255787037037035 0.02604166666666674 0.04484953703703701
16 0.21516927083333337 0.22294560185185183 0.0244140625 0.043402777777777776
17 0.30753580729166674 0.13035300925925922 0.02360026041666663 0.04050925925925924
18 0.5533040364583334 0.310474537037037 0.02522786458333326 0.04195601851851855
19 0.7360026041666667 0.4898726851851851 0.02115885416666652 0.044849537037037104
20 0.684326171875 0.769820601851852 0.02360026041666674 0.04629629629629623
21 0.5553385416666667 0.2649016203703704 0.02766927083333348 0.043402777777777776
8 0.77099609375 0.5846354166666666 0.02115885416666674 0.04629629629629623
9 0.689208984375 0.232349537037037 0.02522786458333326 0.04484953703703701
11 0.14436848958333331 0.3936631944444444 0.022786458333333315 0.03761574074074067
12 0.20703125 0.7105034722222222 0.0244140625 0.043402777777777776
13 0.18302408854166666 0.5752314814814814 0.02360026041666663 0.04195601851851865
0 0.059746413934426194 0.1590391621129326 0.020491803278688533 0.046675774134790564
1 0.4836705942622951 0.026980874316939876 0.03073770491803285 0.05122950819672131
2 0.9236039959016393 0.10154826958105644 0.01921106557377028 0.036429872495446255
3 0.08344006147540982 0.9092668488160291 0.02305327868852461 0.039845173041894576
4 0.5019211065573771 0.9849726775956285 0.03393954918032799 0.020491803278688617
5 0.9232838114754099 0.8819444444444444 0.02113217213114771 0.04212204007285979