14 0.528564453125 0.11805555555555555 0.025390625 0.04079861111111111
15 0.422607421875 0.19618055555555555 0.025390625 0.04600694444444445
16 0.34423828125 0.9921875 0.0244140625 0.015625
17 0.2919921875 0.8420138888888888 0.02294921875 0.041666666666666664
18 0.393310546875 0.4053819444444444 0.0234375 0.04513888888888889
19 0.494384765625 0.0802951388888889 0.025390625 0.03732638888888889
20 0.65185546875 0.1723090277777778 0.02587890625 0.041666666666666664
21 0.36767578125 0.4014756944444444 0.0244140625 0.049479166666666664
8 0.547607421875 0.018229166666666668 0.02587890625 0.036458333333333336
9 0.349365234375 0.1636284722222222 0.025390625 0.04513888888888889
1 0.23388671875 0.5290798611111112 0.02880859375 0.0546875
4 0.772705078125 0.4965277777777778 0.01171875 0.06076388888888889