6 0.506103515625 0.10807291666666667 0.02294921875 0.043402777777777776
14 0.53955078125 0.1384548611111111 0.02783203125 0.04079861111111111
15 0.423583984375 0.19401041666666666 0.025390625 0.041666666666666664
16 0.3271484375 0.05295138888888889 0.02587890625 0.043402777777777776
18 0.394287109375 0.4036458333333333 0.0234375 0.04513888888888889
19 0.549560546875 0.07378472222222222 0.025390625 0.041666666666666664
20 0.6513671875 0.1701388888888889 0.025390625 0.03732638888888889
21 0.366455078125 0.40234375 0.025390625 0.04774305555555555
8 0.566650390625 0.013888888888888888 0.02685546875 0.027777777777777776
1 0.23388671875 0.5316840277777778 0.02490234375 0.058159722222222224
4 0.772705078125 0.4965277777777778 0.0126953125 0.0625