6 0.2265625 0.5490451388888888 0.02587890625 0.041666666666666664
7 0.74169921875 0.5325520833333334 0.0185546875 0.036458333333333336
14 0.740966796875 0.4926215277777778 0.01953125 0.0390625
15 0.72119140625 0.4696180555555556 0.0205078125 0.03819444444444445
16 0.76025390625 0.5538194444444444 0.0185546875 0.03993055555555555
17 0.75830078125 0.4262152777777778 0.01904296875 0.036458333333333336
18 0.740966796875 0.5776909722222222 0.02001953125 0.042534722222222224
19 0.759033203125 0.4704861111111111 0.0185546875 0.0390625
20 0.722412109375 0.5138888888888888 0.02001953125 0.034722222222222224
21 0.702880859375 0.4926215277777778 0.02099609375 0.03993055555555555
9 0.740478515625 0.4500868055555556 0.02001953125 0.03993055555555555
10 0.721923828125 0.5555555555555556 0.01904296875 0.035590277777777776
8 0.760009765625 0.5125868055555556 0.01904296875 0.03819444444444445
11 0.70263671875 0.5368923611111112 0.01904296875 0.0390625
12 0.682861328125 0.5169270833333334 0.02197265625 0.041666666666666664
13 0.759765625 0.5954861111111112 0.01904296875 0.03819444444444445
22 0.65016649609375 0.5170765026041667 0.7718365776367188 0.6343351545138889 0.771196208984375 0.388433515625 0.65016649609375 0.5170765026041667
0 0.059814453125 0.1584201388888889 0.02197265625 0.043402777777777776
1 0.484375 0.031684027777777776 0.0322265625 0.051215277777777776
2 0.921630859375 0.1032986111111111 0.0205078125 0.046875
3 0.08447265625 0.9097222222222222 0.0224609375 0.043402777777777776
4 0.501220703125 0.9839409722222222 0.03271484375 0.025173611111111112
5 0.922607421875 0.8763020833333334 0.0263671875 0.03993055555555555