6 0.47216796875 0.018229166666666668 0.0234375 0.036458333333333336
7 0.481689453125 0.9296875 0.0205078125 0.03298611111111111
14 0.504150390625 0.9283854166666666 0.02197265625 0.034722222222222224
15 0.51708984375 0.8932291666666666 0.021484375 0.036458333333333336
16 0.4697265625 0.9626736111111112 0.0224609375 0.03298611111111111
17 0.54150390625 0.9592013888888888 0.0205078125 0.033854166666666664
18 0.456298828125 0.9283854166666666 0.02392578125 0.035590277777777776
19 0.5166015625 0.9605034722222222 0.02197265625 0.03298611111111111
20 0.4921875 0.8953993055555556 0.01953125 0.035590277777777776
21 0.504150390625 0.8606770833333334 0.0224609375 0.03732638888888889
9 0.528076171875 0.9275173611111112 0.0224609375 0.035590277777777776
10 0.46875 0.89453125 0.02001953125 0.033854166666666664
8 0.492919921875 0.9622395833333334 0.021484375 0.033854166666666664
11 0.479248046875 0.8602430555555556 0.02197265625 0.033854166666666664
12 0.490478515625 0.8250868055555556 0.0234375 0.0390625
13 0.4462890625 0.9618055555555556 0.021484375 0.033854166666666664
22 0.49039446728515623 0.7669626597222222 0.4244364755859375 0.9832650269097223 0.5627561474609375 0.98212659375 0.49039446728515623 0.7669626597222222
1 0.763427734375 0.4722222222222222 0.02880859375 0.057291666666666664
4 0.227783203125 0.5021701388888888 0.01416015625 0.058159722222222224