0 0.0827996926229508 0.1260245901639344 0.024334016393442653 0.039845173041894326
1 0.49615778688524587 0.02470400728597448 0.028816598360655754 0.039845173041894354
2 0.9178406762295084 0.12431693989071037 0.023053278688524692 0.03870673952641163
3 0.09432633196721309 0.8557604735883425 0.03201844262295081 0.039845173041894374
4 0.49327612704918034 0.9542349726775957 0.03073770491803285 0.03415300546448089
5 0.9015112704918032 0.8756830601092899 0.019851434426229497 0.0523679417122039
6 0.8938268442622951 0.2199453551912568 0.01985143442622972 0.0387067395264116
7 0.7170850409836066 0.8261612021857926 0.023693647540983687 0.03984517304189418
8 0.8915855532786886 0.6485655737704918 0.01921106557377028 0.04212204007285969
9 0.7077996926229508 0.48633879781420764 0.02433401639344268 0.04553734061930786
10 0.20318903688524587 0.3542805100182149 0.019211065573770503 0.03870673952641172
11 0.809938524590164 0.20229963570127507 0.02113217213114771 0.04439890710382515
12 0.8944672131147542 0.5125227686703097 0.019851434426229497 0.04326047358834235
14 0.7423796106557378 0.822176684881603 0.021772540983606703 0.04098360655737684
15 0.7423796106557378 0.35883424408014564 0.023053278688524692 0.03870673952641172
16 0.2201588114754098 0.16871584699453554 0.022412909836065587 0.036429872495446304
17 0.0831198770491803 0.367372495446266 0.021132172131147542 0.03529143897996355
19 0.33926741803278687 0.7447632058287796 0.023693647540983576 0.03642987249544621
20 0.8288294057377048 0.6269353369763206 0.019211065573770503 0.042122040072859884