0 0.08183913934426226 0.12431693989071037 0.028816598360655726 0.04098360655737703
1 0.49871926229508196 0.030396174863387963 0.028816598360655754 0.04212204007285974
2 0.9178406762295084 0.12260928961748634 0.02817622950819665 0.05578324225865208
3 0.09432633196721309 0.8540528233151186 0.026895491803278687 0.04098360655737703
4 0.4948770491803279 0.956511839708561 0.030097336065573743 0.04326047358834254
5 0.907594774590164 0.8779599271402552 0.02945696721311486 0.05919854280510014
8 0.9005507172131146 0.7459016393442625 0.01793032786885229 0.03642987249544621
9 0.7955302254098361 0.7265482695810566 0.023053278688524692 0.04098360655737723
10 0.7990522540983607 0.5318761384335154 0.021132172131147486 0.04326047358834254
11 0.8125 0.8563296903460839 0.018570696721311508 0.03870673952641172
13 0.8746157786885246 0.8551912568306013 0.01728995901639352 0.03642987249544621