0 0.08183913934426226 0.12716302367941712 0.03009733606557377 0.048952641165755914
1 0.4964779713114754 0.028688524590163918 0.02689549180327866 0.040983606557377046
2 0.9204021516393444 0.1174863387978142 0.02561475409836067 0.0546448087431694
3 0.09656762295081965 0.851775956284153 0.02753586065573771 0.04553734061930786
4 0.4958376024590164 0.9519581056466304 0.028176229508196704 0.04326047358834254
5 0.9037525614754099 0.8768214936247722 0.02817622950819665 0.050091074681238586
8 0.25665983606557374 0.7589936247723135 0.026255122950819693 0.039845173041894374
9 0.20575051229508193 0.11464025500910746 0.02305327868852458 0.039845173041894326
10 0.08824282786885243 0.5603369763205829 0.021132172131147542 0.04098360655737703
11 0.5092853483606558 0.8961748633879782 0.029456967213114693 0.04326047358834254
13 0.27555071721311475 0.18010018214936246 0.02177254098360648 0.043260473588342445
21 0.1176997950819672 0.2222222222222222 0.01985143442622951 0.03415300546448092