0 0.08183913934426226 0.12773224043715847 0.028816598360655726 0.04553734061930781
1 0.49743852459016397 0.032103825136612 0.027535860655737765 0.03870673952641167
2 0.9200819672131146 0.11919398907103823 0.022412909836065475 0.04439890710382514
3 0.09336577868852457 0.8546220400728598 0.028816598360655726 0.046675774134790515
4 0.4942366803278688 0.9502504553734062 0.027535860655737654 0.039845173041894576
5 0.9031121926229508 0.8711293260473588 0.02817622950819687 0.043260473588342445
8 0.43436219262295084 0.2780054644808743 0.02945696721311486 0.04781420765027317
9 0.8493212090163935 0.6901183970856102 0.020491803278688492 0.03870673952641172
10 0.8051357581967213 0.6519808743169399 0.023053278688524692 0.042122040072859884
11 0.40106301229508196 0.5779826958105647 0.02561475409836067 0.0443989071038252
13 0.6847464139344263 0.8973132969034611 0.02561475409836067 0.043260473588342445
21 0.8899846311475411 0.7015027322404372 0.02113217213114771 0.03642987249544641