1 0.765380859375 0.4904513888888889 0.02001953125 0.050347222222222224
4 0.24267578125 0.4874131944444444 0.0205078125 0.051215277777777776
6 0.647705078125 0.7217881944444444 0.02490234375 0.03993055555555555
10 0.71875 0.98046875 0.0224609375 0.03732638888888889
11 0.6904296875 0.9418402777777778 0.02490234375 0.03993055555555555
13 0.49658203125 0.8216145833333334 0.02392578125 0.04774305555555555
14 0.3798828125 0.8012152777777778 0.02392578125 0.04079861111111111
15 0.437255859375 0.7738715277777778 0.0244140625 0.04513888888888889
16 0.701416015625 0.8949652777777778 0.02001953125 0.035590277777777776
17 0.72021484375 0.2864583333333333 0.02197265625 0.04774305555555555
18 0.557861328125 0.7096354166666666 0.02392578125 0.044270833333333336
19 0.6435546875 0.2400173611111111 0.0244140625 0.043402777777777776
20 0.545166015625 0.8780381944444444 0.02392578125 0.042534722222222224
21 0.30908203125 0.8155381944444444 0.02294921875 0.044270833333333336