0 0.08056640625 0.13020833333333334 0.03125 0.0390625
1 0.49755859375 0.029079861111111112 0.02392578125 0.035590277777777776
2 0.92431640625 0.12239583333333333 0.025390625 0.042534722222222224
3 0.09521484375 0.8576388888888888 0.03125 0.036458333333333336
4 0.49609375 0.95703125 0.02880859375 0.044270833333333336
5 0.90478515625 0.8802083333333334 0.0263671875 0.043402777777777776
6 0.628662109375 0.5733506944444444 0.02490234375 0.046875
7 0.420654296875 0.4253472222222222 0.0224609375 0.042534722222222224
8 0.81640625 0.578125 0.02001953125 0.03732638888888889
9 0.277099609375 0.6731770833333334 0.0224609375 0.0390625
10 0.85693359375 0.5434027777777778 0.01806640625 0.04079861111111111
11 0.770263671875 0.6332465277777778 0.02490234375 0.04513888888888889
12 0.533935546875 0.58203125 0.02490234375 0.04079861111111111
13 0.86474609375 0.4878472222222222 0.02197265625 0.03993055555555555
14 0.333251953125 0.3185763888888889 0.0244140625 0.044270833333333336
15 0.76513671875 0.1740451388888889 0.02099609375 0.03732638888888889
16 0.51953125 0.77734375 0.025390625 0.042534722222222224
17 0.703857421875 0.5598958333333334 0.02294921875 0.042534722222222224
18 0.5986328125 0.4197048611111111 0.02490234375 0.042534722222222224
19 0.432861328125 0.6723090277777778 0.02490234375 0.042534722222222224
20 0.693115234375 0.5 0.0244140625 0.043402777777777776
21 0.65087890625 0.8585069444444444 0.025390625 0.04079861111111111