0 0.08408043032786883 0.12431693989071037 0.025614754098360643 0.03870673952641163
1 0.4993596311475409 0.031534608378870656 0.0300973360655738 0.04212204007285974
2 0.9197617827868853 0.1260245901639344 0.03073770491803285 0.04439890710382514
3 0.09272540983606554 0.8586065573770493 0.03009733606557377 0.04326047358834254
4 0.4942366803278688 0.956511839708561 0.030097336065573854 0.04781420765027317
5 0.9005507172131146 0.8762522768670311 0.02177254098360648 0.048952641165756025
6 0.854123975409836 0.7698087431693991 0.019851434426229497 0.03870673952641172
7 0.7945696721311476 0.8352686703096539 0.019851434426229497 0.03073770491803292
8 0.4327612704918033 0.15960837887067397 0.028816598360655754 0.04553734061930786
9 0.8128201844262295 0.8187613843351549 0.02305327868852447 0.03870673952641152
10 0.6559298155737705 0.0890255009107468 0.02561475409836067 0.04553734061930784
12 0.8826203893442625 0.7646857923497268 0.02177254098360648 0.03529143897996355
13 0.15580174180327866 0.5609061930783242 0.02561475409836067 0.039845173041894374
14 0.7920081967213115 0.8802367941712205 0.027535860655737654 0.04098360655737713
15 0.7593493852459017 0.1897768670309654 0.021132172131147486 0.04212204007285974
17 0.08632172131147539 0.4823542805100182 0.017289959016393464 0.04212204007285969
18 0.8582863729508197 0.8494990892531877 0.020491803278688492 0.04326047358834254
19 0.10905481557377046 0.7851775956284154 0.021772540983606564 0.042122040072859884
20 0.9015112704918032 0.5546448087431695 0.02113217213114771 0.04553734061930786
21 0.697873975409836 0.27743624772313297 0.026255122950819665 0.04895264116575593