0 0.08215932377049179 0.13000910746812386 0.026895491803278715 0.04553734061930781
1 0.4964779713114754 0.029826958105646617 0.03201844262295084 0.043260473588342445
2 0.9204021516393444 0.12488615664845172 0.02817622950819687 0.05122950819672129
3 0.09304559426229506 0.8534836065573771 0.025614754098360643 0.039845173041894374
4 0.49391649590163933 0.9559426229508199 0.02433401639344268 0.03984517304189418
5 0.9053534836065573 0.8768214936247725 0.027535860655737654 0.04553734061930786
8 0.32870133196721313 0.25922131147540983 0.02305327868852458 0.039845173041894374
9 0.3351050204918033 0.38729508196721313 0.02305327868852458 0.04326047358834235
10 0.3837730532786885 0.5791211293260474 0.02305327868852458 0.04212204007285969
11 0.5464267418032787 0.766393442622951 0.02433401639344268 0.03870673952641152
13 0.3389472336065574 0.31386612021857924 0.02561475409836067 0.04212204007285969
21 0.34118852459016397 0.5051229508196721 0.023693647540983687 0.0443989071038252