0 0.081787109375 0.1293402777777778 0.0302734375 0.046875
1 0.49609375 0.026909722222222224 0.03125 0.044270833333333336
2 0.919677734375 0.12369791666666667 0.029296875 0.046875
3 0.0927734375 0.8563368055555556 0.03271484375 0.043402777777777776
4 0.494873046875 0.9544270833333334 0.0341796875 0.04513888888888889
5 0.905029296875 0.875 0.03076171875 0.05381944444444445
6 0.400146484375 0.2821180555555556 0.0263671875 0.04861111111111111
8 0.764404296875 0.8328993055555556 0.02099609375 0.042534722222222224
9 0.47509765625 0.08203125 0.02490234375 0.03211805555555555
10 0.713134765625 0.1640625 0.0224609375 0.04079861111111111
11 0.74755859375 0.1931423611111111 0.02294921875 0.03993055555555555
12 0.8759765625 0.5876736111111112 0.02001953125 0.050347222222222224
13 0.725830078125 0.21875 0.0244140625 0.043402777777777776
16 0.1142578125 0.7799479166666666 0.025390625 0.03211805555555555
20 0.0966796875 0.2556423611111111 0.02001953125 0.035590277777777776
21 0.7548828125 0.8745659722222222 0.0224609375 0.0390625