0 0.083984375 0.12586805555555555 0.03564453125 0.046875
1 0.49755859375 0.024739583333333332 0.03125 0.03732638888888889
2 0.921630859375 0.12022569444444445 0.02685546875 0.046875
3 0.091064453125 0.8532986111111112 0.029296875 0.042534722222222224
4 0.4951171875 0.9600694444444444 0.02685546875 0.0390625
5 0.9052734375 0.8823784722222222 0.0341796875 0.052083333333333336
8 0.637451171875 0.77734375 0.0244140625 0.044270833333333336
9 0.63037109375 0.6119791666666666 0.02685546875 0.044270833333333336
10 0.80126953125 0.5329861111111112 0.02294921875 0.043402777777777776
11 0.6025390625 0.9036458333333334 0.0263671875 0.042534722222222224
13 0.640625 0.6692708333333334 0.029296875 0.03993055555555555
21 0.663330078125 0.6254340277777778 0.0263671875 0.04513888888888889