0 0.08055840163934425 0.12431693989071037 0.028816598360655754 0.036429872495446255
1 0.4971183401639344 0.03096539162112931 0.03073770491803285 0.043260473588342445
2 0.9232838114754099 0.11976320582877958 0.030097336065573632 0.0500910746812386
3 0.09240522540983603 0.851775956284153 0.028176229508196704 0.03642987249544621
4 0.49455686475409844 0.9530965391621131 0.028176229508196704 0.04098360655737723
5 0.9031121926229511 0.8830828779599273 0.03586065573770503 0.05122950819672124
8 0.09528688524590162 0.7219945355191257 0.021132172131147542 0.03870673952641192
9 0.10201075819672129 0.15505464480874318 0.021772540983606564 0.03415300546448089
10 0.540343237704918 0.6736111111111112 0.027535860655737654 0.039845173041894374
11 0.5227330942622951 0.8961748633879782 0.02561475409836067 0.03415300546448089
13 0.09720799180327866 0.31898907103825136 0.021132172131147542 0.03870673952641172
21 0.13434938524590162 0.21083788706739526 0.022412909836065573 0.036429872495446304