0 0.08087858606557374 0.12545537340619306 0.030737704918032765 0.04553734061930781
1 0.4977587090163935 0.02925774134790527 0.03201844262295084 0.03756830601092895
2 0.9204021516393444 0.12204007285974498 0.03329918032786883 0.05009107468123862
3 0.09656762295081965 0.8660063752276869 0.035220286885245894 0.05806010928961748
4 0.4951972336065573 0.9548041894353371 0.03329918032786883 0.042122040072859884
5 0.9021516393442625 0.8739754098360658 0.03393954918032782 0.04895264116575593
8 0.5710809426229508 0.12716302367941712 0.024974385245901676 0.044398907103825117
9 0.25409836065573765 0.33208105646630237 0.02369364754098366 0.0443989071038252
10 0.2006275614754098 0.4800774134790528 0.02305327868852458 0.04212204007285969
11 0.8765368852459017 0.2649134790528233 0.018570696721311508 0.03756830601092896
13 0.3136526639344262 0.5893670309653918 0.024974385245901676 0.0443989071038252
21 0.28739754098360654 0.629212204007286 0.023693647540983576 0.0443989071038252