0 0.08376024590163932 0.12887067395264118 0.03265881147540983 0.04098360655737703
1 0.4977587090163935 0.032103825136612 0.026895491803278715 0.03187613843351548
2 0.9178406762295082 0.12147085610200363 0.02689549180327866 0.053506375227686705
3 0.09592725409836063 0.8546220400728598 0.026255122950819665 0.037568306010928865
4 0.49391649590163933 0.9570810564663026 0.02689549180327866 0.042122040072859884
5 0.9031121926229508 0.8751138433515481 0.02433401639344268 0.04667577413479042
6 0.8749359631147542 0.19660746812386154 0.016649590163934302 0.039845173041894326
8 0.5707607581967213 0.19148451730418942 0.02561475409836067 0.04098360655737703
9 0.5102459016393442 0.7510245901639345 0.024974385245901676 0.039845173041894374
10 0.8243468237704917 0.7390710382513662 0.019211065573770503 0.03642987249544621
11 0.4823898565573771 0.8642987249544629 0.02433401639344257 0.04098360655737703
13 0.8483606557377048 0.8341302367941713 0.01728995901639352 0.03529143897996355
14 0.22400102459016394 0.2637750455373406 0.021132172131147597 0.039845173041894374
15 0.7795210040983607 0.4675546448087431 0.02561475409836067 0.04895264116575588
17 0.7990522540983607 0.7453324225865211 0.021132172131147486 0.039845173041894374
18 0.6450435450819673 0.48918488160291435 0.02689549180327866 0.0443989071038252
20 0.8355532786885246 0.5335837887067396 0.01728995901639352 0.039845173041894374