0 0.082275390625 0.12196180555555555 0.029296875 0.043402777777777776
1 0.497802734375 0.030381944444444444 0.03076171875 0.042534722222222224
2 0.920166015625 0.11979166666666667 0.0224609375 0.04774305555555555
3 0.0927734375 0.8546006944444444 0.0224609375 0.04861111111111111
4 0.494873046875 0.9565972222222222 0.0302734375 0.043402777777777776
5 0.902099609375 0.8763020833333334 0.0224609375 0.05555555555555555
6 0.1279296875 0.4865451388888889 0.02001953125 0.036458333333333336
7 0.81591796875 0.6080729166666666 0.01904296875 0.04774305555555555
8 0.746337890625 0.79296875 0.01904296875 0.042534722222222224
9 0.8310546875 0.8524305555555556 0.0185546875 0.035590277777777776
10 0.6552734375 0.08940972222222222 0.0244140625 0.03993055555555555
12 0.87646484375 0.6640625 0.02001953125 0.043402777777777776
13 0.155517578125 0.5598958333333334 0.02099609375 0.042534722222222224
14 0.793212890625 0.8823784722222222 0.0224609375 0.029513888888888888
15 0.76025390625 0.19270833333333334 0.02197265625 0.04513888888888889
17 0.08740234375 0.4839409722222222 0.0205078125 0.033854166666666664
18 0.83935546875 0.8064236111111112 0.0224609375 0.043402777777777776
19 0.11328125 0.7864583333333334 0.0224609375 0.03298611111111111
20 0.9033203125 0.5542534722222222 0.02001953125 0.035590277777777776
21 0.781982421875 0.8168402777777778 0.02294921875 0.03732638888888889