0 0.08247950819672129 0.12716302367941712 0.028816598360655726 0.04212204007285974
1 0.4958376024590164 0.03096539162112931 0.029456967213114693 0.040983606557377046
2 0.9200819672131146 0.12773224043715847 0.030097336065573632 0.04326047358834243
3 0.09592725409836063 0.8506375227686704 0.031378073770491816 0.04326047358834254
4 0.49359631147540983 0.956511839708561 0.02625512295081961 0.03870673952641152
5 0.9027920081967213 0.8762522768670311 0.026255122950819665 0.04667577413479061
6 0.8688524590163933 0.822176684881603 0.019851434426229497 0.03642987249544621
8 0.809298155737705 0.738501821493625 0.021132172131147486 0.03984517304189418
10 0.6860271516393444 0.7561475409836065 0.02561475409836067 0.04326047358834235
12 0.7881659836065573 0.6582422586520947 0.019851434426229497 0.04553734061930786
13 0.6911501024590164 0.6770264116575593 0.02433401639344268 0.03756830601092906