0 0.0830078125 0.12586805555555555 0.0263671875 0.042534722222222224
1 0.49755859375 0.030381944444444444 0.03125 0.03993055555555555
2 0.922119140625 0.12109375 0.03125 0.052083333333333336
3 0.094970703125 0.8550347222222222 0.0322265625 0.043402777777777776
4 0.49267578125 0.95703125 0.03076171875 0.04861111111111111
5 0.901611328125 0.8758680555555556 0.0263671875 0.052083333333333336
6 0.791259765625 0.8038194444444444 0.02001953125 0.0390625
8 0.668212890625 0.5915798611111112 0.02294921875 0.042534722222222224
10 0.9052734375 0.17491319444444445 0.0185546875 0.03993055555555555
12 0.694580078125 0.6115451388888888 0.0224609375 0.04079861111111111
15 0.495849609375 0.0954861111111111 0.02294921875 0.03993055555555555
18 0.871826171875 0.2764756944444444 0.01904296875 0.03993055555555555
20 0.25244140625 0.4227430555555556 0.02294921875 0.0390625
21 0.8466796875 0.14192708333333334 0.02197265625 0.035590277777777776