0 0.08247950819672129 0.12773224043715847 0.03137807377049179 0.036429872495446255
1 0.4977587090163935 0.028688524590163918 0.028176229508196704 0.036429872495446255
2 0.9197617827868854 0.12260928961748634 0.02561475409836067 0.05578324225865208
3 0.09208504098360654 0.8568989071038252 0.03137807377049179 0.04667577413479071
4 0.49359631147540983 0.956511839708561 0.0288165983606557 0.04781420765027317
5 0.9053534836065573 0.8785291438979965 0.030097336065573632 0.0443989071038253
6 0.48687243852459017 0.6041666666666666 0.02433401639344257 0.039845173041894374
8 0.9197617827868854 0.38444899817850636 0.01793032786885229 0.03756830601092896
10 0.9120773565573771 0.6542577413479053 0.016649590163934302 0.03529143897996355
11 0.5672387295081966 0.7077641165755921 0.021132172131147486 0.039845173041894576
13 0.920722336065574 0.4208788706739526 0.01728995901639352 0.03529143897996355
21 0.9155993852459017 0.5961976320582878 0.018570696721311508 0.037568306010928865