0 0.08440061475409832 0.12659380692167577 0.02497438524590162 0.04781420765027322
1 0.4964779713114754 0.033811475409836055 0.03073770491803285 0.04439890710382515
2 0.9197617827868854 0.12090163934426228 0.02817622950819665 0.04781420765027322
3 0.09336577868852457 0.8534836065573771 0.024974385245901648 0.04212204007285969
4 0.4958376024590164 0.956511839708561 0.028176229508196704 0.03870673952641152
5 0.9037525614754099 0.8756830601092899 0.02817622950819665 0.0523679417122039
8 0.8842213114754099 0.7629781420765028 0.02113217213114771 0.03415300546448089
9 0.8025742827868853 0.213683970856102 0.02305327868852447 0.04212204007285972
10 0.7635117827868853 0.5352914389799636 0.021772540983606703 0.04326047358834235
11 0.8419569672131146 0.1305783242258652 0.02113217213114771 0.04439890710382514
13 0.6341572745901639 0.45446265938069214 0.029456967213114638 0.04781420765027317
21 0.1183401639344262 0.21880692167577415 0.01985143442622951 0.038706739526411696