0 0.08504098360655735 0.13000910746812386 0.03009733606557377 0.04326047358834243
1 0.4967981557377049 0.027550091074681222 0.02881659836065581 0.038706739526411654
2 0.9184810450819673 0.12204007285974498 0.025614754098360448 0.05009107468123862
3 0.09176485655737703 0.8540528233151186 0.028176229508196732 0.04098360655737703
4 0.4948770491803279 0.9542349726775957 0.027535860655737765 0.03642987249544621
5 0.9034323770491803 0.8739754098360657 0.024974385245901676 0.04212204007285969
8 0.8349129098360657 0.4043715846994535 0.02113217213114771 0.04098360655737703
9 0.8121798155737706 0.5119535519125683 0.020491803278688492 0.037568306010928865
10 0.7881659836065573 0.6371812386156649 0.018570696721311508 0.039845173041894374
11 0.7571080942622951 0.717440801457195 0.02177254098360648 0.04553734061930786
13 0.8201844262295084 0.45617030965391625 0.02113217213114771 0.04212204007285969
21 0.7996926229508197 0.5779826958105647 0.019851434426229497 0.039845173041894374