0 0.08247950819672129 0.12830145719489983 0.026255122950819693 0.04212204007285974
1 0.4983990778688525 0.030396174863387963 0.03073770491803285 0.039845173041894354
2 0.9204021516393444 0.11805555555555552 0.02689549180327866 0.04439890710382514
3 0.09272540983606554 0.8591757741347907 0.026255122950819665 0.051229508196721535
4 0.49391649590163933 0.9582194899817852 0.02689549180327866 0.037568306010928865
5 0.9037525614754099 0.8768214936247725 0.02433401639344268 0.04781420765027317
6 0.8829405737704917 0.6053051001821493 0.019851434426229497 0.037568306010928865
7 0.839075307377049 0.640596539162113 0.019211065573770503 0.039845173041894374
8 0.43180071721311475 0.15846994535519127 0.02433401639344268 0.036429872495446304
9 0.8967085040983607 0.4447859744990892 0.016649590163934302 0.03529143897996355
10 0.6546490778688524 0.08845628415300547 0.023053278688524692 0.039845173041894354
13 0.15452100409836064 0.5603369763205829 0.02305327868852458 0.03642987249544621
14 0.7958504098360657 0.8779599271402552 0.021132172131147486 0.03870673952641152
15 0.911436987704918 0.16757741347905283 0.020491803278688492 0.03870673952641172
17 0.08632172131147538 0.4840619307832422 0.023693647540983603 0.03870673952641172
18 0.29284067622950816 0.7863160291438981 0.02305327868852458 0.039845173041894374
20 0.9123975409836067 0.5546448087431695 0.01728995901639352 0.03415300546448089
21 0.8742955942622951 0.8398224043715847 0.02305327868852447 0.04212204007285969