1 0.23681640625 0.5091145833333334 0.02197265625 0.051215277777777776
4 0.7578125 0.5108506944444444 0.02099609375 0.050347222222222224
6 0.4677734375 0.1558159722222222 0.0224609375 0.033854166666666664
9 0.555419921875 0.2426215277777778 0.0224609375 0.044270833333333336
10 0.28173828125 0.01953125 0.0283203125 0.0390625
11 0.3095703125 0.058159722222222224 0.02392578125 0.03993055555555555
12 0.3505859375 0.1384548611111111 0.02099609375 0.04774305555555555
13 0.648193359375 0.5078125 0.02490234375 0.05555555555555555
14 0.6181640625 0.13411458333333334 0.02392578125 0.04774305555555555
16 0.29931640625 0.10460069444444445 0.02392578125 0.043402777777777776
17 0.2802734375 0.7157118055555556 0.0244140625 0.050347222222222224
19 0.35595703125 0.7625868055555556 0.025390625 0.050347222222222224
21 0.69140625 0.1840277777777778 0.02294921875 0.043402777777777776