0 0.08472079918032784 0.12374772313296901 0.024334016393442626 0.03529143897996355
1 0.4961577868852458 0.029826958105646617 0.02625512295081961 0.03870673952641165
2 0.9181608606557377 0.12033242258652094 0.02113217213114771 0.04439890710382514
3 0.09368596311475408 0.8540528233151186 0.02305327868852458 0.03642987249544621
4 0.49359631147540983 0.9553734061930784 0.0288165983606557 0.03870673952641152
5 0.9031121926229508 0.8751138433515484 0.02689549180327866 0.048952641165756025
6 0.8739754098360657 0.7527322404371586 0.01728995901639352 0.03415300546448089
8 0.3904969262295082 0.18010018214936252 0.023693647540983687 0.036429872495446304
10 0.8253073770491803 0.7396402550091075 0.02113217213114771 0.03529143897996355
11 0.48206967213114754 0.8642987249544628 0.023693647540983576 0.03642987249544621
13 0.8912653688524591 0.805669398907104 0.018570696721311508 0.03073770491803292
14 0.22272028688524587 0.26263661202185795 0.021132172131147597 0.03529143897996355
15 0.7788806352459017 0.4681238615664845 0.019211065573770503 0.04326047358834235
17 0.7990522540983607 0.7453324225865211 0.022412909836065698 0.03529143897996355
18 0.6437628073770493 0.48861566484517294 0.023053278688524692 0.03870673952641172
20 0.8358734631147542 0.5347222222222222 0.01793032786885229 0.039845173041894374