0 0.082275390625 0.1267361111111111 0.0283203125 0.050347222222222224
1 0.498779296875 0.028645833333333332 0.0302734375 0.043402777777777776
2 0.920654296875 0.1271701388888889 0.02880859375 0.046875
3 0.09521484375 0.8528645833333334 0.0263671875 0.04774305555555555
4 0.49462890625 0.9535590277777778 0.029296875 0.042534722222222224
5 0.902099609375 0.8728298611111112 0.02490234375 0.046875
6 0.753662109375 0.19791666666666666 0.0224609375 0.03732638888888889
8 0.394775390625 0.5863715277777778 0.0244140625 0.04513888888888889
10 0.4052734375 0.4565972222222222 0.02490234375 0.050347222222222224
20 0.77685546875 0.5004340277777778 0.0205078125 0.042534722222222224
17 0.890625 0.2960069444444444 0.02001953125 0.036458333333333336