0 0.08247950819672129 0.12716302367941712 0.03393954918032785 0.04212204007285974
1 0.4967981557377049 0.027550091074681222 0.02881659836065581 0.040983606557377046
2 0.920722336065574 0.1260245901639344 0.030097336065573632 0.05806010928961748
3 0.09592725409836063 0.8551912568306013 0.028816598360655726 0.04098360655737703
4 0.49391649590163933 0.9553734061930784 0.02817622950819665 0.03642987249544621
5 0.9040727459016393 0.8739754098360658 0.028816598360655643 0.04895264116575593
8 0.401063012295082 0.2762978142076503 0.02305327868852458 0.039845173041894374
9 0.40394467213114754 0.40949453551912574 0.024974385245901676 0.04212204007285979
10 0.44012551229508196 0.5939207650273224 0.02177254098360648 0.046675774134790515
11 0.5630763319672131 0.7641165755919856 0.02689549180327866 0.04326047358834235
13 0.4071465163934426 0.333219489981785 0.026255122950819665 0.04212204007285979
21 0.4068263319672131 0.5204918032786885 0.02561475409836067 0.04553734061930786