0 0.08536116803278686 0.1294398907103825 0.024334016393442626 0.04439890710382514
1 0.49807889344262296 0.03210382513661201 0.028816598360655754 0.04553734061930784
2 0.9197617827868854 0.12374772313296901 0.02817622950819665 0.05806010928961748
3 0.09432633196721309 0.8534836065573772 0.019211065573770475 0.037568306010928865
4 0.49295594262295084 0.9570810564663024 0.03265881147540983 0.046675774134790515
5 0.9027920081967213 0.8739754098360658 0.023693647540983687 0.04667577413479061
6 0.654328893442623 0.818761384335155 0.019851434426229497 0.04326047358834235
7 0.7795210040983607 0.755009107468124 0.021772540983606703 0.03870673952641172
8 0.7731173155737706 0.48690801457194893 0.023053278688524692 0.039845173041894374
9 0.15996413934426226 0.26434426229508196 0.018570696721311508 0.036429872495446304
10 0.9037525614754099 0.4874772313296903 0.016649590163934302 0.03870673952641172
12 0.7250896516393444 0.6815801457194901 0.02433401639344268 0.037568306010928865
13 0.15484118852459014 0.5580601092896175 0.018570696721311508 0.03642987249544621
14 0.790407274590164 0.8808060109289618 0.02177254098360648 0.03529143897996355
15 0.1602843237704918 0.14367030965391622 0.019211065573770503 0.03187613843351548
18 0.7926485655737706 0.797700364298725 0.01728995901639374 0.03529143897996355
17 0.08760245901639341 0.4823542805100182 0.018570696721311453 0.03529143897996355
19 0.13050717213114751 0.6303506375227687 0.021132172131147542 0.033014571948998234
20 0.635438012295082 0.6582422586520947 0.02433401639344268 0.04326047358834235
21 0.7029969262295082 0.7214253187613845 0.024974385245901676 0.042122040072859884