0 0.081787109375 0.12586805555555555 0.02880859375 0.03993055555555555
1 0.498291015625 0.029079861111111112 0.0283203125 0.042534722222222224
2 0.920654296875 0.12022569444444445 0.0263671875 0.042534722222222224
3 0.09228515625 0.8550347222222222 0.025390625 0.043402777777777776
4 0.49609375 0.9535590277777778 0.02734375 0.03993055555555555
5 0.90771484375 0.8806423611111112 0.0283203125 0.06076388888888889
6 0.19775390625 0.15625 0.0224609375 0.033854166666666664
7 0.798095703125 0.8020833333333334 0.01806640625 0.03732638888888889
8 0.68115234375 0.10894097222222222 0.02099609375 0.044270833333333336
9 0.517822265625 0.3919270833333333 0.02734375 0.04513888888888889
10 0.16455078125 0.3385416666666667 0.02099609375 0.036458333333333336
11 0.39501953125 0.3276909722222222 0.02490234375 0.044270833333333336
12 0.697021484375 0.8784722222222222 0.0244140625 0.03993055555555555
13 0.125 0.3433159722222222 0.02197265625 0.03298611111111111
14 0.85400390625 0.3936631944444444 0.02099609375 0.042534722222222224
15 0.605224609375 0.8797743055555556 0.025390625 0.03993055555555555
16 0.248046875 0.36328125 0.0205078125 0.04079861111111111
17 0.350830078125 0.1076388888888889 0.02490234375 0.044270833333333336
18 0.882080078125 0.8515625 0.0205078125 0.0390625
19 0.776611328125 0.6957465277777778 0.02490234375 0.04079861111111111
20 0.862060546875 0.4361979166666667 0.02197265625 0.04079861111111111
21 0.821533203125 0.8211805555555556 0.02001953125 0.036458333333333336