0 0.0834400614754098 0.12830145719489983 0.030737704918032793 0.046675774134790515
1 0.4964779713114753 0.030396174863387963 0.028176229508196704 0.04439890710382514
2 0.9210425204918032 0.12545537340619306 0.02689549180327888 0.052367941712204
3 0.09272540983606554 0.8557604735883425 0.03009733606557377 0.05122950819672134
4 0.4951972336065573 0.9536657559198544 0.028176229508196704 0.039845173041894576
5 0.9024718237704917 0.8762522768670311 0.02689549180327888 0.04667577413479061
8 0.3014856557377049 0.25352914389799636 0.023693647540983576 0.0443989071038251
9 0.31077100409836067 0.38046448087431695 0.02433401639344257 0.03870673952641162
10 0.3642418032786885 0.5757058287795993 0.026255122950819665 0.03756830601092906
11 0.5400230532786886 0.7669626593806922 0.02433401639344268 0.03984517304189418
13 0.3123719262295082 0.3127276867030966 0.024974385245901676 0.04212204007285969
21 0.31653432377049184 0.4994307832422586 0.02305327868852458 0.042122040072859884