0 0.08215932377049179 0.12431693989071037 0.02305327868852458 0.03870673952641163
1 0.4961577868852458 0.031534608378870656 0.02497438524590162 0.04212204007285974
2 0.9184810450819673 0.11919398907103823 0.025614754098360448 0.039845173041894326
3 0.09304559426229506 0.8523451730418945 0.025614754098360643 0.03073770491803292
4 0.49199538934426235 0.9587887067395263 0.025614754098360726 0.03642987249544621
5 0.9015112704918032 0.8762522768670311 0.023693647540983687 0.03756830601092896
6 0.9117571721311475 0.6314890710382515 0.01857069672131173 0.03529143897996355
8 0.854123975409836 0.3816029143897996 0.018570696721311508 0.03642987249544621
10 0.7017161885245902 0.21823770491803277 0.022412909836065698 0.04212204007285972
12 0.7202868852459017 0.3400500910746812 0.023693647540983687 0.0443989071038251
15 0.49199538934426235 0.8016848816029144 0.020491803278688547 0.04098360655737703
20 0.9123975409836067 0.5705828779599271 0.023693647540983687 0.03870673952641172