0 0.08408043032786883 0.12716302367941712 0.02945696721311475 0.039845173041894326
1 0.498078893442623 0.031534608378870656 0.035220286885245866 0.04439890710382514
2 0.9216828893442623 0.12317850637522769 0.029456967213114638 0.05009107468123862
3 0.09560706967213112 0.8591757741347907 0.02945696721311475 0.05350637522768685
4 0.49455686475409844 0.9570810564663024 0.029456967213114693 0.03984517304189418
5 0.9111168032786886 0.8779599271402552 0.028816598360655643 0.05919854280510014
6 0.2633837090163934 0.13797814207650275 0.021772540983606592 0.03415300546448089
7 0.7996926229508197 0.8022540983606558 0.019851434426229497 0.03529143897996355
8 0.6802638319672131 0.11008652094717666 0.021772540983606703 0.04212204007285974
9 0.5179303278688524 0.3924180327868852 0.022412909836065475 0.04212204007285969
10 0.27298924180327866 0.30703551912568305 0.02433401639344257 0.04212204007285969
11 0.39594006147540983 0.32866575591985425 0.02433401639344268 0.0443989071038251
12 0.6978739754098361 0.8802367941712205 0.023693647540983687 0.03642987249544621
13 0.1253842213114754 0.34061930783242256 0.01985143442622951 0.03415300546448089
14 0.8534836065573771 0.39298724954462666 0.018570696721311508 0.03870673952641172
15 0.6056608606557378 0.8802367941712205 0.024974385245901676 0.03642987249544621
16 0.24833504098360654 0.3650956284153005 0.022412909836065587 0.039845173041894374
17 0.305968237704918 0.27288251366120225 0.022412909836065587 0.03756830601092896
18 0.8810194672131146 0.851775956284153 0.019851434426229497 0.03642987249544621
19 0.7766393442622951 0.6958105646630237 0.021132172131147486 0.04098360655737723
20 0.8608478483606558 0.43795537340619306 0.020491803278688492 0.03756830601092896
21 0.8217853483606558 0.8193306010928963 0.01921106557377028 0.037568306010928865