0 0.08408043032786883 0.1294398907103825 0.026895491803278687 0.0352914389799636
1 0.4974385245901638 0.030965391621129306 0.02625512295081961 0.03642987249544627
2 0.9213627049180328 0.12374772313296901 0.03393954918032782 0.048952641165755914
3 0.0946465163934426 0.8586065573770493 0.03265881147540983 0.04781420765027317
4 0.4951972336065573 0.9587887067395263 0.029456967213114693 0.03870673952641192
5 0.9027920081967213 0.8768214936247722 0.023693647540983687 0.0523679417122039
6 0.7455814549180328 0.37477231329690347 0.023053278688524692 0.043260473588342445
7 0.9008709016393444 0.3878642987249544 0.018570696721311508 0.0443989071038251
8 0.7804815573770493 0.5199225865209471 0.019851434426229497 0.037568306010928865
9 0.08664190573770489 0.4311247723132969 0.02305327868852458 0.033014571948998185
10 0.8317110655737706 0.524476320582878 0.018570696721311508 0.0443989071038252
12 0.8147412909836066 0.5125227686703097 0.01921106557377028 0.04098360655737703
13 0.8086577868852459 0.5540755919854281 0.019851434426229497 0.039845173041894374
15 0.7359759221311476 0.537568306010929 0.020491803278688492 0.03870673952641152
16 0.7996926229508197 0.6161202185792349 0.02113217213114771 0.03642987249544621
17 0.7769595286885246 0.45446265938069214 0.019211065573770503 0.04553734061930786
18 0.8576460040983607 0.6958105646630237 0.02305327868852447 0.03870673952641192
19 0.8515625 0.43624772313296906 0.022412909836065698 0.04098360655737703
20 0.7913678278688524 0.48633879781420764 0.016009221311475308 0.03187613843351558
21 0.8413165983606558 0.49089253187613846 0.021132172131147486 0.03642987249544621