0 0.085693359375 0.12760416666666666 0.03271484375 0.043402777777777776
1 0.497802734375 0.02734375 0.02685546875 0.04079861111111111
2 0.9169921875 0.11848958333333333 0.0263671875 0.050347222222222224
3 0.09423828125 0.8532986111111112 0.02294921875 0.03993055555555555
4 0.49609375 0.9565972222222222 0.02734375 0.043402777777777776
5 0.904052734375 0.8767361111111112 0.02734375 0.04513888888888889
8 0.756103515625 0.18359375 0.0224609375 0.036458333333333336
9 0.444580078125 0.5651041666666666 0.02685546875 0.043402777777777776
10 0.814453125 0.4592013888888889 0.02001953125 0.043402777777777776
11 0.845458984375 0.12890625 0.02197265625 0.036458333333333336
13 0.704833984375 0.12152777777777778 0.02099609375 0.044270833333333336
21 0.723388671875 0.7829861111111112 0.0224609375 0.044270833333333336