0 0.08376024590163933 0.13000910746812386 0.02369364754098363 0.04326047358834243
1 0.4983990778688524 0.030396174863387956 0.029456967213114693 0.03756830601092896
2 0.9197617827868853 0.12147085610200363 0.020491803278688492 0.046675774134790515
3 0.091124487704918 0.8551912568306013 0.030737704918032793 0.04781420765027317
4 0.4945568647540983 0.9576502732240437 0.02561475409836067 0.04553734061930786
5 0.9024718237704917 0.8751138433515484 0.02433401639344246 0.044398907103825005
6 0.6552894467213115 0.8198998178506376 0.02433401639344268 0.04098360655737703
7 0.8160220286885246 0.606443533697632 0.016649590163934302 0.037568306010928865
8 0.772797131147541 0.48633879781420764 0.019851434426229497 0.04098360655737703
9 0.15868340163934425 0.26377504553734066 0.019851434426229497 0.03756830601092896
10 0.7081198770491803 0.18237704918032785 0.021132172131147486 0.04553734061930781
12 0.7222079918032787 0.6810109289617486 0.022412909836065698 0.04098360655737703
13 0.15548155737704916 0.5586293260473588 0.017289959016393464 0.037568306010928865
14 0.7936091188524591 0.8842213114754099 0.020491803278688714 0.03984517304189447
15 0.1602843237704918 0.14537795992714025 0.020491803278688547 0.03529143897996355
17 0.0866419057377049 0.48463114754098363 0.017930327868852458 0.037568306010928865
18 0.791688012295082 0.797700364298725 0.020491803278688714 0.039845173041894374
19 0.130186987704918 0.6303506375227687 0.024334016393442626 0.03529143897996355
20 0.6357581967213115 0.6588114754098361 0.023693647540983687 0.04212204007285969
21 0.7042776639344263 0.7202868852459017 0.023693647540983687 0.039845173041894374