0 0.082763671875 0.1271701388888889 0.02294921875 0.03993055555555555
1 0.496826171875 0.029947916666666668 0.0263671875 0.0390625
2 0.920654296875 0.12586805555555555 0.02392578125 0.044270833333333336
3 0.09228515625 0.8515625 0.0244140625 0.036458333333333336
4 0.49365234375 0.9552951388888888 0.02490234375 0.0390625
5 0.90380859375 0.8784722222222222 0.0244140625 0.051215277777777776
6 0.150390625 0.4887152777777778 0.02001953125 0.036458333333333336
7 0.81689453125 0.6080729166666666 0.0224609375 0.04079861111111111
8 0.7734375 0.4761284722222222 0.02099609375 0.0390625
9 0.740234375 0.5928819444444444 0.0224609375 0.03732638888888889
10 0.656494140625 0.08940972222222222 0.02294921875 0.03993055555555555
12 0.878662109375 0.6623263888888888 0.01904296875 0.03993055555555555
13 0.156494140625 0.5590277777777778 0.01904296875 0.0390625
14 0.793701171875 0.8836805555555556 0.0205078125 0.036458333333333336
15 0.70361328125 0.8020833333333334 0.02392578125 0.03993055555555555
17 0.08740234375 0.4830729166666667 0.0166015625 0.0390625
18 0.807373046875 0.7651909722222222 0.01708984375 0.0390625
19 0.13134765625 0.6258680555555556 0.02197265625 0.035590277777777776
20 0.77734375 0.5243055555555556 0.02001953125 0.03993055555555555
21 0.782470703125 0.8168402777777778 0.0224609375 0.03732638888888889