1 0.766357421875 0.4947916666666667 0.0205078125 0.052083333333333336
4 0.24072265625 0.4887152777777778 0.0205078125 0.051215277777777776
6 0.27978515625 0.2608506944444444 0.01904296875 0.042534722222222224
8 0.614013671875 0.8541666666666666 0.0244140625 0.03732638888888889
10 0.665771484375 0.8342013888888888 0.02197265625 0.0390625
11 0.4248046875 0.9800347222222222 0.0263671875 0.03993055555555555
13 0.70947265625 0.07899305555555555 0.0244140625 0.051215277777777776
14 0.709716796875 0.013454861111111112 0.02001953125 0.026909722222222224
15 0.68310546875 0.9691840277777778 0.02197265625 0.030381944444444444
17 0.400146484375 0.8780381944444444 0.02197265625 0.03993055555555555
18 0.693603515625 0.7426215277777778 0.02392578125 0.046875
21 0.71142578125 0.6714409722222222 0.0244140625 0.050347222222222224