0 0.08279969262295078 0.12773224043715847 0.028176229508196704 0.04781420765027322
1 0.4964779713114754 0.027550091074681222 0.02433401639344268 0.036429872495446255
2 0.9184810450819673 0.12488615664845172 0.025614754098360448 0.05122950819672129
3 0.09496670081967211 0.8608834244080148 0.028176229508196732 0.04326047358834235
4 0.49455686475409844 0.9582194899817852 0.029456967213114693 0.042122040072859884
5 0.9031121926229508 0.8802367941712205 0.02817622950819687 0.04781420765027327
7 0.5313780737704918 0.17270036429872496 0.022412909836065698 0.046675774134790564
8 0.5553919057377049 0.32468123861566484 0.02433401639344268 0.05009107468123868
9 0.7276511270491803 0.4772313296903461 0.02177254098360648 0.04553734061930786
10 0.4196337090163935 0.17839253187613846 0.02305327868852458 0.04212204007285974
11 0.1215420081967213 0.40721766848816027 0.01857069672131148 0.03529143897996355
12 0.9037525614754099 0.29280510018214934 0.016649590163934302 0.04326047358834235
13 0.7321337090163935 0.3986794171220401 0.02561475409836067 0.04326047358834235
14 0.63671875 0.5318761384335154 0.02561475409836067 0.04326047358834254
15 0.8057761270491803 0.5648907103825137 0.019211065573770503 0.04326047358834254
16 0.8237064549180328 0.8477914389799637 0.020491803278688492 0.039845173041894374
17 0.6873078893442623 0.5102459016393442 0.023053278688524692 0.04553734061930786
18 0.6642546106557377 0.6895491803278688 0.02561475409836067 0.037568306010928865
19 0.7305327868852459 0.7237021857923498 0.021132172131147486 0.03756830601092906
20 0.7094006147540983 0.5039845173041894 0.023693647540983687 0.03529143897996355
21 0.7603099385245902 0.5694444444444444 0.020491803278688492 0.03870673952641172