0 0.08251953125 0.1267361111111111 0.02734375 0.036458333333333336
1 0.498779296875 0.035590277777777776 0.0302734375 0.04513888888888889
2 0.920654296875 0.12196180555555555 0.0263671875 0.050347222222222224
3 0.095947265625 0.8576388888888888 0.02880859375 0.04513888888888889
4 0.4951171875 0.9552951388888888 0.0283203125 0.04513888888888889
5 0.90283203125 0.8767361111111112 0.02392578125 0.04774305555555555
6 0.470458984375 0.028211805555555556 0.02734375 0.03993055555555555
8 0.686767578125 0.5694444444444444 0.02294921875 0.04079861111111111
10 0.8955078125 0.14149305555555555 0.01806640625 0.04079861111111111
12 0.695068359375 0.6111111111111112 0.02685546875 0.042534722222222224
15 0.860107421875 0.16883680555555555 0.01513671875 0.033854166666666664
16 0.17236328125 0.8381076388888888 0.02197265625 0.033854166666666664
17 0.841064453125 0.8420138888888888 0.0166015625 0.03993055555555555
20 0.913330078125 0.22786458333333334 0.01904296875 0.043402777777777776
21 0.38818359375 0.3572048611111111 0.0283203125 0.042534722222222224