0 0.080810546875 0.1306423611111111 0.029296875 0.03732638888888889
1 0.49560546875 0.03211805555555555 0.02490234375 0.04513888888888889
2 0.919677734375 0.1254340277777778 0.0283203125 0.04774305555555555
3 0.09814453125 0.8550347222222222 0.03076171875 0.033854166666666664
4 0.493896484375 0.95703125 0.02685546875 0.042534722222222224
5 0.90283203125 0.875 0.02490234375 0.042534722222222224
6 0.544921875 0.4969618055555556 0.02392578125 0.044270833333333336
8 0.763916015625 0.83203125 0.0185546875 0.03732638888888889
10 0.690185546875 0.7174479166666666 0.02099609375 0.0390625
12 0.789794921875 0.6571180555555556 0.0205078125 0.04079861111111111
13 0.693359375 0.6276041666666666 0.0224609375 0.0390625
20 0.423583984375 0.8741319444444444 0.0205078125 0.03993055555555555
21 0.755859375 0.8758680555555556 0.02294921875 0.036458333333333336