0 0.08247950819672129 0.1317167577413479 0.028816598360655726 0.039845173041894374
2 0.9210425204918032 0.12716302367941712 0.02817622950819665 0.046675774134790515
3 0.0946465163934426 0.8574681238615667 0.037781762295081955 0.05919854280510014
4 0.49295594262295084 0.9570810564663024 0.026255122950819665 0.03984517304189418
5 0.9079149590163933 0.8802367941712205 0.027535860655737654 0.0523679417122039
6 0.7907274590163935 0.5603369763205829 0.021132172131147486 0.04098360655737703
7 0.5838883196721312 0.11805555555555552 0.022412909836065698 0.04439890710382514
8 0.772797131147541 0.5056921675774135 0.019851434426229497 0.04326047358834235
9 0.7500640368852459 0.1470856102003643 0.023053278688524692 0.04553734061930786
10 0.712282274590164 0.7931466302367942 0.02561475409836067 0.039845173041894374
12 0.8871029713114755 0.8204690346083789 0.016649590163934525 0.03529143897996355
13 0.21983862704918034 0.8272996357012751 0.024334016393442626 0.03529143897996355
14 0.7654328893442623 0.8773907103825138 0.020491803278688492 0.037568306010928865
15 0.7209272540983607 0.4874772313296903 0.022412909836065475 0.04553734061930786
16 0.8899846311475411 0.22108378870673953 0.01728995901639352 0.04326047358834249
17 0.08568135245901637 0.48292349726775957 0.021132172131147542 0.03187613843351558
18 0.8044953893442623 0.7806238615664847 0.01921106557377028 0.03984517304189418
19 0.13082735655737704 0.6275045537340619 0.020491803278688506 0.03870673952641172
20 0.6351178278688524 0.6610883424408015 0.026255122950819665 0.0443989071038252
21 0.6802638319672131 0.7567167577413482 0.02561475409836067 0.0443989071038252