0 0.08154296875 0.1254340277777778 0.0283203125 0.04513888888888889
1 0.49560546875 0.029947916666666668 0.03271484375 0.043402777777777776
2 0.920654296875 0.1232638888888889 0.02490234375 0.04774305555555555
3 0.09521484375 0.8532986111111112 0.03271484375 0.044270833333333336
4 0.49560546875 0.95703125 0.02734375 0.03993055555555555
5 0.90380859375 0.8763020833333334 0.03076171875 0.05555555555555555
6 0.11376953125 0.4340277777777778 0.02001953125 0.036458333333333336
12 0.1083984375 0.29296875 0.02197265625 0.03211805555555555
15 0.43310546875 0.7743055555555556 0.0244140625 0.0390625
17 0.701171875 0.1323784722222222 0.02099609375 0.04513888888888889
20 0.22314453125 0.43359375 0.02197265625 0.03732638888888889