1 0.237060546875 0.5108506944444444 0.0185546875 0.04513888888888889
4 0.7548828125 0.5112847222222222 0.02197265625 0.051215277777777776
6 0.257080078125 0.4778645833333333 0.02001953125 0.04079861111111111
8 0.728515625 0.4483506944444444 0.0205078125 0.043402777777777776
9 0.500732421875 0.4366319444444444 0.02294921875 0.043402777777777776
10 0.277099609375 0.20616319444444445 0.02294921875 0.044270833333333336
11 0.33154296875 0.062065972222222224 0.02294921875 0.0390625
14 0.4658203125 0.6788194444444444 0.02392578125 0.042534722222222224
15 0.501220703125 0.3211805555555556 0.02294921875 0.03993055555555555
16 0.70751953125 0.8580729166666666 0.0205078125 0.04079861111111111
17 0.299072265625 0.006076388888888889 0.02392578125 0.012152777777777778
18 0.298583984375 0.7052951388888888 0.02392578125 0.043402777777777776
19 0.623046875 0.20182291666666666 0.0244140625 0.046875