0 0.0831198770491803 0.1260245901639344 0.02753586065573771 0.04212204007285974
1 0.49391649590163933 0.030396174863387963 0.02817622950819665 0.04439890710382514
2 0.9178406762295084 0.12204007285974498 0.02561475409836067 0.04326047358834243
3 0.09208504098360654 0.8523451730418945 0.021132172131147542 0.03529143897996355
4 0.4971183401639344 0.9508196721311477 0.02689549180327866 0.03642987249544621
5 0.9018314549180328 0.8751138433515484 0.02561475409836067 0.04212204007285969
6 0.9063140368852459 0.5011384335154827 0.015368852459016313 0.03642987249544621
9 0.6264728483606558 0.6092896174863388 0.02561475409836067 0.04553734061930786
10 0.639280225409836 0.8705601092896176 0.02433401639344268 0.039845173041894374
11 0.7247694672131149 0.36737249544626593 0.021132172131147486 0.04212204007285969
12 0.8614882172131146 0.3719262295081967 0.02177254098360648 0.03756830601092896
20 0.8787781762295084 0.8039617486338799 0.019211065573770503 0.03415300546448089