0 0.08151895491803277 0.1260245901639344 0.026895491803278715 0.039845173041894326
1 0.49615778688524587 0.028688524590163918 0.027535860655737765 0.038706739526411654
2 0.9194415983606558 0.12488615664845172 0.022412909836065698 0.04212204007285974
3 0.09176485655737703 0.8557604735883425 0.021772540983606564 0.037568306010928865
4 0.49359631147540983 0.9536657559198543 0.0300973360655738 0.037568306010928865
5 0.9027920081967213 0.8762522768670311 0.027535860655737654 0.04667577413479061
6 0.5566726434426229 0.19262295081967212 0.02305327868852447 0.03870673952641162
7 0.9117571721311475 0.6155510018214936 0.016009221311475308 0.04212204007285969
8 0.6149462090163935 0.8039617486338799 0.021772540983606703 0.04326047358834254
9 0.5336193647540984 0.5005692167577414 0.02433401639344268 0.048952641165756025
10 0.6267930327868853 0.18180783242258652 0.022412909836065475 0.03756830601092901
11 0.7695952868852459 0.12147085610200363 0.019851434426229497 0.04212204007285974
12 0.8544441598360657 0.7903005464480874 0.02177254098360648 0.03642987249544621
13 0.8544441598360657 0.44421675774134795 0.020491803278688492 0.03642987249544621
14 0.45709528688524587 0.6491347905282332 0.024974385245901676 0.04098360655737703
15 0.6104636270491803 0.6394581056466303 0.02561475409836067 0.046675774134790515
16 0.3988217213114754 0.5905054644808744 0.024974385245901676 0.046675774134790515
17 0.7926485655737706 0.16814663023679416 0.018570696721311508 0.033014571948998234
18 0.4839907786885245 0.18180783242258652 0.026255122950819665 0.039845173041894374
19 0.6728995901639344 0.7180100182149363 0.026255122950819665 0.0443989071038252
20 0.2742699795081967 0.7168715846994537 0.020491803278688492 0.039845173041894576
21 0.7891265368852459 0.83356102003643 0.021772540983606703 0.03642987249544621