0 0.08600153688524587 0.1283014571948998 0.025614754098360643 0.033014571948998185
1 0.4948770491803279 0.03096539162112931 0.030097336065573743 0.04781420765027322
2 0.9184810450819673 0.11691712204007285 0.02305327868852447 0.04212204007285974
3 0.09208504098360654 0.8523451730418945 0.023693647540983603 0.04212204007285969
4 0.4951972336065573 0.9508196721311477 0.023053278688524637 0.04326047358834254
5 0.9018314549180328 0.8722677595628416 0.02817622950819687 0.04553734061930786
6 0.7369364754098361 0.23645264116575593 0.022412909836065698 0.046675774134790515
7 0.7238089139344263 0.8244535519125685 0.02177254098360648 0.03870673952641172
8 0.9069544057377048 0.6867030965391622 0.019211065573770503 0.03642987249544621
10 0.5819672131147541 0.1260245901639344 0.022412909836065698 0.04212204007285974
12 0.7206070696721312 0.33948087431693985 0.02305327868852447 0.04098360655737703
15 0.7872054303278689 0.41006375227686703 0.02561475409836067 0.04098360655737703
17 0.8694928278688526 0.7441939890710384 0.019851434426229497 0.033014571948998234
19 0.8157018442622951 0.5216302367941712 0.01985143442622972 0.04098360655737703
20 0.9149590163934427 0.5802595628415301 0.016009221311475308 0.039845173041894374