0 0.082763671875 0.1293402777777778 0.03076171875 0.03993055555555555
1 0.49658203125 0.026909722222222224 0.033203125 0.042534722222222224
2 0.92041015625 0.12413194444444445 0.02685546875 0.050347222222222224
3 0.094970703125 0.8563368055555556 0.029296875 0.043402777777777776
4 0.49560546875 0.9574652777777778 0.03125 0.04774305555555555
5 0.902587890625 0.8745659722222222 0.0283203125 0.059027777777777776
6 0.55859375 0.3259548611111111 0.025390625 0.043402777777777776
7 0.862548828125 0.1332465277777778 0.0185546875 0.036458333333333336
8 0.1279296875 0.1970486111111111 0.02099609375 0.03211805555555555
10 0.82958984375 0.2808159722222222 0.01904296875 0.044270833333333336
12 0.917236328125 0.4236111111111111 0.0205078125 0.036458333333333336
15 0.7978515625 0.8177083333333334 0.0224609375 0.0390625
16 0.17236328125 0.8394097222222222 0.02197265625 0.036458333333333336
17 0.85546875 0.1918402777777778 0.02001953125 0.035590277777777776
20 0.85791015625 0.3368055555555556 0.01708984375 0.03993055555555555
21 0.88037109375 0.4522569444444444 0.02001953125 0.036458333333333336