0 0.08376024590163932 0.12773224043715847 0.031378073770491816 0.04781420765027322
1 0.4964779713114754 0.027550091074681222 0.02945696721311486 0.036429872495446255
2 0.9242443647540984 0.12204007285974498 0.034579918032786816 0.04326047358834243
3 0.09240522540983603 0.8557604735883425 0.025614754098360643 0.046675774134790515
4 0.49551741803278687 0.9587887067395263 0.026255122950819776 0.04553734061930786
5 0.9031121926229511 0.8768214936247725 0.02561475409836067 0.04553734061930786
6 0.31685450819672134 0.3115892531876138 0.023693647540983576 0.04212204007285969
7 0.8637295081967213 0.13513205828779598 0.018570696721311508 0.033014571948998185
8 0.6815445696721312 0.10951730418943532 0.02561475409836067 0.04553734061930784
10 0.13306864754098358 0.795992714025501 0.017289959016393422 0.03187613843351558
11 0.4644595286885245 0.4129098360655738 0.02433401639344257 0.046675774134790515
12 0.697873975409836 0.8790983606557379 0.024974385245901676 0.04098360655737703
14 0.8538037909836066 0.36566484517304193 0.016649590163934302 0.04098360655737703
15 0.6639344262295083 0.7857468123861568 0.022412909836065698 0.04098360655737703
16 0.24769467213114754 0.3650956284153005 0.022412909836065587 0.0443989071038251
17 0.7827228483606558 0.2677595628415301 0.020491803278688492 0.043260473588342445
19 0.7779200819672131 0.6958105646630238 0.022412909836065475 0.03642987249544641
20 0.8582863729508197 0.4288479052823315 0.020491803278688492 0.03756830601092896
21 0.8624487704918032 0.4630009107468124 0.024974385245901676 0.03529143897996355