0 0.08087858606557374 0.12773224043715847 0.03201844262295081 0.04098360655737703
1 0.49551741803278687 0.032103825136612 0.030097336065573743 0.03870673952641167
2 0.9184810450819673 0.12317850637522769 0.025614754098360448 0.04553734061930781
3 0.09720799180327866 0.8694216757741349 0.03650102459016394 0.033014571948998234
4 0.49391649590163933 0.9570810564663024 0.02689549180327866 0.0443989071038252
5 0.9053534836065573 0.8773907103825138 0.026255122950819665 0.04895264116575583
6 0.5870901639344263 0.447632058287796 0.023693647540983687 0.04098360655737703
7 0.8374743852459017 0.2421448087431694 0.01728995901639352 0.03756830601092906
8 0.5297771516393442 0.9081284153005466 0.03201844262295084 0.03984517304189447
9 0.5041623975409836 0.5318761384335154 0.02689549180327866 0.04098360655737703
10 0.6639344262295083 0.10496357012750453 0.023693647540983687 0.03870673952641167
11 0.7465420081967213 0.2028688524590164 0.023693647540983687 0.05236794171220405
12 0.8272284836065573 0.8307149362477232 0.023693647540983687 0.04212204007285969
13 0.8221055327868854 0.4453551912568306 0.02113217213114771 0.04098360655737703
14 0.3994620901639344 0.44023224043715836 0.022412909836065587 0.04895264116575593
16 0.2982838114754098 0.8694216757741349 0.027535860655737654 0.03529143897996355
17 0.7840035860655737 0.14253187613843352 0.02561475409836067 0.04781420765027322
18 0.3853739754098361 0.13911657559198543 0.023693647540983687 0.04098360655737708
19 0.6696977459016393 0.7197176684881604 0.028816598360655643 0.04781420765027317
20 0.08984374999999997 0.39127959927140255 0.021772540983606536 0.033014571948998137
21 0.794249487704918 0.8472222222222222 0.021772540983606703 0.04781420765027337