0 0.08440061475409832 0.12830145719489983 0.037781762295081955 0.048952641165755914
1 0.4967981557377049 0.029826958105646617 0.0300973360655738 0.040983606557377046
2 0.9175204918032787 0.12260928961748634 0.026255122950819665 0.046675774134790515
3 0.09560706967213112 0.859744990892532 0.030737704918032793 0.04553734061930786
4 0.4951972336065573 0.9513888888888888 0.030737704918032682 0.037568306010928865
5 0.9037525614754099 0.8785291438979965 0.03073770491803285 0.04667577413479061
6 0.8243468237704917 0.19888433515482695 0.020491803278688492 0.0443989071038251
7 0.8419569672131149 0.2410063752276867 0.018570696721311508 0.048952641165756004
8 0.5288165983606558 0.9052823315118399 0.023693647540983687 0.03870673952641152
9 0.5044825819672131 0.5330145719489982 0.026255122950819665 0.03870673952641152
10 0.6639344262295082 0.10610200364298725 0.024974385245901676 0.04326047358834247
11 0.7459016393442623 0.20229963570127507 0.021132172131147486 0.039845173041894326
12 0.8265881147540984 0.8307149362477232 0.02113217213114771 0.03529143897996355
13 0.8221055327868853 0.4419398907103824 0.022412909836065698 0.040983606557376984
14 0.3988217213114754 0.43966302367941723 0.024974385245901676 0.036429872495446255
16 0.2976434426229508 0.8699908925318761 0.021132172131147486 0.03870673952641152
17 0.7846439549180328 0.14423952641165755 0.020491803278688492 0.04212204007285974
18 0.38505379098360654 0.13968579234972675 0.02433401639344268 0.03756830601092896
19 0.6671362704918034 0.7197176684881604 0.023693647540983687 0.04326047358834254
20 0.08888319672131145 0.3884335154826959 0.019851434426229497 0.03642987249544621
21 0.7939293032786886 0.848360655737705 0.017289959016393297 0.03415300546448089