0 0.0834400614754098 0.13057832422586518 0.03201844262295081 0.03984517304189436
1 0.4971183401639344 0.029826958105646617 0.03073770491803285 0.043260473588342445
2 0.9226434426229508 0.12204007285974498 0.027535860655737654 0.038706739526411654
3 0.09496670081967211 0.8603142076502733 0.02945696721311475 0.05122950819672134
4 0.4958376024590164 0.9559426229508197 0.028176229508196704 0.042122040072859884
5 0.9047131147540984 0.8785291438979965 0.024974385245901676 0.04212204007285979
6 0.2156762295081967 0.8125 0.021132172131147542 0.03529143897996355
20 0.7651127049180328 0.490323315118397 0.016009221311475308 0.0443989071038252
7 0.7990522540983607 0.4521857923497267 0.019851434426229497 0.03415300546448084
8 0.7817622950819673 0.4334016393442623 0.019851434426229497 0.0352914389799636
9 0.7817622950819673 0.5125227686703097 0.01600922131147553 0.04326047358834235
10 0.7958504098360657 0.5318761384335154 0.018570696721311508 0.03870673952641172
11 0.7638319672131147 0.45104735883424407 0.01728995901639352 0.04098360655737703
12 0.7801613729508197 0.5483834244080146 0.019211065573770503 0.039845173041894374
13 0.7804815573770493 0.4732468123861567 0.021132172131147486 0.037568306010928865
14 0.7984118852459017 0.49373861566484517 0.019851434426229497 0.03529143897996355
15 0.7977715163934426 0.4134790528233151 0.022412909836065475 0.04098360655737703
16 0.7468621926229508 0.5119535519125683 0.020491803278688492 0.037568306010928865
17 0.7475025614754098 0.4698315118397086 0.020491803278688492 0.037568306010928865
18 0.795530225409836 0.5711520947176685 0.020491803278688492 0.039845173041894374
19 0.729892418032787 0.4880464480874317 0.021132172131147486 0.039845173041894374
21 0.7638319672131149 0.5347222222222222 0.021132172131147486 0.039845173041894374