0 0.081787109375 0.1271701388888889 0.0302734375 0.04861111111111111
1 0.49658203125 0.028645833333333332 0.02685546875 0.04079861111111111
2 0.92041015625 0.11762152777777778 0.025390625 0.0546875
3 0.0966796875 0.8515625 0.02734375 0.04513888888888889
4 0.495849609375 0.9518229166666666 0.0283203125 0.043402777777777776
5 0.90380859375 0.8767361111111112 0.0283203125 0.050347222222222224
8 0.256591796875 0.7591145833333334 0.0263671875 0.03993055555555555
9 0.205810546875 0.11458333333333333 0.02294921875 0.03993055555555555
10 0.088134765625 0.5603298611111112 0.02099609375 0.04079861111111111
11 0.50927734375 0.8962673611111112 0.029296875 0.043402777777777776
13 0.275634765625 0.1801215277777778 0.02197265625 0.043402777777777776
21 0.11767578125 0.2222222222222222 0.02001953125 0.033854166666666664