0 0.08642578125 0.1267361111111111 0.03125 0.036458333333333336
1 0.49658203125 0.028211805555555556 0.025390625 0.035590277777777776
2 0.920166015625 0.12022569444444445 0.02392578125 0.044270833333333336
3 0.09716796875 0.8576388888888888 0.0263671875 0.04774305555555555
4 0.49560546875 0.9526909722222222 0.0263671875 0.035590277777777776
5 0.900634765625 0.8723958333333334 0.02197265625 0.050347222222222224
6 0.772705078125 0.7209201388888888 0.0224609375 0.0390625
7 0.715576171875 0.8259548611111112 0.02197265625 0.03732638888888889
8 0.890869140625 0.6497395833333334 0.01806640625 0.042534722222222224
9 0.70751953125 0.4848090277777778 0.0224609375 0.042534722222222224
10 0.203857421875 0.3532986111111111 0.02197265625 0.0390625
11 0.80126953125 0.2204861111111111 0.0205078125 0.044270833333333336
12 0.89453125 0.5130208333333334 0.01708984375 0.03993055555555555
14 0.741455078125 0.8233506944444444 0.0224609375 0.033854166666666664
15 0.7568359375 0.4088541666666667 0.02392578125 0.04079861111111111
16 0.559814453125 0.8849826388888888 0.025390625 0.033854166666666664
17 0.084716796875 0.3667534722222222 0.02294921875 0.033854166666666664
19 0.338623046875 0.7452256944444444 0.0224609375 0.03732638888888889
20 0.8271484375 0.6258680555555556 0.0224609375 0.03993055555555555