0 0.08279969262295078 0.12488615664845172 0.030737704918032793 0.048952641165755914
1 0.4971183401639344 0.030396174863387963 0.03073770491803285 0.04212204007285974
2 0.9204021516393444 0.12204007285974498 0.02689549180327866 0.05009107468123862
3 0.09400614754098358 0.8551912568306013 0.026255122950819665 0.04098360655737703
4 0.4948770491803279 0.9593579234972679 0.028816598360655754 0.039845173041894576
5 0.9040727459016393 0.8773907103825138 0.024974385245901676 0.05806010928961748
8 0.5714011270491803 0.12716302367941712 0.02561475409836067 0.04212204007285974
9 0.4919953893442623 0.15163934426229508 0.02433401639344257 0.043260473588342445
10 0.20254866803278687 0.4795081967213115 0.02817622950819676 0.04098360655737703
11 0.7644723360655737 0.4453551912568306 0.023693647540983687 0.04553734061930786
13 0.501280737704918 0.09927140255009105 0.02369364754098363 0.03870673952641167
21 0.36616290983606553 0.36794171220400723 0.024974385245901676 0.043260473588342445