0 0.0830078125 0.1271701388888889 0.0341796875 0.044270833333333336
1 0.497802734375 0.029079861111111112 0.0244140625 0.03993055555555555
2 0.91845703125 0.11979166666666667 0.02294921875 0.04513888888888889
3 0.09228515625 0.8532986111111112 0.02294921875 0.03993055555555555
4 0.494873046875 0.9557291666666666 0.02490234375 0.042534722222222224
5 0.902587890625 0.8776041666666666 0.0322265625 0.051215277777777776
6 0.355224609375 0.79296875 0.0224609375 0.03993055555555555
7 0.863037109375 0.1349826388888889 0.01708984375 0.03298611111111111
8 0.681640625 0.10894097222222222 0.02294921875 0.03993055555555555
10 0.150390625 0.8168402777777778 0.0185546875 0.03298611111111111
12 0.697021484375 0.8784722222222222 0.02294921875 0.035590277777777776
14 0.85498046875 0.3684895833333333 0.01904296875 0.03298611111111111
15 0.665283203125 0.7864583333333334 0.02392578125 0.03732638888888889
16 0.118896484375 0.8246527777777778 0.02392578125 0.03211805555555555
17 0.78271484375 0.2703993055555556 0.02197265625 0.042534722222222224
20 0.8583984375 0.4266493055555556 0.01806640625 0.03298611111111111
21 0.863037109375 0.46484375 0.0185546875 0.033854166666666664