0 0.08728227459016391 0.1260245901639344 0.030737704918032793 0.039845173041894326
1 0.4961577868852458 0.02811930783242257 0.03137807377049179 0.04667577413479053
2 0.9210425204918032 0.12204007285974498 0.02049180327868827 0.04326047358834243
3 0.09272540983606554 0.8529143897996359 0.023693647540983603 0.03642987249544621
4 0.4932761270491803 0.9559426229508199 0.02433401639344257 0.037568306010928865
5 0.9034323770491803 0.8762522768670311 0.024974385245901676 0.04667577413479061
6 0.3629610655737705 0.30362021857923494 0.024974385245901676 0.0443989071038251
8 0.16252561475409832 0.6201047358834244 0.021132172131147542 0.042122040072859884
10 0.8208247950819673 0.4100637522768669 0.022412909836065698 0.04781420765027327
13 0.16700819672131145 0.30362021857923494 0.021132172131147542 0.039845173041894374
17 0.734375 0.32866575591985425 0.022412909836065698 0.0443989071038251
18 0.6997950819672131 0.49829234972677594 0.023693647540983687 0.04212204007285969
20 0.7769595286885247 0.4977231329690346 0.02177254098360648 0.04098360655737703