0 0.08504098360655735 0.12374772313296901 0.028816598360655726 0.04212204007285974
1 0.4967981557377049 0.026980874316939876 0.02881659836065581 0.03756830601092896
2 0.9223232581967213 0.12147085610200363 0.03073770491803285 0.05578324225865208
3 0.09368596311475408 0.8500683060109292 0.028176229508196704 0.04895264116575583
4 0.49359631147540983 0.9570810564663024 0.0300973360655738 0.03984517304189418
5 0.9040727459016393 0.8705601092896175 0.026255122950819665 0.04667577413479042
8 0.42283555327868855 0.10610200364298722 0.02689549180327877 0.04553734061930784
9 0.3668032786885246 0.1937613843351548 0.023693647540983576 0.043260473588342445
10 0.18269723360655737 0.4800774134790528 0.02305327868852458 0.04212204007285969
11 0.21279456967213115 0.8068078324225866 0.02305327868852458 0.039845173041894374
13 0.37032530737704916 0.12204007285974498 0.02561475409836067 0.04326047358834243
21 0.2973232581967213 0.385587431693989 0.02561475409836067 0.04212204007285969