0 0.08952356557377046 0.135132058287796 0.03393954918032788 0.05122950819672129
1 0.4977587090163934 0.029826958105646617 0.03073770491803285 0.03870673952641165
2 0.9188012295081969 0.12090163934426228 0.023693647540983687 0.05009107468123862
3 0.09304559426229506 0.8551912568306013 0.03201844262295081 0.05009107468123868
4 0.4945568647540983 0.9553734061930784 0.02689549180327866 0.03415300546448089
5 0.9079149590163935 0.8773907103825137 0.028816598360655643 0.04212204007285969
6 0.5384221311475409 0.6400273224043715 0.026255122950819665 0.04098360655737703
7 0.6168673155737706 0.38387978142076506 0.023053278688524692 0.04098360655737703
8 0.8157018442622951 0.5819672131147541 0.021132172131147486 0.04326047358834235
9 0.600217725409836 0.8910519125683061 0.029456967213114638 0.037568306010928865
10 0.8563652663934427 0.5415528233151183 0.020491803278688492 0.039845173041894374
11 0.7699154713114754 0.6320582877959926 0.02177254098360648 0.04326047358834254
12 0.5336193647540983 0.5796903460837888 0.02689549180327866 0.04326047358834235
13 0.8650102459016393 0.4880464480874317 0.021132172131147486 0.039845173041894374
14 0.5838883196721312 0.17099271402550087 0.023693647540983687 0.03870673952641167
15 0.7631915983606558 0.26662112932604737 0.023693647540983687 0.04098360655737703
16 0.5746029713114754 0.9047131147540985 0.020491803278688492 0.037568306010928865
17 0.7039574795081966 0.5597677595628414 0.023053278688524692 0.039845173041894374
18 0.71484375 0.8176229508196723 0.02177254098360648 0.04326047358834254
19 0.4314805327868852 0.6741803278688524 0.022412909836065475 0.03870673952641152
20 0.6943519467213115 0.4607240437158471 0.02305327868852447 0.039845173041894374
21 0.6495261270491803 0.8574681238615667 0.023053278688524692 0.03642987249544621