0 0.0792776639344262 0.12830145719489983 0.035220286885245894 0.048952641165755914
1 0.4977587090163935 0.030396174863387963 0.029456967213114693 0.039845173041894354
2 0.9194415983606558 0.12545537340619306 0.030097336065573854 0.04326047358834243
3 0.0988089139344262 0.8551912568306013 0.02561475409836067 0.04781420765027317
4 0.4948770491803279 0.9587887067395263 0.030097336065573743 0.04098360655737723
5 0.9027920081967213 0.8739754098360657 0.024974385245901676 0.05350637522768675
8 0.1458760245901639 0.7345173041894354 0.02497438524590162 0.03870673952641152
9 0.11513831967213113 0.19546903460837883 0.02113217213114757 0.03756830601092891
10 0.6825051229508197 0.692964480874317 0.027535860655737654 0.0443989071038252
11 0.5307377049180328 0.8961748633879782 0.028816598360655643 0.04553734061930786
13 0.12826588114754098 0.35541894353369763 0.024334016393442626 0.04098360655737703
21 0.19006147540983603 0.252959927140255 0.024974385245901676 0.04098360655737703