0 0.08151895491803277 0.12374772313296901 0.028176229508196732 0.03756830601092895
1 0.498719262295082 0.025842440801457183 0.030097336065573854 0.04212204007285974
2 0.9213627049180328 0.12260928961748634 0.027535860655737654 0.046675774134790515
3 0.09208504098360654 0.8580373406193078 0.026255122950819665 0.0443989071038252
4 0.49359631147540983 0.9570810564663026 0.0288165983606557 0.042122040072859884
5 0.9043929303278688 0.8779599271402552 0.02817622950819665 0.05464480874316951
6 0.33670594262295084 0.7470400728597449 0.023693647540983576 0.04098360655737703
7 0.8640496926229508 0.13456284153005466 0.017930327868852514 0.036429872495446255
8 0.6812243852459017 0.11008652094717666 0.026255122950819665 0.04212204007285974
10 0.1333888319672131 0.795992714025501 0.01921106557377049 0.03415300546448089
11 0.3972207991803278 0.3280965391621129 0.02433401639344257 0.043260473588342445
12 0.6972336065573771 0.8796675774134791 0.022412909836065475 0.04212204007285979
14 0.8544441598360657 0.36794171220400723 0.016649590163934302 0.04098360655737703
15 0.6658555327868853 0.7857468123861567 0.024974385245901676 0.04326047358834254
16 0.247374487704918 0.3650956284153005 0.021772540983606592 0.039845173041894374
17 0.6901895491803279 0.2586520947176685 0.023693647540983687 0.043260473588342445
19 0.7769595286885246 0.694672131147541 0.019211065573770503 0.03870673952641192
20 0.8582863729508197 0.4277094717668488 0.020491803278688492 0.03756830601092901
21 0.8634093237704917 0.4647085610200363 0.02177254098360648 0.03642987249544621