0 0.08376024590163932 0.12260928961748634 0.02753586065573771 0.03756830601092895
1 0.496798155737705 0.028688524590163918 0.02497438524590173 0.04326047358834243
2 0.9181608606557378 0.12659380692167577 0.024974385245901676 0.052367941712204
3 0.09208504098360654 0.8586065573770493 0.02753586065573771 0.03642987249544621
4 0.49391649590163933 0.956511839708561 0.02817622950819665 0.03642987249544621
5 0.9066342213114755 0.8785291438979965 0.024974385245901676 0.03984517304189428
6 0.7971311475409837 0.2256375227686703 0.018570696721311508 0.036429872495446304
8 0.9139984631147542 0.23645264116575593 0.020491803278688492 0.033014571948998137
9 0.850922131147541 0.22506830601092898 0.018570696721311508 0.0398451730418944
10 0.7500640368852459 0.1527777777777778 0.023053278688524692 0.04098360655737708
11 0.751344774590164 0.6793032786885246 0.02177254098360648 0.03529143897996355
14 0.749423668032787 0.39298724954462666 0.023053278688524692 0.04553734061930776
15 0.9091956967213115 0.5546448087431695 0.01600922131147553 0.03187613843351558
16 0.7196465163934427 0.49715391621129323 0.021132172131147486 0.039845173041894374
20 0.7856045081967213 0.7117486338797815 0.019851434426229497 0.04098360655737723
21 0.8947873975409837 0.818761384335155 0.016649590163934302 0.03415300546448089