0 0.0849609375 0.12890625 0.02734375 0.043402777777777776
1 0.497802734375 0.03211805555555555 0.0244140625 0.043402777777777776
2 0.920166015625 0.12586805555555555 0.02392578125 0.046875
3 0.09326171875 0.8541666666666666 0.02392578125 0.033854166666666664
4 0.4951171875 0.9574652777777778 0.025390625 0.043402777777777776
5 0.90185546875 0.8728298611111112 0.0283203125 0.046875
7 0.552490234375 0.2165798611111111 0.02490234375 0.04079861111111111
8 0.66552734375 0.24739583333333334 0.0205078125 0.043402777777777776
9 0.7294921875 0.4774305555555556 0.02294921875 0.04513888888888889
10 0.474365234375 0.1323784722222222 0.0224609375 0.04079861111111111
11 0.199462890625 0.546875 0.02197265625 0.04079861111111111
12 0.91259765625 0.3203125 0.01904296875 0.0390625
13 0.732666015625 0.3980034722222222 0.02197265625 0.044270833333333336
14 0.636962890625 0.5316840277777778 0.02392578125 0.043402777777777776
15 0.80126953125 0.5638020833333334 0.01806640625 0.036458333333333336
16 0.850341796875 0.8658854166666666 0.01708984375 0.030381944444444444
17 0.689208984375 0.5091145833333334 0.025390625 0.043402777777777776
18 0.664794921875 0.6844618055555556 0.025390625 0.043402777777777776
19 0.72900390625 0.7152777777777778 0.02197265625 0.036458333333333336
20 0.710693359375 0.5056423611111112 0.0224609375 0.043402777777777776
21 0.759033203125 0.5724826388888888 0.02197265625 0.051215277777777776