0 0.08279969262295078 0.12659380692167577 0.02945696721311475 0.03187613843351548
1 0.49615778688524587 0.027550091074681222 0.027535860655737765 0.03415300546448087
2 0.9175204918032787 0.12204007285974498 0.022412909836065698 0.052367941712204
3 0.09496670081967211 0.8580373406193078 0.03201844262295081 0.04212204007285969
4 0.4932761270491803 0.9582194899817852 0.02945696721311475 0.042122040072859884
5 0.9018314549180328 0.8751138433515484 0.02305327868852447 0.044398907103825005
6 0.10585297131147538 0.200591985428051 0.019211065573770503 0.027322404371584657
7 0.8627689549180328 0.19319216757741348 0.017930327868852514 0.039845173041894374
8 0.8028944672131149 0.11520947176684879 0.018570696721311508 0.038706739526411654
9 0.8499615778688526 0.226775956284153 0.019211065573770503 0.038706739526411696
10 0.7491034836065573 0.15448542805100182 0.018570696721311508 0.039845173041894374
11 0.7500640368852459 0.6810109289617486 0.02433401639344268 0.04098360655737703
14 0.8855020491803279 0.2751593806921676 0.017289959016393297 0.03756830601092896
15 0.9037525614754099 0.2945127504553734 0.01793032786885229 0.028460837887067412
16 0.7183657786885246 0.49658469945355194 0.027535860655737654 0.04098360655737703
18 0.791688012295082 0.23189890710382516 0.01793032786885229 0.04212204007285972
20 0.832671618852459 0.7020719489981785 0.023053278688524692 0.03756830601092906
21 0.9050332991803279 0.6559653916211294 0.017930327868852514 0.04326047358834254