0 0.08740234375 0.12586805555555555 0.03076171875 0.03993055555555555
1 0.49609375 0.028211805555555556 0.03125 0.046875
2 0.921142578125 0.12196180555555555 0.0205078125 0.043402777777777776
3 0.0927734375 0.8528645833333334 0.02392578125 0.036458333333333336
4 0.4931640625 0.9557291666666666 0.0244140625 0.03732638888888889
5 0.9033203125 0.8763020833333334 0.02490234375 0.046875
6 0.363037109375 0.3038194444444444 0.02490234375 0.044270833333333336
8 0.16259765625 0.6202256944444444 0.02099609375 0.042534722222222224
10 0.82080078125 0.41015625 0.0224609375 0.04774305555555555
13 0.1669921875 0.3038194444444444 0.02099609375 0.03993055555555555
17 0.734375 0.3285590277777778 0.0224609375 0.044270833333333336
18 0.69970703125 0.4982638888888889 0.02392578125 0.042534722222222224
20 0.77685546875 0.4978298611111111 0.02197265625 0.04079861111111111