0 0.08447265625 0.12413194444444445 0.0263671875 0.04079861111111111
1 0.495849609375 0.02734375 0.02685546875 0.04079861111111111
2 0.918701171875 0.12369791666666667 0.02490234375 0.046875
3 0.09423828125 0.8515625 0.02685546875 0.04079861111111111
4 0.495849609375 0.9535590277777778 0.0322265625 0.042534722222222224
5 0.90673828125 0.8767361111111112 0.0263671875 0.04774305555555555
6 0.2861328125 0.2170138888888889 0.02392578125 0.035590277777777776
8 0.33154296875 0.3376736111111111 0.0224609375 0.03993055555555555
10 0.824462890625 0.7369791666666666 0.01904296875 0.04079861111111111
11 0.48291015625 0.86328125 0.025390625 0.036458333333333336
13 0.3642578125 0.14539930555555555 0.02490234375 0.04861111111111111
15 0.778564453125 0.4674479166666667 0.0185546875 0.03993055555555555
17 0.7998046875 0.7465277777777778 0.02001953125 0.035590277777777776
18 0.64306640625 0.4887152777777778 0.0205078125 0.0390625
20 0.835205078125 0.5342881944444444 0.01904296875 0.036458333333333336