0 0.08408043032786883 0.12659380692167577 0.03457991803278687 0.04781420765027322
1 0.49743852459016397 0.028688524590163918 0.028816598360655754 0.038706739526411654
2 0.920722336065574 0.12204007285974498 0.027535860655737654 0.04553734061930781
3 0.09336577868852457 0.8529143897996357 0.028816598360655726 0.05009107468123868
4 0.4983990778688525 0.9570810564663026 0.03073770491803285 0.042122040072859884
5 0.9053534836065573 0.8768214936247725 0.023693647540983687 0.04781420765027317
6 0.8435578893442623 0.619535519125683 0.01921106557377028 0.04098360655737703
7 0.7987320696721312 0.8005464480874319 0.019211065573770503 0.03415300546448089
8 0.6812243852459017 0.10837887067395263 0.024974385245901676 0.04098360655737703
9 0.5185706967213115 0.39298724954462666 0.026255122950819665 0.04553734061930776
10 0.08888319672131145 0.44877049180327877 0.017289959016393436 0.03870673952641172
11 0.39529969262295084 0.3275273224043716 0.02433401639344268 0.039845173041894374
12 0.6991547131147542 0.8773907103825138 0.024974385245901676 0.037568306010928865
13 0.12602459016393439 0.34175774134790526 0.02497438524590162 0.036429872495446304
14 0.854123975409836 0.39355646630236785 0.022412909836065475 0.0443989071038251
15 0.6063012295081968 0.8796675774134791 0.023693647540983687 0.03984517304189447
16 0.24769467213114754 0.36452641165755917 0.023693647540983576 0.04098360655737703
17 0.35015368852459017 0.10780965391621128 0.021132172131147486 0.04212204007285974
18 0.881659836065574 0.8523451730418945 0.019851434426229497 0.03073770491803292
19 0.7759989754098361 0.6952413479052824 0.023693647540983687 0.039845173041894576
20 0.8614882172131149 0.43624772313296906 0.020491803278688492 0.03415300546448089
21 0.8208247950819673 0.8198998178506376 0.01985143442622972 0.03415300546448089