1 0.764892578125 0.4943576388888889 0.0185546875 0.03993055555555555
4 0.24072265625 0.4926215277777778 0.02294921875 0.04774305555555555
6 0.614990234375 0.6137152777777778 0.02392578125 0.042534722222222224
7 0.678466796875 0.9943576388888888 0.02197265625 0.011284722222222222
9 0.48583984375 0.9635416666666666 0.02197265625 0.03732638888888889
11 0.424072265625 0.9813368055555556 0.02197265625 0.03732638888888889
12 0.419677734375 0.7534722222222222 0.02001953125 0.04513888888888889
15 0.529541015625 0.9769965277777778 0.02197265625 0.03732638888888889
16 0.27197265625 0.6484375 0.01904296875 0.04774305555555555
17 0.466064453125 0.86328125 0.0244140625 0.03993055555555555
18 0.3203125 0.8836805555555556 0.0224609375 0.042534722222222224
19 0.403076171875 0.3776041666666667 0.02099609375 0.04774305555555555
20 0.524658203125 0.8910590277777778 0.02490234375 0.0390625
21 0.29931640625 0.765625 0.02001953125 0.043402777777777776