0 0.0849609375 0.1284722222222222 0.03125 0.042534722222222224
1 0.49658203125 0.029079861111111112 0.0283203125 0.042534722222222224
2 0.921630859375 0.12369791666666667 0.0283203125 0.05381944444444445
3 0.097412109375 0.8532986111111112 0.02685546875 0.044270833333333336
4 0.49609375 0.9548611111111112 0.02734375 0.03993055555555555
5 0.90283203125 0.8767361111111112 0.02490234375 0.052083333333333336
6 0.512451171875 0.4088541666666667 0.025390625 0.04513888888888889
8 0.736572265625 0.18055555555555555 0.02197265625 0.042534722222222224
10 0.888916015625 0.1467013888888889 0.01904296875 0.035590277777777776
12 0.785400390625 0.6701388888888888 0.0205078125 0.042534722222222224
15 0.8916015625 0.18880208333333334 0.01904296875 0.035590277777777776
16 0.174072265625 0.8381076388888888 0.02099609375 0.036458333333333336
17 0.840576171875 0.8450520833333334 0.02001953125 0.0390625
20 0.902099609375 0.2421875 0.01708984375 0.035590277777777776
21 0.400146484375 0.6384548611111112 0.0263671875 0.044270833333333336