0 0.08408043032786883 0.1260245901639344 0.030737704918032793 0.03756830601092895
1 0.4958376024590164 0.029257741347905264 0.029456967213114693 0.03529143897996358
2 0.9184810450819673 0.12488615664845172 0.025614754098360448 0.039845173041894326
3 0.09304559426229506 0.8500683060109292 0.026895491803278687 0.03984517304189418
4 0.4942366803278688 0.957650273224044 0.03265881147540983 0.04098360655737723
5 0.9015112704918032 0.8745446265938069 0.02113217213114771 0.04781420765027317
6 0.5950947745901639 0.19205373406193074 0.02177254098360648 0.039845173041894326
7 0.8435578893442623 0.5227686703096539 0.017930327868852514 0.04098360655737703
8 0.6594518442622951 0.5073998178506376 0.024974385245901676 0.04212204007285969
9 0.7792008196721312 0.45446265938069214 0.019851434426229497 0.04098360655737703
10 0.7654328893442623 0.15163934426229508 0.019211065573770503 0.03870673952641167
11 0.731173155737705 0.16302367941712206 0.017289959016393297 0.04326047358834249
12 0.8297899590163933 0.6434426229508197 0.02113217213114771 0.04326047358834254
13 0.6847464139344263 0.40892531876138427 0.02177254098360648 0.04781420765027327
14 0.6767418032786886 0.6542577413479053 0.024974385245901676 0.044398907103825005
15 0.5525102459016393 0.6542577413479054 0.022412909836065698 0.039845173041894374
16 0.7167648565573771 0.22848360655737704 0.019211065573770503 0.0443989071038251
17 0.5147284836065573 0.2797131147540984 0.021132172131147486 0.03756830601092896
18 0.8262679303278688 0.12033242258652094 0.019211065573770503 0.04212204007285974
19 0.38569415983606553 0.843237704918033 0.020491803278688492 0.03529143897996355
20 0.7090804303278689 0.4265710382513661 0.020491803278688492 0.03756830601092896
21 0.6863473360655737 0.7293943533697633 0.024974385245901676 0.0443989071038252