0 0.08154296875 0.1271701388888889 0.03466796875 0.051215277777777776
1 0.49560546875 0.025173611111111112 0.02734375 0.0390625
2 0.921630859375 0.12413194444444445 0.02685546875 0.050347222222222224
3 0.0927734375 0.8524305555555556 0.02490234375 0.046875
4 0.494140625 0.9535590277777778 0.02880859375 0.042534722222222224
5 0.905029296875 0.8741319444444444 0.029296875 0.04861111111111111
8 0.87451171875 0.7664930555555556 0.01708984375 0.0390625
9 0.778564453125 0.2903645833333333 0.0263671875 0.04513888888888889
10 0.76806640625 0.5368923611111112 0.03076171875 0.042534722222222224
13 0.615234375 0.4522569444444444 0.02392578125 0.050347222222222224
21 0.117431640625 0.21875 0.02197265625 0.036458333333333336