1 0.764404296875 0.4947916666666667 0.0244140625 0.0546875
4 0.24365234375 0.4926215277777778 0.02392578125 0.050347222222222224
6 0.323974609375 0.006510416666666667 0.02001953125 0.013020833333333334
20 0.50537109375 0.9713541666666666 0.02490234375 0.028645833333333332
8 0.537353515625 0.9913194444444444 0.02001953125 0.017361111111111112
9 0.49267578125 0.9930555555555556 0.0244140625 0.013888888888888888
11 0.527587890625 0.9691840277777778 0.02294921875 0.030381944444444444
12 0.47265625 0.9904513888888888 0.0224609375 0.019097222222222224
13 0.514892578125 0.9900173611111112 0.02099609375 0.019965277777777776
16 0.4931640625 0.9388020833333334 0.02099609375 0.036458333333333336
17 0.51708984375 0.9401041666666666 0.02099609375 0.036458333333333336
19 0.5068359375 0.9088541666666666 0.0224609375 0.03732638888888889
21 0.48046875 0.9691840277777778 0.0224609375 0.03732638888888889