0 0.08055840163934423 0.1260245901639344 0.035220286885245894 0.05122950819672129
1 0.4958376024590164 0.02925774134790527 0.028176229508196704 0.04212204007285974
2 0.9191214139344264 0.12260928961748634 0.02689549180327866 0.05122950819672129
3 0.09432633196721309 0.8580373406193078 0.03201844262295081 0.048952641165756025
4 0.4945568647540983 0.9530965391621131 0.03201844262295084 0.04098360655737723
5 0.9037525614754099 0.8756830601092899 0.02817622950819665 0.056921675774134824
6 0.5473872950819673 0.7794854280510018 0.023693647540983687 0.037568306010928865
12 0.735655737704918 0.1886384335154827 0.022412909836065475 0.04439890710382515
15 0.6408811475409837 0.7100409836065574 0.023693647540983687 0.03756830601092906
17 0.7026767418032787 0.13057832422586518 0.020491803278688492 0.03984517304189436
20 0.2236808401639344 0.4339708561020037 0.024334016393442626 0.03870673952641172