1 0.764404296875 0.4956597222222222 0.0244140625 0.04861111111111111
4 0.24365234375 0.4930555555555556 0.02001953125 0.046875
6 0.38671875 0.9327256944444444 0.02294921875 0.03993055555555555
8 0.718994140625 0.8220486111111112 0.02197265625 0.046875
9 0.560302734375 0.5325520833333334 0.0283203125 0.04079861111111111
10 0.4541015625 0.8815104166666666 0.02490234375 0.035590277777777776
11 0.595947265625 0.3168402777777778 0.025390625 0.035590277777777776
12 0.2861328125 0.8489583333333334 0.02197265625 0.043402777777777776
15 0.287109375 0.6866319444444444 0.02392578125 0.044270833333333336
16 0.576416015625 0.05251736111111111 0.0224609375 0.03993055555555555
17 0.615234375 0.1506076388888889 0.02197265625 0.05555555555555555
19 0.389892578125 0.9869791666666666 0.02392578125 0.026041666666666668