1 0.23486328125 0.5121527777777778 0.02294921875 0.04513888888888889
4 0.75634765625 0.5121527777777778 0.02490234375 0.043402777777777776
10 0.281982421875 0.017795138888888888 0.02294921875 0.035590277777777776
11 0.310791015625 0.05946180555555555 0.02392578125 0.035590277777777776
12 0.409912109375 0.1579861111111111 0.02490234375 0.033854166666666664
13 0.43017578125 0.4765625 0.0244140625 0.04513888888888889
14 0.58447265625 0.41015625 0.02294921875 0.042534722222222224
15 0.5625 0.2265625 0.02392578125 0.03732638888888889
16 0.298583984375 0.1072048611111111 0.0224609375 0.03732638888888889
17 0.280029296875 0.7157118055555556 0.0224609375 0.043402777777777776
19 0.355224609375 0.7599826388888888 0.02294921875 0.0390625
21 0.6904296875 0.18359375 0.02392578125 0.051215277777777776