0 0.0792776639344262 0.12659380692167577 0.02753586065573771 0.04781420765027322
1 0.4958376024590164 0.029826958105646617 0.03073770491803285 0.040983606557377046
2 0.9213627049180328 0.12033242258652094 0.026255122950819665 0.048952641165755914
3 0.09400614754098358 0.8546220400728598 0.02497438524590162 0.046675774134790515
4 0.4951972336065573 0.9559426229508199 0.029456967213114693 0.037568306010928865
5 0.9043929303278688 0.8739754098360658 0.02817622950819665 0.0443989071038253
8 0.24801485655737704 0.11464025500910746 0.02177254098360651 0.03756830601092895
9 0.2073514344262295 0.25637522768670307 0.023693647540983576 0.03642987249544621
10 0.110015368852459 0.4931693989071039 0.02369364754098363 0.04098360655737703
11 0.4849513319672131 0.7760701275045538 0.02561475409836056 0.042122040072859884
13 0.21343493852459014 0.19319216757741345 0.021772540983606592 0.04212204007285974
21 0.17725409836065573 0.41746357012750457 0.022412909836065587 0.039845173041894374