0 0.0789574795081967 0.12545537340619306 0.035860655737704916 0.04781420765027322
1 0.49807889344262296 0.024134790528233134 0.030097336065573743 0.036429872495446255
2 0.9194415983606558 0.12317850637522769 0.026255122950819665 0.04098360655737703
3 0.09496670081967211 0.8568989071038252 0.028176229508196732 0.04667577413479071
4 0.4961577868852458 0.956511839708561 0.03137807377049179 0.04781420765027317
5 0.9034323770491803 0.8751138433515481 0.026255122950819665 0.05578324225865207
6 0.8083376024590164 0.36224954462659376 0.020491803278688492 0.04326047358834235
8 0.6680968237704917 0.5922131147540983 0.023053278688524692 0.04553734061930786
10 0.905673668032787 0.1732695810564663 0.01793032786885229 0.036429872495446304
12 0.6949923155737706 0.6109972677595629 0.023053278688524692 0.04212204007285969
15 0.49551741803278687 0.09414845173041891 0.023693647540983576 0.03756830601092895
17 0.8723744877049182 0.279143897996357 0.019211065573770503 0.03870673952641172
20 0.45197233606557374 0.30931238615664847 0.023693647540983576 0.04212204007285969
21 0.8393954918032787 0.4618624772313297 0.01985143442622972 0.039845173041894374