0 0.08183913934426226 0.12773224043715847 0.03009733606557377 0.05009107468123862
1 0.4971183401639344 0.02641165755919853 0.039702868852458995 0.05236794171220401
2 0.9239241803278688 0.1260245901639344 0.03393954918032782 0.05122950819672129
3 0.09624743852459014 0.8608834244080146 0.02945696721311475 0.05464480874316951
4 0.4942366803278688 0.9593579234972679 0.036501024590163966 0.051229508196721146
5 0.9027920081967213 0.8773907103825138 0.023693647540983687 0.05806010928961748
8 0.15580174180327866 0.22620673952641168 0.019211065573770503 0.039845173041894354
9 0.17021004098360654 0.3434653916211293 0.021132172131147542 0.03756830601092896
10 0.2432120901639344 0.5449681238615666 0.023693647540983576 0.039845173041894374
11 0.5067238729508197 0.7732240437158472 0.02433401639344268 0.04326047358834235
13 0.169249487704918 0.2757285974499089 0.020491803278688492 0.03870673952641162
21 0.18109631147540983 0.46698542805100185 0.022412909836065587 0.04098360655737703