0 0.08119877049180324 0.1283014571948998 0.026255122950819665 0.033014571948998185
1 0.4948770491803279 0.030396174863387956 0.023693647540983576 0.03529143897996358
2 0.9175204918032787 0.12260928961748634 0.026255122950819665 0.05122950819672129
3 0.09528688524590162 0.859744990892532 0.03265881147540983 0.03870673952641152
4 0.49231557377049184 0.9502504553734062 0.0288165983606557 0.039845173041894576
5 0.9027920081967213 0.8739754098360657 0.03393954918032782 0.05578324225865207
6 0.8768570696721313 0.668488160291439 0.019211065573770503 0.04098360655737703
8 0.7638319672131149 0.8312841530054647 0.021132172131147486 0.03870673952641152
10 0.6895491803278689 0.717440801457195 0.023693647540983687 0.04326047358834254
11 0.5883709016393442 0.5580601092896175 0.024974385245901676 0.04098360655737703
12 0.790407274590164 0.6565346083788707 0.023053278688524692 0.04895264116575583
13 0.717405225409836 0.4129098360655738 0.02433401639344268 0.039845173041894374
21 0.755186987704918 0.8756830601092899 0.020491803278688492 0.03642987249544621
20 0.673860143442623 0.8079462659380694 0.020491803278688492 0.030737704918032724