0 0.08087858606557374 0.12488615664845172 0.029456967213114776 0.04212204007285974
1 0.4971183401639344 0.031534608378870656 0.028176229508196704 0.04439890710382514
2 0.9165599385245902 0.11976320582877958 0.03073770491803285 0.0546448087431694
3 0.09528688524590162 0.8551912568306013 0.023693647540983603 0.04326047358834254
4 0.4958376024590164 0.9542349726775957 0.029456967213114693 0.03870673952641192
5 0.9050332991803279 0.8773907103825138 0.03201844262295106 0.046675774134790515
8 0.21695696721311475 0.5876593806921676 0.021132172131147542 0.03642987249544621
9 0.44428790983606564 0.5620446265938069 0.026255122950819665 0.039845173041894374
10 0.1176997950819672 0.27003642987249543 0.021132172131147542 0.03642987249544621
11 0.266265368852459 0.44649362477231325 0.024974385245901676 0.04553734061930781
13 0.6149462090163935 0.4516165755919854 0.02817622950819665 0.05122950819672134
21 0.7276511270491803 0.7811930783242259 0.02689549180327866 0.04098360655737703