0 0.082763671875 0.12586805555555555 0.0244140625 0.042534722222222224
1 0.497802734375 0.026909722222222224 0.03076171875 0.042534722222222224
2 0.920654296875 0.12369791666666667 0.02392578125 0.04861111111111111
3 0.09228515625 0.8550347222222222 0.025390625 0.043402777777777776
4 0.494873046875 0.9552951388888888 0.02880859375 0.04079861111111111
5 0.90478515625 0.875 0.0263671875 0.044270833333333336
8 0.23681640625 0.12196180555555555 0.02099609375 0.0390625
9 0.197021484375 0.2612847222222222 0.02099609375 0.03732638888888889
10 0.102294921875 0.4921875 0.02001953125 0.036458333333333336
11 0.484619140625 0.7790798611111112 0.0263671875 0.04513888888888889
13 0.200927734375 0.19444444444444445 0.02392578125 0.03732638888888889
21 0.168701171875 0.4201388888888889 0.02197265625 0.036458333333333336