0 0.083984375 0.1293402777777778 0.03466796875 0.046875
1 0.498291015625 0.028645833333333332 0.0283203125 0.04774305555555555
2 0.92041015625 0.125 0.02685546875 0.04861111111111111
3 0.0947265625 0.8576388888888888 0.02490234375 0.043402777777777776
4 0.49609375 0.9526909722222222 0.0302734375 0.046875
5 0.90380859375 0.875 0.0283203125 0.046875
6 0.83642578125 0.6028645833333334 0.01904296875 0.035590277777777776
12 0.189208984375 0.7821180555555556 0.0244140625 0.033854166666666664
15 0.879638671875 0.2552083333333333 0.02001953125 0.0390625
17 0.7001953125 0.1332465277777778 0.0205078125 0.04079861111111111
20 0.2255859375 0.4322916666666667 0.02197265625 0.030381944444444444
21 0.739501953125 0.4947916666666667 0.0224609375 0.044270833333333336