1 0.235107421875 0.5078125 0.0224609375 0.051215277777777776
4 0.755859375 0.5125868055555556 0.0263671875 0.051215277777777776
6 0.678955078125 0.5086805555555556 0.02392578125 0.052083333333333336
8 0.381103515625 0.2387152777777778 0.02490234375 0.043402777777777776
10 0.595703125 0.19053819444444445 0.02490234375 0.042534722222222224
11 0.573974609375 0.021701388888888888 0.02392578125 0.03732638888888889
13 0.656982421875 0.3763020833333333 0.02197265625 0.043402777777777776
14 0.646240234375 0.3259548611111111 0.02392578125 0.03993055555555555
15 0.31591796875 0.033854166666666664 0.0224609375 0.036458333333333336
17 0.60107421875 0.12152777777777778 0.0205078125 0.04079861111111111
18 0.322021484375 0.25390625 0.02197265625 0.03993055555555555
21 0.28857421875 0.3285590277777778 0.02197265625 0.04079861111111111