0 0.08376024590163932 0.12716302367941712 0.03009733606557377 0.046675774134790515
1 0.49551741803278687 0.030396174863387956 0.022412909836065587 0.03529143897996358
2 0.9207223360655737 0.12545537340619306 0.03522028688524581 0.0500910746812386
3 0.09688780737704916 0.8568989071038252 0.030737704918032793 0.048952641165756025
4 0.49615778688524587 0.9536657559198544 0.027535860655737765 0.042122040072859884
5 0.9027920081967213 0.876252276867031 0.028816598360655643 0.05578324225865207
6 0.8640496926229508 0.2358834244080146 0.016649590163934302 0.036429872495446304
7 0.8970286885245902 0.5227686703096539 0.01600922131147553 0.03642987249544621
8 0.8361936475409837 0.22905282331511842 0.018570696721311508 0.04553734061930786
10 0.854123975409836 0.29735883424408016 0.022412909836065475 0.03870673952641162
12 0.9155993852459017 0.4237249544626594 0.01600922131147553 0.036429872495446304
15 0.7958504098360656 0.8233151183970856 0.019851434426229497 0.03642987249544621
16 0.17405225409836064 0.8369763205828782 0.022412909836065587 0.03187613843351558
17 0.8618084016393444 0.8591757741347907 0.018570696721311508 0.03984517304189418
20 0.8592469262295082 0.33549635701275043 0.022412909836065698 0.03529143897996355
21 0.8044953893442623 0.7851775956284154 0.02305327868852447 0.03529143897996355