0 0.082763671875 0.1267361111111111 0.029296875 0.03211805555555555
1 0.49609375 0.02734375 0.02734375 0.033854166666666664
2 0.91748046875 0.12196180555555555 0.0224609375 0.052083333333333336
3 0.094970703125 0.8580729166666666 0.0322265625 0.042534722222222224
4 0.4931640625 0.9583333333333334 0.029296875 0.042534722222222224
5 0.90185546875 0.875 0.02294921875 0.044270833333333336
6 0.10595703125 0.20052083333333334 0.01904296875 0.026909722222222224
7 0.86279296875 0.1931423611111111 0.01806640625 0.03993055555555555
8 0.802978515625 0.1150173611111111 0.0185546875 0.0390625
9 0.849853515625 0.2265625 0.01904296875 0.0390625
10 0.7490234375 0.1545138888888889 0.0185546875 0.03993055555555555
11 0.75 0.6809895833333334 0.0244140625 0.04079861111111111
14 0.885498046875 0.2751736111111111 0.01708984375 0.03732638888888889
15 0.90380859375 0.2947048611111111 0.01806640625 0.028645833333333332
16 0.71826171875 0.4965277777777778 0.02734375 0.04079861111111111
18 0.791748046875 0.23177083333333334 0.01806640625 0.042534722222222224
20 0.832763671875 0.7022569444444444 0.02294921875 0.03732638888888889
21 0.905029296875 0.6558159722222222 0.01806640625 0.043402777777777776