0 0.08536116803278686 0.12887067395264118 0.028176229508196732 0.036429872495446255
1 0.49807889344262296 0.026411657559198522 0.030097336065573743 0.036429872495446255
2 0.9216828893442623 0.12659380692167577 0.029456967213114638 0.04098360655737703
3 0.0946465163934426 0.8551912568306013 0.02241290983606556 0.04098360655737703
4 0.4967981557377049 0.9548041894353371 0.02881659836065581 0.042122040072859884
5 0.9063140368852459 0.8802367941712205 0.02561475409836067 0.056921675774134824
6 0.5429047131147542 0.08561020036429873 0.021132172131147486 0.03870673952641167
8 0.6981941598360656 0.3007741347905282 0.020491803278688492 0.043260473588342445
9 0.8041752049180328 0.7299635701275046 0.022412909836065698 0.03642987249544621
10 0.5966956967213115 0.36794171220400723 0.023693647540983687 0.04553734061930776
11 0.7695952868852459 0.6320582877959926 0.021132172131147486 0.03870673952641172
13 0.26306352459016397 0.1260245901639344 0.022412909836065587 0.03756830601092895
14 0.2243212090163934 0.12545537340619306 0.019211065573770503 0.036429872495446255
15 0.772156762295082 0.3719262295081967 0.021132172131147486 0.04212204007285969
17 0.7106813524590164 0.6793032786885246 0.023693647540983687 0.042122040072859884
18 0.637359118852459 0.15562386156648453 0.02177254098360648 0.04212204007285979
20 0.8352330942622951 0.5341530054644809 0.01921106557377028 0.03415300546448089
21 0.4942366803278688 0.2984972677595628 0.023693647540983687 0.04098360655737703