0 0.08183913934426226 0.12716302367941712 0.03137807377049179 0.048952641165755914
1 0.49871926229508196 0.025842440801457183 0.028816598360655754 0.039845173041894354
2 0.9194415983606558 0.12317850637522769 0.024974385245901676 0.04781420765027322
3 0.09272540983606554 0.8534836065573772 0.02753586065573771 0.0443989071038252
4 0.4964779713114754 0.956511839708561 0.02689549180327866 0.04326047358834254
5 0.9031121926229511 0.8768214936247722 0.02561475409836067 0.050091074681238586
6 0.7369364754098361 0.2848360655737705 0.023693647540983687 0.04326047358834235
8 0.3940189549180328 0.5876593806921676 0.02305327868852458 0.04098360655737703
10 0.4859118852459016 0.43397085610200364 0.023693647540983576 0.04553734061930786
17 0.8733350409836066 0.37420309653916206 0.022412909836065698 0.03756830601092896
20 0.7769595286885246 0.5 0.02433401639344268 0.03870673952641172