0 0.08376024590163932 0.1294398907103825 0.026255122950819665 0.03756830601092896
1 0.4971183401639344 0.02925774134790527 0.02945696721311486 0.04212204007285974
2 0.9229636270491803 0.1260245901639344 0.02433401639344246 0.05122950819672129
3 0.09368596311475408 0.8517759562841533 0.025614754098360643 0.04326047358834235
4 0.4948770491803278 0.9525273224043718 0.02497438524590162 0.03984517304189418
5 0.9043929303278688 0.8768214936247722 0.02561475409836067 0.050091074681238586
6 0.6841060450819673 0.5227686703096539 0.02177254098360648 0.04098360655737703
8 0.39305840163934425 0.5876593806921676 0.021132172131147486 0.04781420765027317
10 0.6837858606557377 0.3764799635701276 0.023693647540983687 0.04895264116575593
17 0.8160220286885246 0.5808287795992714 0.01793032786885229 0.04553734061930786
20 0.7772797131147542 0.5011384335154827 0.022412909836065475 0.04553734061930786