0 0.08376024590163932 0.12488615664845172 0.03009733606557377 0.04212204007285974
1 0.4983990778688524 0.032103825136612 0.03201844262295084 0.04098360655737706
2 0.9188012295081969 0.12545537340619306 0.023693647540983687 0.04553734061930781
3 0.09304559426229506 0.8574681238615667 0.024334016393442626 0.05009107468123868
4 0.4958376024590164 0.9559426229508199 0.029456967213114693 0.0443989071038252
5 0.9034323770491803 0.8745446265938069 0.026255122950819665 0.050091074681238586
6 0.83203125 0.49886156648451735 0.020491803278688492 0.03415300546448089
7 0.7699154713114754 0.8438069216757742 0.019211065573770503 0.04098360655737703
8 0.43180071721311475 0.1579007285974499 0.02305327868852447 0.04212204007285974
9 0.8605276639344261 0.6582422586520947 0.02113217213114771 0.03642987249544621
10 0.656890368852459 0.08959471766848814 0.023693647540983687 0.044398907103825117
12 0.8823002049180328 0.7652550091074681 0.018570696721311508 0.03870673952641172
13 0.15612192622950816 0.5597677595628414 0.019851434426229497 0.039845173041894374
14 0.7948898565573771 0.8773907103825138 0.020491803278688492 0.03984517304189418
15 0.7590292008196722 0.1897768670309654 0.02177254098360648 0.03756830601092896
17 0.08664190573770489 0.483492714025501 0.021772540983606536 0.03529143897996355
18 0.8554047131147542 0.8529143897996357 0.01728995901639352 0.03415300546448089
19 0.11161629098360654 0.7868852459016394 0.019211065573770503 0.03870673952641172
20 0.9031121926229508 0.552367941712204 0.02305327868852447 0.03642987249544621
21 0.8192238729508197 0.8529143897996357 0.020491803278688492 0.04098360655737703