0 0.083740234375 0.13020833333333334 0.02392578125 0.043402777777777776
1 0.498291015625 0.030381944444444444 0.029296875 0.03732638888888889
2 0.919677734375 0.12152777777777778 0.0205078125 0.046875
3 0.091064453125 0.8550347222222222 0.03076171875 0.04774305555555555
4 0.49462890625 0.9574652777777778 0.025390625 0.04513888888888889
5 0.902587890625 0.875 0.0244140625 0.044270833333333336
6 0.6552734375 0.8198784722222222 0.0244140625 0.04079861111111111
7 0.81591796875 0.6063368055555556 0.0166015625 0.03732638888888889
8 0.772705078125 0.4865451388888889 0.02001953125 0.04079861111111111
9 0.15869140625 0.2638888888888889 0.02001953125 0.03732638888888889
10 0.7080078125 0.18229166666666666 0.02099609375 0.04513888888888889
12 0.72216796875 0.6809895833333334 0.0224609375 0.04079861111111111
13 0.155517578125 0.55859375 0.01708984375 0.03732638888888889
14 0.793701171875 0.8841145833333334 0.0205078125 0.03993055555555555
15 0.160400390625 0.14539930555555555 0.0205078125 0.035590277777777776
17 0.086669921875 0.4848090277777778 0.01806640625 0.03732638888888889
18 0.791748046875 0.7977430555555556 0.0205078125 0.03993055555555555
19 0.130126953125 0.6302083333333334 0.0244140625 0.035590277777777776
20 0.6357421875 0.6588541666666666 0.02392578125 0.042534722222222224
21 0.704345703125 0.7204861111111112 0.02392578125 0.03993055555555555