0 0.083984375 0.1254340277777778 0.02685546875 0.04079861111111111
1 0.4970703125 0.028645833333333332 0.03076171875 0.04513888888888889
2 0.921142578125 0.12196180555555555 0.0283203125 0.050347222222222224
3 0.09375 0.8524305555555556 0.0244140625 0.044270833333333336
4 0.49462890625 0.95703125 0.025390625 0.03993055555555555
5 0.90478515625 0.8763020833333334 0.0263671875 0.051215277777777776
8 0.568115234375 0.7834201388888888 0.0244140625 0.043402777777777776
9 0.45654296875 0.12109375 0.02490234375 0.04079861111111111
10 0.62109375 0.5203993055555556 0.02001953125 0.043402777777777776
11 0.49755859375 0.8815104166666666 0.02490234375 0.04079861111111111
13 0.5771484375 0.14930555555555555 0.025390625 0.043402777777777776
21 0.11767578125 0.2191840277777778 0.01611328125 0.030381944444444444