1 0.236572265625 0.5034722222222222 0.02490234375 0.0625
4 0.757080078125 0.5095486111111112 0.0224609375 0.052083333333333336
6 0.29638671875 0.9205729166666666 0.01904296875 0.0390625
8 0.28076171875 0.1796875 0.02392578125 0.0390625
9 0.439453125 0.4683159722222222 0.02392578125 0.03993055555555555
10 0.391357421875 0.9036458333333334 0.02392578125 0.043402777777777776
11 0.403564453125 0.6848958333333334 0.02490234375 0.043402777777777776
12 0.7138671875 0.1484375 0.0205078125 0.042534722222222224
15 0.7138671875 0.3120659722222222 0.0205078125 0.044270833333333336
16 0.424072265625 0.9474826388888888 0.0224609375 0.03993055555555555
17 0.372314453125 0.8450520833333334 0.02099609375 0.03993055555555555
19 0.610107421875 0.013454861111111112 0.02294921875 0.026909722222222224