0 0.0849609375 0.12890625 0.03125 0.043402777777777776
1 0.497802734375 0.02734375 0.02685546875 0.033854166666666664
2 0.922119140625 0.12196180555555555 0.03271484375 0.0546875
3 0.091064453125 0.8550347222222222 0.0244140625 0.043402777777777776
4 0.49462890625 0.9552951388888888 0.03076171875 0.043402777777777776
5 0.902587890625 0.8728298611111112 0.0283203125 0.03993055555555555
8 0.860595703125 0.2808159722222222 0.02099609375 0.03732638888888889
9 0.833251953125 0.6905381944444444 0.0205078125 0.03993055555555555
10 0.851318359375 0.6236979166666666 0.01904296875 0.044270833333333336
11 0.6572265625 0.7096354166666666 0.02685546875 0.043402777777777776
13 0.7783203125 0.8502604166666666 0.02197265625 0.042534722222222224
21 0.89599609375 0.8346354166666666 0.01806640625 0.029513888888888888