0 0.08215932377049179 0.12260928961748634 0.021772540983606564 0.04212204007285974
1 0.4964779713114754 0.02925774134790527 0.02945696721311486 0.04212204007285974
2 0.9210425204918032 0.12659380692167577 0.02433401639344246 0.04098360655737703
3 0.09560706967213112 0.8551912568306013 0.024334016393442626 0.03870673952641152
4 0.4948770491803279 0.9570810564663024 0.030097336065573743 0.0443989071038252
5 0.9024718237704917 0.8762522768670311 0.02561475409836067 0.044398907103825005
6 0.5249743852459016 0.7390710382513662 0.023693647540983687 0.04098360655737684
8 0.39305840163934425 0.5870901639344263 0.022412909836065475 0.039845173041894374
10 0.7968109631147541 0.2512522768670309 0.02177254098360648 0.046675774134790515
17 0.5950947745901639 0.6889799635701276 0.023053278688524692 0.04098360655737703
20 0.7769595286885246 0.4994307832422586 0.019211065573770503 0.039845173041894374