0 0.0834400614754098 0.1260245901639344 0.028176229508196704 0.03529143897996355
1 0.4958376024590164 0.031534608378870656 0.029456967213114693 0.04667577413479053
2 0.9181608606557377 0.12204007285974498 0.026255122950819665 0.04553734061930781
3 0.09336577868852457 0.8534836065573771 0.018570696721311453 0.039845173041894374
4 0.49167520491803285 0.9570810564663024 0.027535860655737654 0.03984517304189418
5 0.9027920081967213 0.8745446265938069 0.022412909836065698 0.04781420765027317
6 0.41355020491803285 0.20173041894353372 0.022412909836065475 0.04098360655737706
9 0.6901895491803279 0.3924180327868852 0.024974385245901676 0.046675774134790515
10 0.6786629098360657 0.33492714025500914 0.021132172131147486 0.043260473588342445
13 0.6889088114754098 0.5529371584699454 0.023693647540983687 0.039845173041894374
12 0.8800589139344261 0.1413934426229508 0.01793032786885229 0.03415300546448089
14 0.9040727459016393 0.2580828779599271 0.018570696721311508 0.03529143897996355
15 0.8573258196721313 0.2859744990892532 0.02113217213114771 0.03642987249544621
17 0.832671618852459 0.4339708561020037 0.019211065573770503 0.03870673952641172
16 0.1298668032786885 0.7117486338797815 0.021132172131147542 0.03187613843351558
20 0.7110015368852459 0.49829234972677594 0.020491803278688492 0.04212204007285969