0 0.08151895491803277 0.12659380692167577 0.02305327868852458 0.036429872495446255
1 0.4961577868852458 0.033811475409836055 0.0300973360655738 0.039845173041894354
2 0.9178406762295084 0.12090163934426228 0.03329918032786905 0.04781420765027322
3 0.09432633196721309 0.8523451730418945 0.028176229508196732 0.04212204007285969
4 0.49359631147540983 0.9508196721311477 0.0275358606557376 0.04553734061930786
5 0.9031121926229508 0.8796675774134791 0.02817622950819687 0.04895264116575593
6 0.8803790983606558 0.6377504553734062 0.01985143442622972 0.03415300546448089
7 0.13082735655737704 0.6286429872495446 0.021772540983606536 0.03187613843351558
9 0.6450435450819673 0.5979052823315119 0.02305327868852447 0.04098360655737703
10 0.7711962090163935 0.11179417122040072 0.019211065573770503 0.038706739526411654
11 0.7481429303278688 0.161316029143898 0.021772540983606703 0.03529143897996355
12 0.7036372950819673 0.23588342440801455 0.023693647540983687 0.038706739526411696
14 0.7068391393442623 0.709471766848816 0.024974385245901676 0.04098360655737723
15 0.7971311475409837 0.2336065573770492 0.019851434426229497 0.036429872495446304
16 0.7218878073770493 0.14367030965391622 0.021772540983606703 0.03415300546448084
17 0.3780097336065573 0.10837887067395263 0.02433401639344268 0.04098360655737703
19 0.35303534836065575 0.2421448087431694 0.02305327868852458 0.04212204007285979
20 0.9031121926229508 0.483492714025501 0.01921106557377028 0.039845173041894374
21 0.676421618852459 0.8386839708561021 0.02305327868852447 0.039845173041894374