0 0.08376024590163932 0.12830145719489983 0.02753586065573771 0.04212204007285974
1 0.4971183401639344 0.025842440801457183 0.02945696721311486 0.039845173041894354
2 0.9204021516393444 0.12545537340619306 0.02177254098360648 0.04553734061930781
3 0.091124487704918 0.8557604735883425 0.024334016393442626 0.04212204007285969
4 0.4945568647540983 0.9587887067395263 0.02561475409836067 0.05009107468123849
5 0.9043929303278688 0.8773907103825138 0.02177254098360648 0.04895264116575583
6 0.6668160860655737 0.1732695810564663 0.02433401639344268 0.04098360655737708
7 0.8637295081967213 0.13399362477231327 0.01728995901639352 0.0352914389799636
8 0.4849513319672131 0.09016393442622953 0.02561475409836056 0.03870673952641167
10 0.8304303278688524 0.2785746812386157 0.018570696721311508 0.04212204007285969
12 0.9159195696721313 0.42429417122040075 0.016649590163934525 0.039845173041894374
15 0.7974513319672131 0.8181921675774136 0.020491803278688492 0.033014571948998234
16 0.17405225409836064 0.8386839708561021 0.018570696721311453 0.039845173041894374
17 0.8557248975409837 0.1937613843351548 0.016649590163934302 0.03415300546448089
20 0.8595671106557377 0.3394808743169399 0.01793032786885229 0.03870673952641172
21 0.8803790983606558 0.4516165755919854 0.017289959016393297 0.04212204007285969