0 0.08247950819672129 0.1260245901639344 0.02753586065573771 0.039845173041894326
1 0.49327612704918034 0.028688524590163918 0.02561475409836067 0.040983606557377046
2 0.9184810450819673 0.12317850637522769 0.021772540983606703 0.04781420765027322
3 0.09208504098360654 0.8494990892531875 0.023693647540983603 0.04098360655737703
4 0.4932761270491803 0.9559426229508199 0.02433401639344257 0.0443989071038252
5 0.9002305327868854 0.8739754098360657 0.02113217213114771 0.04212204007285969
6 0.8739754098360657 0.8381147540983607 0.018570696721311508 0.03415300546448089
7 0.13050717213114751 0.6269353369763206 0.017289959016393422 0.03529143897996355
8 0.8755763319672131 0.7669626593806922 0.01793032786885229 0.03529143897996355
9 0.8217853483606558 0.4453551912568306 0.021772540983606703 0.03870673952641157
10 0.771516393442623 0.1129326047358834 0.021132172131147486 0.04098360655737703
11 0.7478227459016393 0.1635928961748634 0.019851434426229497 0.04212204007285979
12 0.6924308401639344 0.3400500910746812 0.019211065573770503 0.0443989071038251
13 0.5131275614754098 0.3759107468123861 0.02561475409836067 0.04326047358834235
14 0.5505891393442622 0.6502732240437159 0.023693647540983687 0.04098360655737703
15 0.6536885245901639 0.6109972677595629 0.021132172131147486 0.04212204007285969
16 0.7209272540983607 0.14196265938069214 0.021132172131147486 0.039845173041894374
17 0.3786501024590164 0.10894808743169397 0.02433401639344268 0.039845173041894354
19 0.35367571721311475 0.24271402550091078 0.02177254098360648 0.04098360655737703
20 0.908875512295082 0.6639344262295082 0.016649590163934302 0.03415300546448089
21 0.6780225409836066 0.8386839708561021 0.028816598360655643 0.04212204007285969