0 0.08376024590163932 0.12716302367941712 0.02753586065573771 0.046675774134790515
1 0.4977587090163935 0.02811930783242257 0.028176229508196704 0.04212204007285974
2 0.9197617827868854 0.12488615664845172 0.02561475409836067 0.04439890710382514
3 0.09592725409836063 0.8551912568306013 0.024974385245901648 0.03642987249544621
4 0.4942366803278688 0.9553734061930784 0.027535860655737654 0.04098360655737723
5 0.9021516393442625 0.8751138433515484 0.023693647540983687 0.05122950819672134
6 0.848360655737705 0.5130919854280509 0.018570696721311508 0.037568306010928865
7 0.7314933401639344 0.8415300546448088 0.023053278688524692 0.03415300546448089
8 0.4308401639344262 0.1579007285974499 0.022412909836065587 0.04212204007285974
9 0.9111168032786886 0.18636156648451732 0.01728995901639352 0.030737704918032776
10 0.655609631147541 0.0890255009107468 0.023693647540983687 0.04553734061930784
12 0.8819800204918032 0.7629781420765028 0.019211065573770503 0.03187613843351558
13 0.15548155737704916 0.5591985428051002 0.022412909836065587 0.04098360655737703
14 0.7968109631147542 0.8790983606557378 0.019211065573770503 0.03870673952641152
15 0.7599897540983607 0.19205373406193074 0.022412909836065475 0.03529143897996355
17 0.08856301229508194 0.48292349726775957 0.02049180327868852 0.03415300546448089
18 0.7888063524590164 0.6935336976320584 0.023693647540983465 0.03870673952641172
19 0.11321721311475406 0.7880236794171221 0.02113217213114757 0.04098360655737703
20 0.9021516393442625 0.5557832422586522 0.01728995901639352 0.03870673952641172
21 0.847079918032787 0.7430555555555556 0.01728995901639352 0.0443989071038252