0 0.08376024590163932 0.1260245901639344 0.028816598360655726 0.046675774134790515
1 0.4964779713114754 0.029826958105646617 0.03073770491803285 0.04781420765027322
2 0.9200819672131146 0.12374772313296901 0.027535860655737654 0.05122950819672129
3 0.09272540983606554 0.8523451730418945 0.024974385245901648 0.039845173041894374
4 0.49551741803278687 0.9536657559198543 0.027535860655737765 0.037568306010928865
5 0.9034323770491803 0.8768214936247725 0.026255122950819665 0.04553734061930786
8 0.8826203893442623 0.7641165755919856 0.020491803278688492 0.03415300546448089
9 0.8064164959016393 0.21482240437158465 0.021772540983606703 0.0489526411657559
10 0.7647925204918034 0.5352914389799636 0.02433401639344268 0.04781420765027317
11 0.8688524590163933 0.14879326047358832 0.019851434426229497 0.0352914389799636
13 0.6303150614754099 0.4538934426229507 0.02433401639344268 0.04895264116575588
21 0.1180199795081967 0.22108378870673953 0.021772540983606578 0.03870673952641167