0 0.084716796875 0.12369791666666667 0.0244140625 0.035590277777777776
1 0.49609375 0.029947916666666668 0.0263671875 0.0390625
2 0.918212890625 0.12022569444444445 0.02099609375 0.044270833333333336
3 0.09375 0.8541666666666666 0.02294921875 0.036458333333333336
4 0.49365234375 0.9552951388888888 0.02880859375 0.0390625
5 0.903076171875 0.875 0.02685546875 0.04861111111111111
6 0.8740234375 0.7526041666666666 0.01708984375 0.033854166666666664
8 0.390380859375 0.1801215277777778 0.02392578125 0.036458333333333336
10 0.8251953125 0.7395833333333334 0.02099609375 0.035590277777777776
11 0.482177734375 0.8641493055555556 0.02392578125 0.036458333333333336
13 0.891357421875 0.8055555555555556 0.0185546875 0.030381944444444444
14 0.22265625 0.2625868055555556 0.02099609375 0.035590277777777776
15 0.77880859375 0.4683159722222222 0.01904296875 0.043402777777777776
17 0.799072265625 0.7452256944444444 0.0224609375 0.035590277777777776
18 0.643798828125 0.4887152777777778 0.02294921875 0.0390625
20 0.8359375 0.5347222222222222 0.01806640625 0.03993055555555555