0 0.08087858606557374 0.12431693989071037 0.028176229508196732 0.04553734061930781
1 0.49391649590163933 0.03210382513661201 0.02817622950819665 0.04326047358834243
2 0.9175204918032787 0.12204007285974498 0.023693647540983687 0.04326047358834243
3 0.09592725409836063 0.8506375227686704 0.021132172131147542 0.03415300546448089
4 0.49231557377049184 0.9548041894353371 0.02753586065573771 0.033014571948998234
5 0.9008709016393444 0.8722677595628416 0.024974385245901676 0.04098360655737713
6 0.2486552254098361 0.36851092896174864 0.021772540983606592 0.03529143897996355
7 0.715484118852459 0.8272996357012751 0.020491803278688492 0.03529143897996355
8 0.8919057377049182 0.6514116575591985 0.019851434426229497 0.04098360655737703
9 0.7081198770491803 0.485200364298725 0.022412909836065698 0.05009107468123868
10 0.20382940573770492 0.35541894353369763 0.021772540983606536 0.03870673952641172
11 0.6639344262295082 0.4521857923497267 0.026255122950819665 0.04553734061930786
12 0.8944672131147542 0.5130919854280509 0.019851434426229497 0.037568306010928865
14 0.7417392418032787 0.8233151183970856 0.023053278688524692 0.03870673952641152
15 0.7567879098360656 0.40892531876138427 0.023693647540983687 0.04553734061930786
16 0.561155225409836 0.8864981785063755 0.023053278688524692 0.03984517304189418
17 0.08440061475409834 0.36794171220400723 0.02113217213114757 0.03642987249544621
19 0.33734631147540983 0.7459016393442625 0.024974385245901676 0.04098360655737703
20 0.8285092213114755 0.6263661202185793 0.02113217213114771 0.04326047358834254