0 0.083984375 0.1284722222222222 0.02294921875 0.042534722222222224
1 0.49560546875 0.029947916666666668 0.02880859375 0.04079861111111111
2 0.91845703125 0.1271701388888889 0.03076171875 0.051215277777777776
3 0.09228515625 0.8506944444444444 0.0283203125 0.036458333333333336
4 0.49462890625 0.9583333333333334 0.029296875 0.035590277777777776
5 0.900634765625 0.8758680555555556 0.02294921875 0.043402777777777776
6 0.157470703125 0.22005208333333334 0.0185546875 0.0390625
9 0.689208984375 0.3953993055555556 0.02197265625 0.043402777777777776
10 0.6787109375 0.3342013888888889 0.02099609375 0.042534722222222224
12 0.281005859375 0.4014756944444444 0.02490234375 0.03993055555555555
13 0.6884765625 0.5529513888888888 0.0244140625 0.042534722222222224
14 0.872802734375 0.2243923611111111 0.0185546875 0.036458333333333336
15 0.85498046875 0.2864583333333333 0.01806640625 0.03993055555555555
16 0.129638671875 0.7122395833333334 0.0244140625 0.035590277777777776
17 0.831298828125 0.43359375 0.02197265625 0.03993055555555555
20 0.70849609375 0.4982638888888889 0.025390625 0.046875