0 0.08215932377049179 0.12716302367941712 0.026895491803278715 0.03756830601092895
1 0.4974385245901638 0.030396174863387963 0.02625512295081961 0.04667577413479053
2 0.9229636270491803 0.1174863387978142 0.03073770491803285 0.06375227686703096
3 0.09336577868852457 0.8517759562841533 0.03265881147540983 0.04781420765027337
4 0.4971183401639344 0.956511839708561 0.03201844262295084 0.05236794171220419
5 0.9031121926229508 0.8728369763205828 0.02817622950819687 0.04667577413479042
6 0.5281762295081968 0.372495446265938 0.023693647540983687 0.04553734061930776
7 0.8634093237704917 0.13570127504553733 0.020491803278688492 0.03870673952641167
8 0.32646004098360654 0.18408469945355188 0.021132172131147486 0.03756830601092891
10 0.830110143442623 0.27857468123861573 0.017930327868852514 0.039845173041894374
12 0.9162397540983607 0.4231557377049181 0.014728483606557319 0.033014571948998234
15 0.7977715163934427 0.8159153005464481 0.021132172131147486 0.03529143897996355
16 0.1724513319672131 0.8358378870673954 0.017930327868852458 0.02959927140255007
17 0.8550845286885246 0.1948998178506375 0.01793032786885229 0.036429872495446255
20 0.8582863729508198 0.3372040072859745 0.019211065573770503 0.036429872495446304
21 0.8797387295081969 0.4521857923497267 0.019851434426229497 0.03870673952641157