0 0.08600153688524587 0.12887067395264118 0.028176229508196704 0.04326047358834243
1 0.49615778688524587 0.02811930783242257 0.027535860655737765 0.039845173041894354
2 0.9207223360655737 0.12260928961748634 0.028816598360655643 0.046675774134790515
3 0.09272540983606554 0.8551912568306013 0.023693647540983603 0.04326047358834254
4 0.4942366803278688 0.9553734061930784 0.023693647540983687 0.04781420765027317
5 0.9034323770491803 0.8716985428051005 0.026255122950819665 0.04667577413479061
6 0.67578125 0.5301684881602915 0.023053278688524692 0.0443989071038252
8 0.305968237704918 0.6417349726775956 0.023693647540983687 0.039845173041894374
10 0.8198642418032787 0.4066484517304189 0.021772540983606703 0.04098360655737703
17 0.4356429303278688 0.4163251366120218 0.02561475409836056 0.039845173041894374
18 0.5617955942622951 0.6656420765027322 0.02305327868852447 0.046675774134790515
20 0.7782402663934427 0.4994307832422586 0.023053278688524692 0.039845173041894374