0 0.08408043032786883 0.12716302367941712 0.028176229508196704 0.03756830601092895
1 0.4996798155737705 0.029826958105646617 0.02561475409836067 0.04553734061930784
2 0.920722336065574 0.1260245901639344 0.030097336065573632 0.04439890710382514
3 0.0946465163934426 0.8540528233151186 0.028816598360655726 0.03870673952641152
4 0.49231557377049184 0.9599271402550092 0.0288165983606557 0.04326047358834254
5 0.9027920081967213 0.8768214936247725 0.028816598360655643 0.04553734061930786
6 0.3354252049180328 0.32581967213114754 0.024974385245901676 0.04098360655737703
7 0.13178790983606556 0.6275045537340619 0.019851434426229497 0.03187613843351558
9 0.6444031762295083 0.5996129326047359 0.02561475409836067 0.046675774134790515
10 0.7718365778688525 0.11407103825136611 0.020491803278688492 0.04326047358834243
11 0.7603099385245902 0.18123861566484517 0.019211065573770503 0.04553734061930786
12 0.7913678278688524 0.30931238615664847 0.018570696721311286 0.0443989071038251
14 0.7052382172131147 0.7089025500910747 0.02177254098360648 0.042122040072859884
15 0.7977715163934426 0.23246812386156648 0.022412909836065475 0.036429872495446304
16 0.7260502049180328 0.17213114754098358 0.021132172131147486 0.04098360655737703
17 0.23680840163934427 0.15562386156648453 0.022412909836065587 0.04212204007285979
19 0.3523949795081967 0.24271402550091073 0.02177254098360648 0.043260473588342445
20 0.9043929303278688 0.48292349726775957 0.016649590163934302 0.03870673952641172
21 0.677061987704918 0.8386839708561021 0.02433401639344268 0.03756830601092906