0 0.08504098360655735 0.12830145719489983 0.03137807377049179 0.04212204007285974
1 0.4964779713114753 0.02925774134790527 0.028176229508196704 0.04212204007285974
2 0.9216828893442623 0.12374772313296901 0.02817622950819687 0.053506375227686705
3 0.09752817622950817 0.8534836065573772 0.026895491803278687 0.0443989071038252
4 0.49615778688524587 0.9548041894353371 0.027535860655737765 0.039845173041894576
5 0.9027920081967213 0.8768214936247722 0.024974385245901676 0.0523679417122039
6 0.5124871926229508 0.40892531876138427 0.02561475409836067 0.04553734061930786
8 0.7366162909836066 0.18066939890710385 0.02177254098360648 0.04212204007285974
10 0.8890240778688526 0.14651639344262293 0.019211065573770503 0.0352914389799636
12 0.7852843237704917 0.670195810564663 0.020491803278688492 0.042122040072859884
15 0.8915855532786886 0.1886384335154827 0.01921106557377028 0.03529143897996355
16 0.17405225409836064 0.8381147540983607 0.021132172131147542 0.03642987249544621
17 0.8406762295081969 0.8449453551912569 0.019851434426229497 0.03870673952641152
20 0.9021516393442625 0.2421448087431694 0.01728995901639352 0.03529143897996355
21 0.4001024590163935 0.6383196721311476 0.026255122950819665 0.0443989071038252