0 0.0834400614754098 0.12545537340619306 0.02945696721311475 0.04553734061930781
1 0.49551741803278687 0.02925774134790527 0.028816598360655754 0.039845173041894354
2 0.9188012295081966 0.12317850637522769 0.022412909836065698 0.04098360655737703
3 0.09688780737704916 0.8557604735883425 0.025614754098360643 0.03529143897996355
4 0.49295594262295084 0.9548041894353371 0.0288165983606557 0.046675774134790515
5 0.9037525614754099 0.8779599271402552 0.02817622950819665 0.04781420765027317
6 0.4951972336065573 0.8181921675774136 0.029456967213114693 0.04212204007285969
8 0.6469646516393444 0.2888205828779599 0.02433401639344268 0.0443989071038251
9 0.8073770491803279 0.7032103825136612 0.01985143442622972 0.03756830601092906
10 0.6741803278688525 0.670195810564663 0.023693647540983687 0.0443989071038252
11 0.768954918032787 0.6314890710382515 0.021132172131147486 0.042122040072859884
12 0.8272284836065573 0.8142076502732241 0.018570696721311508 0.03415300546448089
13 0.5694800204918032 0.7789162112932606 0.02433401639344268 0.03870673952641172
14 0.5979764344262295 0.7601320582877961 0.022412909836065475 0.04212204007285969
15 0.7622310450819673 0.17270036429872496 0.020491803278688492 0.039845173041894374
17 0.712922643442623 0.6798724954462659 0.023053278688524692 0.03642987249544621
18 0.6383196721311476 0.18351548269581056 0.022412909836065698 0.03870673952641162
20 0.8358734631147542 0.5352914389799636 0.020491803278688492 0.03187613843351558
21 0.596375512295082 0.12431693989071037 0.023053278688524692 0.03870673952641163