1 0.235107421875 0.5095486111111112 0.01611328125 0.050347222222222224
4 0.756103515625 0.5125868055555556 0.02294921875 0.044270833333333336
8 0.31689453125 0.9019097222222222 0.0205078125 0.042534722222222224
10 0.542236328125 0.15234375 0.025390625 0.0390625
11 0.492919921875 0.06336805555555555 0.0244140625 0.04513888888888889
13 0.489013671875 0.1697048611111111 0.025390625 0.03732638888888889
12 0.322021484375 0.0802951388888889 0.02294921875 0.043402777777777776
16 0.435546875 0.1675347222222222 0.0224609375 0.03732638888888889
18 0.450439453125 0.2404513888888889 0.02490234375 0.044270833333333336
20 0.503173828125 0.1384548611111111 0.025390625 0.052083333333333336
21 0.510498046875 0.1857638888888889 0.02392578125 0.044270833333333336