0 0.08600153688524587 0.12716302367941712 0.026895491803278687 0.046675774134790515
1 0.4967981557377049 0.02698087431693987 0.02881659836065581 0.030737704918032786
2 0.9184810450819673 0.1260245901639344 0.029456967213114638 0.046675774134790515
3 0.09592725409836063 0.8563296903460839 0.023693647540983603 0.04781420765027337
4 0.4945568647540983 0.9582194899817852 0.02689549180327866 0.042122040072859884
5 0.9018314549180328 0.8790983606557378 0.029456967213114638 0.04781420765027317
7 0.5118468237704918 0.13114754098360656 0.02177254098360648 0.040983606557377046
8 0.4119492827868852 0.42657103825136616 0.02305327868852458 0.03984517304189442
9 0.7289318647540983 0.4760928961748634 0.02561475409836067 0.04553734061930786
10 0.3578381147540983 0.24157559198542802 0.022412909836065587 0.036429872495446304
11 0.30692879098360654 0.14310109289617484 0.021772540983606592 0.03529143897996355
12 0.8829405737704917 0.26320582877959925 0.018570696721311508 0.03415300546448089
13 0.7327740778688524 0.39981785063752273 0.023053278688524692 0.04553734061930776
14 0.6357581967213115 0.5324453551912568 0.024974385245901676 0.0443989071038252
15 0.8041752049180328 0.5665983606557378 0.019851434426229497 0.039845173041894374
16 0.7952100409836066 0.8290072859744991 0.019851434426229497 0.03642987249544621
17 0.6892289959016393 0.5091074681238615 0.02433401639344268 0.04326047358834254
18 0.6648949795081968 0.6901183970856102 0.02561475409836067 0.04098360655737703
19 0.7302126024590164 0.720856102003643 0.02689549180327866 0.04553734061930786
20 0.7113217213114754 0.5039845173041894 0.024974385245901676 0.0443989071038252
21 0.7599897540983607 0.5688752276867031 0.024974385245901676 0.04895264116575583