0 0.08215932377049179 0.12716302367941712 0.02561475409836067 0.04212204007285974
1 0.496798155737705 0.028119307832422565 0.02753586065573771 0.03301457194899818
2 0.9188012295081969 0.11976320582877958 0.026255122950819665 0.04098360655737703
3 0.09592725409836063 0.8523451730418945 0.021132172131147542 0.04212204007285969
4 0.4948770491803278 0.9570810564663024 0.02497438524590162 0.037568306010928865
5 0.9008709016393444 0.8756830601092899 0.023693647540983687 0.04553734061930776
6 0.7289318647540983 0.19148451730418942 0.020491803278688492 0.03870673952641167
7 0.5217725409836066 0.5335837887067396 0.024974385245901676 0.04212204007285969
8 0.8278688524590164 0.6053051001821493 0.01985143442622972 0.039845173041894374
9 0.7004354508196722 0.5916438979963571 0.021132172131147486 0.037568306010928865
10 0.8566854508196722 0.5443989071038252 0.018570696721311508 0.03642987249544621
11 0.7692751024590164 0.6314890710382515 0.019211065573770503 0.039845173041894374
12 0.5332991803278688 0.5813979963570127 0.022412909836065475 0.037568306010928865
13 0.8640496926229508 0.485200364298725 0.017930327868852514 0.03642987249544621
14 0.41098872950819665 0.4277094717668488 0.022412909836065475 0.039845173041894326
15 0.7638319672131147 0.17326958105646628 0.019851434426229497 0.02959927140255007
17 0.712282274590164 0.6804417122040074 0.02433401639344268 0.04212204007285969
18 0.6581711065573771 0.2586520947176685 0.018570696721311508 0.04098360655737703
19 0.26818647540983603 0.8142076502732241 0.028816598360655754 0.02959927140255007
20 0.8317110655737704 0.5250455373406192 0.02113217213114771 0.05009107468123849
21 0.6501664959016393 0.8591757741347907 0.02817622950819665 0.037568306010928865