0 0.0831198770491803 0.12716302367941712 0.03393954918032788 0.044398907103825117
1 0.4977587090163935 0.02925774134790527 0.024334016393442626 0.039845173041894354
2 0.9184810450819673 0.11976320582877958 0.02305327868852447 0.04553734061930781
3 0.09240522540983603 0.8534836065573771 0.02305327868852458 0.039845173041894374
4 0.4948770491803278 0.9559426229508197 0.02497438524590162 0.042122040072859884
5 0.9024718237704917 0.8773907103825137 0.03201844262295084 0.05122950819672134
6 0.3552766393442623 0.7931466302367942 0.022412909836065587 0.039845173041894374
7 0.8630891393442625 0.13513205828779598 0.01728995901639352 0.033014571948998185
8 0.6815445696721312 0.10894808743169397 0.02305327868852447 0.039845173041894354
10 0.15035860655737704 0.8170537340619308 0.018570696721311508 0.033014571948998234
12 0.6969134221311475 0.8785291438979965 0.023053278688524692 0.035291438979963646
14 0.8550845286885246 0.36851092896174864 0.019211065573770503 0.033014571948998137
15 0.6652151639344263 0.7863160291438981 0.023693647540983687 0.037568306010928865
16 0.11898053278688522 0.8244535519125685 0.023693647540983617 0.03187613843351558
17 0.7827228483606558 0.27060564663023684 0.02177254098360648 0.04212204007285969
20 0.8582863729508198 0.4265710382513661 0.01793032786885229 0.033014571948998137
21 0.8630891393442623 0.4647085610200363 0.018570696721311508 0.03415300546448089