0 0.083740234375 0.1284722222222222 0.0263671875 0.042534722222222224
1 0.496826171875 0.028645833333333332 0.0302734375 0.0390625
2 0.91845703125 0.12369791666666667 0.02294921875 0.04861111111111111
3 0.096923828125 0.8576388888888888 0.0244140625 0.04079861111111111
4 0.4931640625 0.9565972222222222 0.0244140625 0.036458333333333336
5 0.90380859375 0.8758680555555556 0.02197265625 0.043402777777777776
6 0.1748046875 0.5416666666666666 0.0263671875 0.03732638888888889
7 0.814697265625 0.6072048611111112 0.01806640625 0.0390625
8 0.78369140625 0.4262152777777778 0.0224609375 0.036458333333333336
9 0.823974609375 0.8676215277777778 0.0185546875 0.033854166666666664
10 0.655029296875 0.09027777777777778 0.0224609375 0.04079861111111111
12 0.893798828125 0.6592881944444444 0.0185546875 0.0390625
13 0.156494140625 0.5598958333333334 0.01904296875 0.035590277777777776
14 0.793701171875 0.8836805555555556 0.02197265625 0.033854166666666664
15 0.748046875 0.6697048611111112 0.0205078125 0.036458333333333336
17 0.085693359375 0.4848090277777778 0.01708984375 0.035590277777777776
18 0.825927734375 0.7261284722222222 0.02001953125 0.035590277777777776
19 0.130615234375 0.6284722222222222 0.02001953125 0.03211805555555555
20 0.898193359375 0.55078125 0.02099609375 0.042534722222222224
21 0.7802734375 0.8159722222222222 0.0205078125 0.03732638888888889