1 0.764892578125 0.4926215277777778 0.02001953125 0.052083333333333336
4 0.24267578125 0.4895833333333333 0.02294921875 0.058159722222222224
6 0.67333984375 0.6692708333333334 0.0224609375 0.0390625
8 0.495849609375 0.7834201388888888 0.02392578125 0.044270833333333336
9 0.525634765625 0.9891493055555556 0.02294921875 0.021701388888888888
10 0.696044921875 0.9717881944444444 0.02197265625 0.033854166666666664
11 0.689453125 0.9110243055555556 0.0244140625 0.030381944444444444
13 0.55126953125 0.8285590277777778 0.02685546875 0.0390625
14 0.413330078125 0.8142361111111112 0.02490234375 0.044270833333333336
15 0.413330078125 0.5933159722222222 0.0224609375 0.03993055555555555
16 0.65283203125 0.8854166666666666 0.02490234375 0.033854166666666664
17 0.6240234375 0.5260416666666666 0.02099609375 0.03732638888888889
19 0.306884765625 0.296875 0.02001953125 0.036458333333333336
20 0.541259765625 0.8715277777777778 0.02099609375 0.036458333333333336
21 0.370849609375 0.8311631944444444 0.02490234375 0.044270833333333336