0 0.08183913934426228 0.12545537340619306 0.026255122950819693 0.04553734061930781
1 0.498078893442623 0.031534608378870656 0.0313780737704919 0.04212204007285974
2 0.9200819672131146 0.12260928961748634 0.027535860655737654 0.044398907103825117
3 0.09432633196721309 0.8540528233151186 0.024334016393442626 0.04781420765027317
4 0.49551741803278687 0.9536657559198544 0.030097336065573743 0.039845173041894576
5 0.908235143442623 0.8728369763205828 0.03329918032786883 0.048952641165755734
8 0.3523949795081967 0.7720856102003644 0.02561475409836067 0.04553734061930786
9 0.2787525614754098 0.11407103825136611 0.020491803278688492 0.04326047358834243
10 0.22304047131147542 0.5529371584699454 0.02305327868852458 0.0443989071038252
11 0.5089651639344263 0.893897996357013 0.02753586065573771 0.043260473588342445
13 0.3837730532786885 0.11407103825136611 0.02433401639344257 0.04098360655737703
21 0.1180199795081967 0.21937613843351547 0.019211065573770503 0.03529143897996355