0 0.084716796875 0.13020833333333334 0.02685546875 0.0390625
1 0.49609375 0.026041666666666668 0.03125 0.03298611111111111
2 0.918701171875 0.1232638888888889 0.02490234375 0.04079861111111111
3 0.091552734375 0.8532986111111112 0.02734375 0.04861111111111111
4 0.49365234375 0.9526909722222222 0.02734375 0.044270833333333336
5 0.901123046875 0.8763020833333334 0.0244140625 0.05381944444444445
6 0.17919921875 0.7990451388888888 0.02001953125 0.035590277777777776
9 0.6298828125 0.6085069444444444 0.02490234375 0.044270833333333336
10 0.6396484375 0.8723958333333334 0.02392578125 0.036458333333333336
11 0.265380859375 0.4887152777777778 0.0244140625 0.04079861111111111
12 0.86083984375 0.3680555555555556 0.0205078125 0.036458333333333336
20 0.87841796875 0.8046875 0.02001953125 0.035590277777777776