0 0.082763671875 0.12760416666666666 0.0283203125 0.04774305555555555
1 0.49658203125 0.02734375 0.0244140625 0.036458333333333336
2 0.91845703125 0.125 0.025390625 0.051215277777777776
3 0.094970703125 0.8606770833333334 0.0283203125 0.043402777777777776
4 0.49462890625 0.9583333333333334 0.029296875 0.042534722222222224
5 0.903076171875 0.8802083333333334 0.0283203125 0.04774305555555555
7 0.531494140625 0.17274305555555555 0.0224609375 0.046875
8 0.555419921875 0.3246527777777778 0.0244140625 0.050347222222222224
9 0.7275390625 0.4774305555555556 0.02197265625 0.04513888888888889
10 0.419677734375 0.17838541666666666 0.02294921875 0.042534722222222224
11 0.12158203125 0.4071180555555556 0.0185546875 0.035590277777777776
12 0.90380859375 0.29296875 0.0166015625 0.043402777777777776
13 0.732177734375 0.3988715277777778 0.025390625 0.043402777777777776
14 0.63671875 0.5316840277777778 0.025390625 0.043402777777777776
15 0.8056640625 0.5651041666666666 0.01904296875 0.043402777777777776
16 0.82373046875 0.84765625 0.0205078125 0.03993055555555555
17 0.687255859375 0.5104166666666666 0.02294921875 0.04513888888888889
18 0.664306640625 0.6896701388888888 0.025390625 0.03732638888888889
19 0.73046875 0.7235243055555556 0.02099609375 0.03732638888888889
20 0.70947265625 0.50390625 0.02392578125 0.035590277777777776
21 0.76025390625 0.5694444444444444 0.0205078125 0.0390625