0 0.08504098360655735 0.12488615664845172 0.026255122950819665 0.04439890710382514
1 0.4958376024590164 0.02925774134790527 0.026895491803278715 0.04212204007285974
2 0.9188012295081969 0.11919398907103823 0.026255122950819665 0.05122950819672129
3 0.09432633196721309 0.8540528233151186 0.028176229508196732 0.04553734061930786
4 0.4942366803278688 0.9525273224043718 0.027535860655737654 0.037568306010928865
5 0.9050332991803279 0.8768214936247725 0.03073770491803285 0.05464480874316951
8 0.5204918032786886 0.12033242258652094 0.028816598360655643 0.04212204007285974
9 0.4554943647540983 0.16188524590163936 0.02433401639344268 0.045537340619307906
10 0.20126793032786883 0.4817850637522769 0.02561475409836067 0.04098360655737703
11 0.2582607581967213 0.7766393442622953 0.02817622950819676 0.04098360655737703
13 0.4580558401639344 0.10097905282331511 0.02561475409836067 0.04439890710382515
21 0.35623719262295084 0.37078779599271394 0.02689549180327866 0.0443989071038251