0 0.083740234375 0.1232638888888889 0.02880859375 0.050347222222222224
1 0.500244140625 0.031684027777777776 0.033203125 0.042534722222222224
2 0.921142578125 0.12369791666666667 0.0244140625 0.046875
3 0.094970703125 0.8524305555555556 0.0322265625 0.051215277777777776
4 0.4951171875 0.9548611111111112 0.025390625 0.035590277777777776
5 0.90380859375 0.8763020833333334 0.025390625 0.051215277777777776
8 0.81591796875 0.7664930555555556 0.02294921875 0.043402777777777776
9 0.683349609375 0.1723090277777778 0.0244140625 0.043402777777777776
10 0.820068359375 0.4739583333333333 0.02099609375 0.04079861111111111
11 0.2021484375 0.4748263888888889 0.02490234375 0.04079861111111111
13 0.73193359375 0.4162326388888889 0.0224609375 0.046875
21 0.116943359375 0.2183159722222222 0.02099609375 0.03298611111111111