0 0.08215932377049179 0.13114754098360656 0.02561475409836067 0.0500910746812386
1 0.498078893442623 0.029826958105646617 0.0313780737704919 0.040983606557377046
2 0.9200819672131146 0.12374772313296901 0.022412909836065475 0.046675774134790515
3 0.09272540983606554 0.8540528233151186 0.024974385245901648 0.04553734061930786
4 0.49391649590163933 0.9548041894353371 0.02817622950819665 0.042122040072859884
5 0.9027920081967213 0.8762522768670311 0.026255122950819665 0.04667577413479061
6 0.654328893442623 0.818761384335155 0.022412909836065698 0.04326047358834235
7 0.8073770491803279 0.6508424408014571 0.01985143442622972 0.04212204007285969
8 0.772797131147541 0.48690801457194893 0.019851434426229497 0.046675774134790515
9 0.15868340163934425 0.26434426229508196 0.019851434426229497 0.03870673952641162
10 0.8089779713114755 0.3406193078324226 0.02177254098360648 0.04553734061930786
12 0.7247694672131147 0.6815801457194901 0.023693647540983687 0.037568306010928865
13 0.15580174180327866 0.5597677595628414 0.020491803278688547 0.039845173041894374
14 0.79296875 0.8819444444444444 0.020491803278688492 0.037568306010928865
15 0.1602843237704918 0.14310109289617484 0.020491803278688547 0.03756830601092896
17 0.08536116803278687 0.483492714025501 0.016649590163934413 0.039845173041894374
18 0.793609118852459 0.7965619307832424 0.02177254098360648 0.033014571948998234
19 0.130186987704918 0.6263661202185793 0.021772540983606536 0.03187613843351558
20 0.6363985655737706 0.6571038251366121 0.021132172131147486 0.04326047358834254
21 0.7029969262295083 0.7202868852459017 0.023693647540983687 0.0443989071038252