0 0.08600153688524587 0.13114754098360656 0.028176229508196704 0.04781420765027322
1 0.4958376024590164 0.02527322404371583 0.028176229508196704 0.036429872495446255
2 0.9175204918032787 0.12317850637522769 0.026255122950819665 0.04098360655737703
3 0.09560706967213112 0.8523451730418945 0.024334016393442626 0.039845173041894374
4 0.49359631147540983 0.9542349726775957 0.0275358606557376 0.03642987249544621
5 0.9018314549180328 0.8790983606557378 0.02305327868852447 0.04553734061930786
6 0.8358734631147542 0.15220856102003644 0.020491803278688492 0.04439890710382515
7 0.810578893442623 0.32012750455373407 0.021132172131147486 0.03870673952641162
8 0.2745901639344262 0.17213114754098358 0.026255122950819665 0.04098360655737703
9 0.8512423155737704 0.22734517304189433 0.019211065573770503 0.035291438979963646
10 0.6956326844262295 0.5757058287795993 0.02433401639344268 0.0443989071038252
11 0.7468621926229508 0.4880464480874317 0.02433401639344268 0.0443989071038252
12 0.6421618852459017 0.48292349726775957 0.024974385245901676 0.03642987249544621
13 0.6866675204918034 0.4795081967213115 0.020491803278688492 0.04553734061930786
14 0.2003073770491803 0.32012750455373407 0.021132172131147542 0.04098360655737703
15 0.8925461065573771 0.29451275045537334 0.01728995901639352 0.03529143897996355
16 0.6498463114754098 0.25466757741347906 0.023693647540983687 0.046675774134790515
18 0.7926485655737706 0.27629781420765026 0.021132172131147486 0.03756830601092896
20 0.8291495901639344 0.7020719489981785 0.023693647540983687 0.03756830601092906
21 0.675140881147541 0.5210610200364298 0.02433401639344268 0.0443989071038252