0 0.08215932377049177 0.12204007285974498 0.02945696721311475 0.04326047358834243
1 0.4977587090163934 0.030396174863387963 0.03073770491803285 0.04212204007285974
2 0.9200819672131146 0.11976320582877958 0.022412909836065475 0.04781420765027322
3 0.09272540983606554 0.8546220400728598 0.02241290983606556 0.04895264116575583
4 0.4948770491803279 0.956511839708561 0.030097336065573743 0.04326047358834254
5 0.9021516393442623 0.876252276867031 0.022412909836065698 0.05578324225865207
6 0.12794569672131145 0.48633879781420764 0.019851434426229497 0.03642987249544621
7 0.8160220286885246 0.6081511839708561 0.019211065573770503 0.04781420765027317
8 0.7462218237704918 0.7931466302367942 0.019211065573770503 0.04212204007285969
9 0.8310706967213115 0.8523451730418945 0.018570696721311508 0.03529143897996355
10 0.6552894467213115 0.08959471766848814 0.02433401639344268 0.039845173041894354
12 0.8765368852459017 0.6639344262295082 0.019851434426229497 0.04326047358834235
13 0.15548155737704916 0.5597677595628414 0.021132172131147542 0.042122040072859884
14 0.7932889344262295 0.8825136612021859 0.022412909836065475 0.02959927140255007
15 0.7603099385245902 0.19262295081967212 0.02177254098360648 0.04553734061930786
17 0.08728227459016391 0.4840619307832422 0.02049180327868852 0.03415300546448089
18 0.8393954918032787 0.8062386156648453 0.022412909836065698 0.04326047358834235
19 0.11321721311475406 0.7863160291438981 0.022412909836065587 0.033014571948998234
20 0.9034323770491803 0.5540755919854281 0.019851434426229497 0.03529143897996355
21 0.7820824795081966 0.817053734061931 0.023053278688524692 0.037568306010928865