0 0.0834400614754098 0.1294398907103825 0.026895491803278687 0.033014571948998185
1 0.496798155737705 0.030396174863387963 0.02753586065573771 0.039845173041894354
2 0.9175204918032787 0.12374772313296901 0.022412909836065698 0.04439890710382514
3 0.09400614754098358 0.8529143897996357 0.03137807377049179 0.04098360655737703
4 0.4951972336065573 0.9570810564663024 0.026895491803278715 0.037568306010928865
5 0.9040727459016393 0.8756830601092899 0.024974385245901676 0.04781420765027327
6 0.5144082991803279 0.4100637522768669 0.02689549180327866 0.043260473588342445
8 0.6981941598360657 0.29792805100182146 0.023053278688524692 0.04212204007285969
9 0.7952100409836066 0.6872723132969035 0.019851434426229497 0.03984517304189418
10 0.8157018442622951 0.7481785063752278 0.024974385245901676 0.04098360655737684
11 0.770235655737705 0.6337659380692168 0.019851434426229497 0.04895264116575583
13 0.5134477459016393 0.07764116575591985 0.024974385245901676 0.04553734061930784
14 0.35015368852459017 0.7311020036429873 0.024974385245901676 0.04553734061930786
15 0.7798411885245902 0.46869307832422596 0.024974385245901676 0.039845173041894374
17 0.712922643442623 0.679872495446266 0.02177254098360648 0.04553734061930786
18 0.6376793032786886 0.15505464480874318 0.023693647540983687 0.04098360655737708
20 0.8355532786885246 0.5347222222222222 0.02113217213114771 0.039845173041894374
21 0.4183529713114754 0.4419398907103825 0.02433401639344268 0.043260473588342445