0 0.083740234375 0.12369791666666667 0.03125 0.044270833333333336
1 0.49609375 0.02734375 0.03125 0.0390625
2 0.91943359375 0.125 0.02880859375 0.06076388888888889
3 0.092041015625 0.8528645833333334 0.0224609375 0.03211805555555555
4 0.494873046875 0.9518229166666666 0.02734375 0.036458333333333336
5 0.904296875 0.8732638888888888 0.025390625 0.050347222222222224
6 0.91015625 0.4110243055555556 0.01806640625 0.0390625
7 0.1318359375 0.6293402777777778 0.02099609375 0.042534722222222224
8 0.875 0.765625 0.01904296875 0.03993055555555555
9 0.8330078125 0.26953125 0.0185546875 0.042534722222222224
10 0.771240234375 0.11024305555555555 0.01806640625 0.03993055555555555
11 0.75 0.1597222222222222 0.0244140625 0.043402777777777776
12 0.704345703125 0.23741319444444445 0.02490234375 0.042534722222222224
13 0.501220703125 0.3606770833333333 0.02392578125 0.042534722222222224
14 0.551513671875 0.6519097222222222 0.02685546875 0.044270833333333336
15 0.79833984375 0.23350694444444445 0.02099609375 0.036458333333333336
16 0.7216796875 0.14366319444444445 0.0224609375 0.043402777777777776
17 0.37890625 0.1072048611111111 0.02392578125 0.04079861111111111
19 0.352783203125 0.2439236111111111 0.0224609375 0.04079861111111111
20 0.91015625 0.6657986111111112 0.01806640625 0.035590277777777776
21 0.677490234375 0.83984375 0.02734375 0.042534722222222224