0 0.08504098360655735 0.12887067395264118 0.026255122950819665 0.038706739526411654
1 0.4971183401639344 0.0343806921675774 0.028176229508196704 0.038706739526411654
2 0.9188012295081966 0.12488615664845172 0.024974385245901676 0.048952641165755914
3 0.09432633196721309 0.8568989071038252 0.021772540983606564 0.044398907103825005
4 0.4945568647540983 0.956511839708561 0.03073770491803285 0.04553734061930786
5 0.9024718237704917 0.8751138433515484 0.02945696721311486 0.053506375227686656
6 0.639280225409836 0.3702185792349727 0.023053278688524692 0.04098360655737703
7 0.8349129098360657 0.24043715846994532 0.019851434426229497 0.038706739526411696
8 0.5284964139344263 0.9075591985428052 0.02817622950819665 0.03187613843351558
9 0.5349001024590164 0.5 0.02433401639344268 0.05009107468123868
10 0.6645747950819673 0.10496357012750453 0.026255122950819665 0.04098360655737707
11 0.7462218237704917 0.20173041894353372 0.023053278688524692 0.04326047358834237
12 0.8281890368852459 0.830145719489982 0.02177254098360648 0.03870673952641152
13 0.8211449795081966 0.4436475409836065 0.020491803278688492 0.04439890710382515
14 0.4007428278688525 0.44023224043715836 0.024974385245901676 0.0443989071038251
15 0.600217725409836 0.5017076502732241 0.023053278688524692 0.0443989071038252
16 0.29796362704918034 0.8699908925318761 0.02433401639344268 0.03870673952641152
17 0.7856045081967213 0.1448087431693989 0.021132172131147486 0.04098360655737708
18 0.383452868852459 0.14082422586520946 0.023693647540983576 0.04212204007285974
19 0.6680968237704918 0.7202868852459017 0.020491803278688492 0.039845173041894374
20 0.08856301229508194 0.3918488160291439 0.02305327868852458 0.03187613843351548
21 0.7920081967213115 0.8460837887067397 0.019851434426229497 0.04098360655737703