0 0.080810546875 0.12239583333333333 0.029296875 0.042534722222222224
1 0.49755859375 0.024305555555555556 0.02880859375 0.0390625
2 0.922607421875 0.12369791666666667 0.02880859375 0.051215277777777776
3 0.09375 0.8559027777777778 0.03466796875 0.046875
4 0.494873046875 0.9583333333333334 0.03125 0.046875
5 0.904052734375 0.8767361111111112 0.02734375 0.04774305555555555
8 0.570556640625 0.1267361111111111 0.02490234375 0.043402777777777776
9 0.332275390625 0.328125 0.0224609375 0.043402777777777776
10 0.200927734375 0.48046875 0.02392578125 0.04079861111111111
11 0.877197265625 0.2660590277777778 0.02099609375 0.03993055555555555
13 0.3759765625 0.4157986111111111 0.02685546875 0.043402777777777776
21 0.34130859375 0.4613715277777778 0.02490234375 0.04079861111111111