0 0.08544921875 0.1293402777777778 0.029296875 0.03732638888888889
1 0.498291015625 0.028645833333333332 0.02685546875 0.0390625
2 0.92236328125 0.12196180555555555 0.02685546875 0.04513888888888889
3 0.09375 0.8563368055555556 0.033203125 0.04079861111111111
4 0.49462890625 0.9565972222222222 0.0244140625 0.04079861111111111
5 0.9033203125 0.8758680555555556 0.02490234375 0.043402777777777776
6 0.890869140625 0.7170138888888888 0.01904296875 0.03993055555555555
8 0.6982421875 0.2994791666666667 0.02197265625 0.043402777777777776
9 0.805419921875 0.7317708333333334 0.02392578125 0.042534722222222224
10 0.52880859375 0.7799479166666666 0.0263671875 0.043402777777777776
11 0.7705078125 0.6332465277777778 0.02197265625 0.04079861111111111
13 0.263427734375 0.12890625 0.02197265625 0.0390625
14 0.224365234375 0.1267361111111111 0.02197265625 0.036458333333333336
15 0.7783203125 0.4683159722222222 0.0205078125 0.04079861111111111
17 0.71240234375 0.6770833333333334 0.0244140625 0.042534722222222224
18 0.637939453125 0.15321180555555555 0.02294921875 0.042534722222222224
20 0.836181640625 0.5347222222222222 0.0185546875 0.042534722222222224
21 0.4189453125 0.4401041666666667 0.0244140625 0.042534722222222224