0 0.08279969262295078 0.12260928961748634 0.030737704918032793 0.044398907103825117
1 0.4977587090163935 0.02982695810564661 0.028176229508196704 0.03642987249544627
2 0.9207223360655737 0.12659380692167577 0.028816598360655643 0.052367941712204
3 0.09368596311475408 0.8557604735883425 0.03457991803278687 0.048952641165756025
4 0.49455686475409844 0.957650273224044 0.029456967213114693 0.04326047358834254
5 0.9037525614754099 0.8768214936247725 0.02561475409836067 0.05464480874316951
6 0.8157018442622951 0.8142076502732241 0.018570696721311508 0.03870673952641152
12 0.33350409836065575 0.3696493624772313 0.026255122950819665 0.04212204007285969
15 0.8790983606557377 0.25466757741347906 0.01728995901639352 0.035291438979963646
17 0.7033171106557378 0.13228597449908924 0.023053278688524692 0.043260473588342445
20 0.22592213114754098 0.4339708561020037 0.021132172131147542 0.03415300546448089
21 0.7398181352459017 0.4948770491803278 0.021772540983606703 0.0443989071038252