0 0.0830078125 0.12413194444444445 0.02734375 0.043402777777777776
1 0.496826171875 0.026909722222222224 0.03125 0.03993055555555555
2 0.923583984375 0.1232638888888889 0.025390625 0.050347222222222224
3 0.0966796875 0.8546006944444444 0.02490234375 0.035590277777777776
4 0.494873046875 0.95703125 0.0302734375 0.044270833333333336
5 0.90478515625 0.8763020833333334 0.02490234375 0.044270833333333336
6 0.814453125 0.23828125 0.0185546875 0.043402777777777776
7 0.51953125 0.5316840277777778 0.029296875 0.04513888888888889
8 0.8173828125 0.5789930555555556 0.02294921875 0.044270833333333336
9 0.6943359375 0.5651041666666666 0.02294921875 0.04513888888888889
10 0.85693359375 0.5442708333333334 0.0205078125 0.036458333333333336
11 0.7705078125 0.6310763888888888 0.02197265625 0.04079861111111111
12 0.533203125 0.5785590277777778 0.02734375 0.043402777777777776
13 0.864990234375 0.4874131944444444 0.02001953125 0.033854166666666664
14 0.410400390625 0.4288194444444444 0.0224609375 0.042534722222222224
15 0.765869140625 0.17491319444444445 0.0224609375 0.044270833333333336
16 0.521240234375 0.7795138888888888 0.02734375 0.042534722222222224
17 0.706787109375 0.6536458333333334 0.02392578125 0.04774305555555555
18 0.658203125 0.2569444444444444 0.02392578125 0.03732638888888889
19 0.431884765625 0.6723090277777778 0.0244140625 0.03993055555555555
20 0.793212890625 0.5494791666666666 0.02001953125 0.03732638888888889
21 0.650146484375 0.8550347222222222 0.02685546875 0.036458333333333336