0 0.083984375 0.12586805555555555 0.03076171875 0.03732638888888889
1 0.495849609375 0.029079861111111112 0.029296875 0.035590277777777776
2 0.91845703125 0.125 0.025390625 0.03993055555555555
3 0.093017578125 0.8502604166666666 0.02685546875 0.03993055555555555
4 0.494140625 0.9574652777777778 0.03271484375 0.04079861111111111
5 0.901611328125 0.8745659722222222 0.02099609375 0.04774305555555555
6 0.59521484375 0.1918402777777778 0.02197265625 0.03993055555555555
7 0.843505859375 0.5225694444444444 0.01806640625 0.04079861111111111
8 0.659423828125 0.5073784722222222 0.02490234375 0.042534722222222224
9 0.779296875 0.4544270833333333 0.02001953125 0.04079861111111111
10 0.765380859375 0.15147569444444445 0.01904296875 0.0390625
11 0.731201171875 0.16319444444444445 0.01708984375 0.043402777777777776
12 0.829833984375 0.6432291666666666 0.02099609375 0.043402777777777776
13 0.684814453125 0.4088541666666667 0.02197265625 0.04774305555555555
14 0.6767578125 0.6540798611111112 0.02490234375 0.044270833333333336
15 0.552490234375 0.6540798611111112 0.0224609375 0.03993055555555555
16 0.716796875 0.2282986111111111 0.01904296875 0.044270833333333336
17 0.5146484375 0.2795138888888889 0.02099609375 0.03732638888888889
18 0.826171875 0.12022569444444445 0.01904296875 0.042534722222222224
19 0.3857421875 0.8433159722222222 0.0205078125 0.035590277777777776
20 0.708984375 0.4266493055555556 0.0205078125 0.03732638888888889
21 0.686279296875 0.7296006944444444 0.02490234375 0.044270833333333336