0 0.08183913934426226 0.13114754098360656 0.037781762295081955 0.04553734061930781
1 0.4971183401639344 0.02811930783242257 0.02945696721311486 0.03756830601092896
2 0.9226434426229508 0.12716302367941712 0.03137807377049162 0.046675774134790515
3 0.09432633196721309 0.8534836065573771 0.024334016393442626 0.04212204007285969
4 0.49359631147540983 0.9570810564663024 0.0275358606557376 0.03984517304189418
5 0.9018314549180328 0.8762522768670311 0.02689549180327866 0.053506375227686656
6 0.3994620901639344 0.8591757741347907 0.026255122950819665 0.03984517304189418
8 0.7635117827868853 0.8312841530054647 0.019211065573770503 0.03642987249544621
10 0.6866675204918034 0.7572859744990894 0.02689549180327866 0.04098360655737684
12 0.7894467213114753 0.6582422586520947 0.022412909836065475 0.04098360655737703
13 0.692110655737705 0.6770264116575592 0.022412909836065475 0.03529143897996355
21 0.755186987704918 0.8722677595628416 0.021772540983606703 0.03187613843351558
20 0.19070184426229508 0.5153688524590164 0.02369364754098363 0.039845173041894374