0 0.08215932377049177 0.12659380692167577 0.028176229508196732 0.05009107468123862
1 0.498719262295082 0.028688524590163918 0.030097336065573854 0.04326047358834243
2 0.9207223360655737 0.12716302367941712 0.028816598360655643 0.046675774134790515
3 0.09528688524590162 0.8529143897996357 0.026255122950819665 0.04781420765027337
4 0.49455686475409844 0.9536657559198544 0.029456967213114693 0.042122040072859884
5 0.9021516393442623 0.8728369763205828 0.024974385245901676 0.04667577413479042
6 0.7535860655737705 0.19774590163934425 0.022412909836065698 0.03756830601092896
8 0.3946593237704918 0.5865209471766849 0.02433401639344257 0.04553734061930786
10 0.40522540983606564 0.45673952641165755 0.024974385245901676 0.05009107468123868
20 0.7769595286885247 0.5005692167577414 0.020491803278688492 0.04212204007285969
17 0.890625 0.29622040072859745 0.01985143442622972 0.03642987249544621