1 0.765869140625 0.4939236111111111 0.0205078125 0.043402777777777776
4 0.2421875 0.4904513888888889 0.02392578125 0.052083333333333336
7 0.68408203125 0.5559895833333334 0.0263671875 0.03993055555555555
8 0.5986328125 0.5985243055555556 0.0283203125 0.043402777777777776
9 0.5126953125 0.9045138888888888 0.025390625 0.0390625
10 0.680908203125 0.3572048611111111 0.02392578125 0.04079861111111111
13 0.556884765625 0.9127604166666666 0.0244140625 0.04513888888888889
14 0.482177734375 0.7430555555555556 0.0244140625 0.04513888888888889
17 0.494140625 0.8328993055555556 0.025390625 0.04079861111111111
18 0.393310546875 0.7921006944444444 0.02099609375 0.04513888888888889
19 0.374267578125 0.9097222222222222 0.02099609375 0.03732638888888889
20 0.497802734375 0.8723958333333334 0.02001953125 0.042534722222222224
21 0.4609375 0.9626736111111112 0.02197265625 0.036458333333333336