0 0.08408043032786883 0.12716302367941712 0.026895491803278687 0.044398907103825117
1 0.4971183401639344 0.02925774134790527 0.02945696721311486 0.04212204007285974
2 0.9197617827868854 0.12830145719489983 0.02561475409836067 0.053506375227686705
3 0.09432633196721309 0.8568989071038252 0.024334016393442626 0.04212204007285969
4 0.4945568647540983 0.9536657559198544 0.02689549180327866 0.039845173041894576
5 0.9031121926229508 0.8739754098360657 0.02689549180327866 0.05122950819672134
8 0.6386398565573771 0.7937158469945357 0.023053278688524692 0.04098360655737703
9 0.4692622950819672 0.6531193078324226 0.023693647540983576 0.039845173041894374
10 0.7651127049180328 0.5341530054644809 0.021132172131147486 0.03870673952641172
11 0.7276511270491803 0.6229508196721312 0.023053278688524692 0.04098360655737703
13 0.6155865778688524 0.4556010928961748 0.023053278688524692 0.05009107468123854
21 0.8349129098360657 0.7447632058287796 0.019851434426229497 0.04326047358834235