0 0.08247950819672129 0.12716302367941712 0.03009733606557377 0.04212204007285974
1 0.49615778688524587 0.028688524590163918 0.027535860655737765 0.038706739526411654
2 0.920722336065574 0.11976320582877958 0.023693647540983687 0.0546448087431694
3 0.0946465163934426 0.8517759562841533 0.02753586065573771 0.04326047358834235
4 0.4967981557377049 0.9582194899817852 0.03137807377049179 0.042122040072859884
5 0.9047131147540984 0.8773907103825138 0.026255122950819665 0.04895264116575583
8 0.8749359631147542 0.4026639344262295 0.019211065573770503 0.03756830601092906
9 0.8672515368852459 0.5091074681238615 0.020491803278688492 0.03642987249544621
10 0.8570056352459017 0.6269353369763206 0.019211065573770503 0.039845173041894374
11 0.8441982581967213 0.694672131147541 0.019211065573770503 0.03642987249544641
13 0.869813012295082 0.45673952641165755 0.020491803278688492 0.04098360655737703
21 0.8624487704918032 0.5660291438979964 0.019851434426229497 0.03415300546448089