0 0.08183913934426226 0.12773224043715847 0.03009733606557377 0.04098360655737703
1 0.4971183401639344 0.027550091074681222 0.02945696721311486 0.040983606557377046
2 0.9216828893442623 0.12374772313296901 0.02689549180327866 0.046675774134790515
3 0.09272540983606554 0.8557604735883425 0.031378073770491816 0.046675774134790515
4 0.4945568647540983 0.9593579234972681 0.03073770491803285 0.037568306010928865
5 0.9024718237704917 0.8739754098360658 0.02561475409836067 0.04895264116575593
8 0.8413165983606558 0.4043715846994535 0.017289959016393297 0.036429872495446304
9 0.8237064549180328 0.5130919854280509 0.019211065573770503 0.039845173041894374
10 0.8016137295081966 0.6354735883424408 0.018570696721311286 0.03870673952641172
11 0.7759989754098361 0.7163023679417123 0.022412909836065698 0.03870673952641172
13 0.829469774590164 0.45446265938069214 0.019211065573770503 0.036429872495446255
21 0.8144211065573771 0.576844262295082 0.021132172131147486 0.04212204007285969