0 0.08376024590163932 0.12830145719489983 0.026255122950819665 0.04212204007285974
1 0.4967981557377049 0.028688524590163918 0.0300973360655738 0.038706739526411654
2 0.9184810450819673 0.12374772313296901 0.02305327868852447 0.048952641165755914
3 0.09688780737704916 0.8574681238615667 0.024334016393442626 0.04098360655737703
4 0.4932761270491803 0.956511839708561 0.02433401639344257 0.03642987249544621
5 0.9037525614754099 0.8756830601092899 0.02177254098360648 0.043260473588342445
6 0.17469262295081966 0.5415528233151184 0.026255122950819665 0.037568306010928865
7 0.8147412909836066 0.6070127504553734 0.017930327868852514 0.03870673952641152
8 0.7836834016393444 0.42600182149362475 0.022412909836065698 0.036429872495446304
9 0.8240266393442623 0.8677140255009108 0.018570696721311508 0.03415300546448089
10 0.654969262295082 0.0901639344262295 0.022412909836065475 0.04098360655737703
12 0.8938268442622951 0.6593806921675774 0.018570696721311508 0.03870673952641172
13 0.15644211065573768 0.5597677595628414 0.019211065573770503 0.03529143897996355
14 0.793609118852459 0.8836520947176685 0.02177254098360648 0.034153005464480794
15 0.7481429303278689 0.6696265938069217 0.020491803278688492 0.03642987249544621
17 0.08568135245901637 0.48463114754098363 0.017289959016393436 0.03529143897996355
18 0.8259477459016393 0.7259790528233151 0.01985143442622972 0.03529143897996375
19 0.13050717213114751 0.6286429872495446 0.019851434426229497 0.03187613843351558
20 0.8983094262295084 0.5506602914389799 0.02113217213114771 0.042122040072859884
21 0.7801613729508197 0.8159153005464481 0.020491803278688492 0.037568306010928865