0 0.08408043032786883 0.1260245901639344 0.026895491803278687 0.04212204007285974
1 0.496798155737705 0.028688524590163918 0.02497438524590173 0.036429872495446255
2 0.9197617827868853 0.12374772313296901 0.02433401639344268 0.039845173041894326
3 0.09560706967213112 0.8557604735883425 0.024334016393442626 0.039845173041894374
4 0.49359631147540983 0.9559426229508199 0.0275358606557376 0.037568306010928865
5 0.9037525614754099 0.8751138433515484 0.02945696721311486 0.04212204007285969
6 0.11033555327868849 0.40038706739526414 0.019211065573770503 0.03529143897996355
7 0.8166623975409837 0.6075819672131147 0.020491803278688492 0.037568306010928865
8 0.770876024590164 0.4857695810564663 0.019851434426229497 0.042122040072859884
9 0.5473872950819673 0.3890027322404372 0.027535860655737654 0.04212204007285969
10 0.6578509221311476 0.08959471766848814 0.02433401639344268 0.03529143897996358
12 0.7948898565573771 0.6724726775956285 0.017930327868852514 0.03756830601092906
13 0.15516137295081966 0.5603369763205829 0.02305327868852458 0.03870673952641172
14 0.79296875 0.8842213114754097 0.020491803278688492 0.037568306010928865
15 0.6559298155737705 0.8472222222222222 0.02177254098360648 0.03870673952641172
17 0.08536116803278687 0.483492714025501 0.019211065573770503 0.03756830601092906
18 0.793609118852459 0.7994080145719491 0.01793032786885229 0.03870673952641152
19 0.129546618852459 0.6269353369763206 0.01921106557377049 0.03529143897996355
20 0.7263703893442623 0.6092896174863388 0.023053278688524692 0.04326047358834235
21 0.7497438524590164 0.8694216757741349 0.023693647540983687 0.03529143897996355