0 0.08023821721311473 0.12147085610200363 0.02305327868852461 0.04212204007285974
1 0.496798155737705 0.02811930783242257 0.02625512295081972 0.039845173041894354
2 0.9197617827868853 0.11976320582877958 0.02689549180327866 0.04781420765027322
3 0.09272540983606554 0.8540528233151186 0.026255122950819665 0.04781420765027317
4 0.49615778688524587 0.9542349726775957 0.028816598360655754 0.03870673952641192
5 0.9018314549180328 0.8728369763205828 0.02817622950819687 0.0443989071038251
8 0.12762551229508193 0.32468123861566484 0.021772540983606536 0.04098360655737703
9 0.4404456967213115 0.5307377049180328 0.024974385245901565 0.04326047358834235
10 0.18429815573770492 0.6115664845173042 0.022412909836065587 0.04326047358834235
11 0.2348872950819672 0.32411202185792354 0.026255122950819665 0.04212204007285969
13 0.36200051229508196 0.6838570127504554 0.02945696721311475 0.037568306010928865
21 0.5016009221311475 0.5700136612021858 0.028176229508196704 0.0443989071038252