1 0.765869140625 0.4930555555555556 0.02197265625 0.05555555555555555
4 0.245849609375 0.4908854166666667 0.0205078125 0.04861111111111111
10 0.71923828125 0.9822048611111112 0.0224609375 0.03211805555555555
11 0.69140625 0.9444444444444444 0.0244140625 0.043402777777777776
12 0.647705078125 0.86328125 0.02392578125 0.044270833333333336
13 0.578369140625 0.5021701388888888 0.02392578125 0.042534722222222224
14 0.41455078125 0.5915798611111112 0.02490234375 0.04774305555555555
16 0.700439453125 0.8940972222222222 0.0244140625 0.03993055555555555
17 0.720947265625 0.2847222222222222 0.02294921875 0.042534722222222224
19 0.64404296875 0.23828125 0.02294921875 0.03993055555555555
21 0.308837890625 0.8155381944444444 0.02392578125 0.04861111111111111