0 0.08544921875 0.12890625 0.0283203125 0.036458333333333336
1 0.498046875 0.026475694444444444 0.0302734375 0.036458333333333336
2 0.921630859375 0.1267361111111111 0.029296875 0.04079861111111111
3 0.0947265625 0.8550347222222222 0.0224609375 0.04079861111111111
4 0.496826171875 0.9548611111111112 0.02880859375 0.042534722222222224
5 0.90625 0.8802083333333334 0.025390625 0.057291666666666664
6 0.54296875 0.08550347222222222 0.02099609375 0.0390625
8 0.6982421875 0.30078125 0.0205078125 0.043402777777777776
9 0.80419921875 0.7300347222222222 0.0224609375 0.036458333333333336
10 0.5966796875 0.3680555555555556 0.02392578125 0.04513888888888889
11 0.76953125 0.6319444444444444 0.02099609375 0.0390625
13 0.26318359375 0.12586805555555555 0.0224609375 0.03732638888888889
14 0.224365234375 0.1254340277777778 0.01904296875 0.036458333333333336
15 0.772216796875 0.3719618055555556 0.02099609375 0.042534722222222224
17 0.710693359375 0.6792534722222222 0.02392578125 0.042534722222222224
18 0.637451171875 0.1558159722222222 0.02197265625 0.042534722222222224
20 0.835205078125 0.5342881944444444 0.01904296875 0.033854166666666664
21 0.494140625 0.2986111111111111 0.02392578125 0.04079861111111111