0 0.0831198770491803 0.12659380692167577 0.026255122950819665 0.04098360655737703
1 0.4964779713114753 0.026411657559198522 0.028176229508196704 0.03415300546448087
2 0.920722336065574 0.12033242258652094 0.023693647540983687 0.03756830601092895
3 0.09368596311475408 0.851775956284153 0.024334016393442626 0.04553734061930786
4 0.49551741803278687 0.9576502732240437 0.027535860655737765 0.04553734061930786
5 0.906954405737705 0.8773907103825138 0.02689549180327866 0.046675774134790515
6 0.1420338114754098 0.38046448087431695 0.022412909836065587 0.03187613843351548
8 0.6997950819672131 0.29906648451730417 0.022412909836065475 0.046675774134790515
9 0.8054559426229508 0.7299635701275046 0.021132172131147486 0.03642987249544621
10 0.91015625 0.6087204007285975 0.020491803278688492 0.037568306010928865
11 0.7699154713114754 0.6331967213114755 0.02305327868852447 0.03870673952641172
13 0.26306352459016397 0.12716302367941712 0.023693647540983687 0.039845173041894326
14 0.22432120901639344 0.12545537340619306 0.020491803278688547 0.03187613843351547
15 0.7785604508196722 0.4675546448087432 0.021132172131147486 0.04212204007285969
17 0.7126024590163935 0.6798724954462659 0.023693647540983687 0.03642987249544621
18 0.6383196721311475 0.15562386156648453 0.026255122950819665 0.0443989071038252
20 0.8358734631147542 0.5358606557377049 0.019211065573770503 0.03529143897996355
21 0.4183529713114754 0.44250910746812383 0.02433401639344268 0.039845173041894374