1 0.23486328125 0.5030381944444444 0.02197265625 0.050347222222222224
4 0.7568359375 0.5078125 0.01904296875 0.058159722222222224
6 0.711669921875 0.4639756944444444 0.0224609375 0.04774305555555555
7 0.283935546875 0.3489583333333333 0.0224609375 0.0546875
8 0.4912109375 0.017795138888888888 0.0263671875 0.035590277777777776
9 0.300537109375 0.0546875 0.02392578125 0.042534722222222224
10 0.66455078125 0.12196180555555555 0.02294921875 0.03993055555555555
12 0.4755859375 0.2243923611111111 0.0244140625 0.042534722222222224
13 0.684814453125 0.9900173611111112 0.01904296875 0.019965277777777776
14 0.711669921875 0.029079861111111112 0.02099609375 0.043402777777777776
20 0.589111328125 0.2591145833333333 0.02685546875 0.04513888888888889
21 0.64208984375 0.1814236111111111 0.025390625 0.046875