0 0.08440061475409832 0.12431693989071037 0.02753586065573771 0.0500910746812386
1 0.4964779713114754 0.027550091074681222 0.02945696721311486 0.040983606557377046
2 0.9191214139344264 0.12260928961748634 0.02689549180327866 0.044398907103825117
3 0.09528688524590162 0.8551912568306013 0.028816598360655726 0.04326047358834254
4 0.4945568647540983 0.956511839708561 0.03201844262295084 0.05009107468123849
5 0.9059938524590164 0.8762522768670311 0.028816598360655643 0.05806010928961758
6 0.8646900614754099 0.23417577413479052 0.01793032786885229 0.035291438979963646
7 0.8963883196721313 0.5022768670309654 0.019851434426229497 0.03642987249544621
8 0.8361936475409837 0.2279143897996357 0.021132172131147486 0.04781420765027327
10 0.8534836065573771 0.29735883424408016 0.021132172131147486 0.034153005464480794
12 0.9172003073770493 0.42429417122040075 0.017930327868852514 0.03756830601092896
15 0.7974513319672131 0.815346083788707 0.020491803278688492 0.03415300546448089
16 0.1730917008196721 0.8375455373406194 0.019211065573770503 0.033014571948998234
17 0.8893442622950819 0.7259790528233151 0.01728995901639352 0.03756830601092906
20 0.8586065573770493 0.33663479052823314 0.018570696721311508 0.035291438979963646
21 0.8336321721311475 0.6639344262295082 0.019851434426229497 0.03870673952641172