0 0.081298828125 0.125 0.03125 0.035590277777777776
1 0.49609375 0.029947916666666668 0.0263671875 0.0390625
2 0.918701171875 0.1254340277777778 0.02734375 0.04774305555555555
3 0.09375 0.8528645833333334 0.0244140625 0.0390625
4 0.492919921875 0.9557291666666666 0.02880859375 0.046875
5 0.90380859375 0.8728298611111112 0.02685546875 0.058159722222222224
8 0.823974609375 0.4045138888888889 0.02099609375 0.04079861111111111
9 0.79541015625 0.5125868055555556 0.02197265625 0.0390625
10 0.765869140625 0.6419270833333334 0.02001953125 0.03993055555555555
11 0.729248046875 0.7265625 0.02392578125 0.0390625
13 0.805419921875 0.4574652777777778 0.02099609375 0.03993055555555555
21 0.780517578125 0.5828993055555556 0.02001953125 0.04079861111111111