0 0.0831198770491803 0.1305783242258652 0.02753586065573771 0.046675774134790515
1 0.49551741803278687 0.026411657559198526 0.030097336065573743 0.038706739526411654
2 0.9213627049180328 0.12431693989071037 0.024974385245901676 0.0500910746812386
3 0.09272540983606554 0.8568989071038252 0.023693647540983603 0.048952641165756025
4 0.49359631147540983 0.9582194899817852 0.02625512295081961 0.0443989071038252
5 0.9008709016393444 0.8728369763205828 0.024974385245901676 0.048952641165755734
6 0.5259349385245902 0.37477231329690347 0.02561475409836067 0.04553734061930776
7 0.8634093237704917 0.13285519125683057 0.02177254098360648 0.0352914389799636
8 0.7593493852459017 0.23929872495446267 0.019851434426229497 0.038706739526411696
10 0.828829405737705 0.27857468123861573 0.020491803278688492 0.039845173041894374
12 0.9162397540983607 0.4248633879781421 0.018570696721311508 0.03415300546448089
15 0.7971311475409837 0.8142076502732241 0.022412909836065698 0.04098360655737703
16 0.1730917008196721 0.8375455373406194 0.021772540983606536 0.03529143897996355
17 0.8550845286885246 0.1937613843351548 0.02177254098360648 0.04098360655737703
20 0.8592469262295084 0.33492714025500914 0.02113217213114771 0.03870673952641172
21 0.8790983606557377 0.4516165755919854 0.019851434426229497 0.039845173041894374