0 0.08023821721311473 0.12545537340619306 0.026895491803278687 0.04781420765027322
1 0.498078893442623 0.03551912568306009 0.0313780737704919 0.038706739526411654
2 0.9216828893442625 0.12260928961748634 0.02177254098360648 0.046675774134790515
3 0.09400614754098358 0.8563296903460839 0.03265881147540983 0.056921675774134824
4 0.4958376024590164 0.9553734061930784 0.03073770491803285 0.06375227686703117
5 0.9043929303278688 0.8773907103825138 0.02945696721311486 0.0443989071038252
8 0.09560706967213112 0.5170765027322405 0.024334016393442626 0.04098360655737703
9 0.44364754098360654 0.5631830601092896 0.022412909836065587 0.039845173041894374
10 0.3690445696721312 0.13285519125683057 0.02177254098360648 0.039845173041894374
11 0.15996413934426226 0.3212659380692167 0.021132172131147542 0.03642987249544621
13 0.6149462090163935 0.4533242258652095 0.023053278688524692 0.04326047358834249
21 0.7241290983606558 0.7834699453551912 0.022412909836065698 0.04326047358834235