0 0.08440061475409832 0.12431693989071037 0.026255122950819665 0.04098360655737703
1 0.4958376024590164 0.027550091074681222 0.026895491803278715 0.040983606557377046
2 0.9188012295081966 0.12374772313296901 0.024974385245901676 0.046675774134790515
3 0.09432633196721309 0.8517759562841533 0.026895491803278687 0.04098360655737703
4 0.4958376024590164 0.9536657559198544 0.03201844262295084 0.042122040072859884
5 0.9066342213114755 0.8768214936247725 0.026255122950819665 0.04781420765027317
6 0.2861168032786885 0.21709927140255006 0.023693647540983576 0.03529143897996355
8 0.33158299180327866 0.33777322404371585 0.022412909836065587 0.039845173041894374
10 0.8243468237704917 0.7367941712204009 0.019211065573770503 0.04098360655737703
11 0.4830302254098361 0.8631602914389801 0.02561475409836067 0.03642987249544621
13 0.36424180327868855 0.14537795992714023 0.024974385245901676 0.04895264116575593
15 0.7785604508196722 0.4675546448087431 0.018570696721311508 0.039845173041894374
17 0.7996926229508197 0.7464708561020037 0.019851434426229497 0.03529143897996355
18 0.6431224385245902 0.48861566484517294 0.020491803278688492 0.03870673952641172
20 0.8352330942622951 0.5341530054644809 0.01921106557377028 0.03642987249544621