0 0.08151895491803277 0.12659380692167577 0.02305327868852458 0.04326047358834243
1 0.4977587090163935 0.02527322404371583 0.024334016393442626 0.036429872495446255
2 0.9204021516393444 0.12545537340619306 0.02177254098360648 0.04553734061930781
3 0.09656762295081965 0.8551912568306013 0.02753586065573771 0.04326047358834254
4 0.49295594262295084 0.9542349726775957 0.03137807377049184 0.04781420765027317
5 0.9040727459016393 0.8745446265938069 0.028816598360655643 0.04098360655737713
6 0.7926485655737705 0.8187613843351549 0.023693647540983687 0.03642987249544621
8 0.1766137295081967 0.4880464480874317 0.022412909836065587 0.039845173041894374
10 0.8249871926229508 0.7390710382513662 0.020491803278688492 0.04098360655737684
11 0.48911372950819665 0.9462659380692169 0.021132172131147486 0.029599271402549872
13 0.3623206967213115 0.14367030965391622 0.021132172131147486 0.03870673952641167
17 0.3552766393442623 0.6633652094717669 0.021132172131147486 0.039845173041894374
18 0.6440829918032787 0.4897540983606557 0.023693647540983687 0.04553734061930786
20 0.9146388319672131 0.47836976320582875 0.01793032786885229 0.03187613843351558