0 0.084716796875 0.1284722222222222 0.025390625 0.051215277777777776
1 0.49609375 0.029079861111111112 0.03125 0.044270833333333336
2 0.92138671875 0.1254340277777778 0.0263671875 0.04079861111111111
3 0.093994140625 0.8541666666666666 0.02392578125 0.043402777777777776
4 0.495849609375 0.9526909722222222 0.0283203125 0.04861111111111111
5 0.90283203125 0.8758680555555556 0.02734375 0.04774305555555555
8 0.8740234375 0.7690972222222222 0.02001953125 0.03993055555555555
9 0.599365234375 0.8289930555555556 0.03125 0.043402777777777776
10 0.76416015625 0.5334201388888888 0.02197265625 0.046875
11 0.7470703125 0.4956597222222222 0.02392578125 0.04513888888888889
13 0.6162109375 0.4578993055555556 0.0244140625 0.04774305555555555
21 0.29931640625 0.3372395833333333 0.02685546875 0.04774305555555555