0 0.07958984375 0.1271701388888889 0.0283203125 0.044270833333333336
1 0.498779296875 0.029947916666666668 0.03271484375 0.033854166666666664
2 0.92138671875 0.1232638888888889 0.02490234375 0.052083333333333336
3 0.091796875 0.8550347222222222 0.02685546875 0.033854166666666664
4 0.49365234375 0.9548611111111112 0.0263671875 0.03993055555555555
5 0.89990234375 0.8741319444444444 0.01904296875 0.035590277777777776
6 0.228515625 0.8220486111111112 0.02099609375 0.036458333333333336
8 0.82958984375 0.6102430555555556 0.02197265625 0.04079861111111111
9 0.69970703125 0.5894097222222222 0.02099609375 0.03993055555555555
10 0.856689453125 0.5438368055555556 0.0185546875 0.042534722222222224
11 0.76904296875 0.6315104166666666 0.0224609375 0.03993055555555555
12 0.533935546875 0.5824652777777778 0.0263671875 0.042534722222222224
13 0.864990234375 0.4891493055555556 0.02001953125 0.044270833333333336
14 0.410888671875 0.4309895833333333 0.0185546875 0.042534722222222224
15 0.76416015625 0.1753472222222222 0.02294921875 0.04513888888888889
17 0.711669921875 0.6788194444444444 0.025390625 0.036458333333333336
18 0.656982421875 0.2573784722222222 0.02001953125 0.036458333333333336
19 0.273681640625 0.5290798611111112 0.02294921875 0.042534722222222224
20 0.82958984375 0.5251736111111112 0.01806640625 0.036458333333333336
21 0.649169921875 0.8576388888888888 0.02392578125 0.033854166666666664