0 0.08055840163934425 0.12887067395264118 0.03009733606557377 0.04553734061930781
1 0.49551741803278687 0.02811930783242257 0.026255122950819776 0.039845173041894354
2 0.9191214139344261 0.12260928961748634 0.02433401639344246 0.048952641165755914
3 0.09304559426229506 0.8546220400728598 0.02945696721311475 0.046675774134790515
4 0.49551741803278687 0.9508196721311477 0.030097336065573743 0.04098360655737723
5 0.9031121926229511 0.8756830601092899 0.02561475409836067 0.04553734061930776
8 0.8749359631147542 0.7669626593806922 0.02177254098360648 0.033014571948998234
9 0.8173027663934427 0.21823770491803282 0.020491803278688492 0.0443989071038251
10 0.7647925204918034 0.5352914389799636 0.02561475409836067 0.04098360655737703
11 0.8506019467213115 0.19034608378870674 0.020491803278688492 0.036429872495446255
13 0.6136654713114754 0.4538934426229507 0.02433401639344268 0.04439890710382515
21 0.1176997950819672 0.2199453551912568 0.01985143442622951 0.03415300546448089