0 0.0834400614754098 0.13057832422586518 0.028176229508196704 0.03529143897996355
1 0.49615778688524587 0.027550091074681222 0.027535860655737765 0.036429872495446255
2 0.9210425204918032 0.12033242258652094 0.023053278688524692 0.039845173041894326
3 0.09368596311475408 0.8512067395264116 0.024334016393442626 0.03529143897996355
4 0.4961577868852458 0.9513888888888888 0.0300973360655738 0.042122040072859884
5 0.8999103483606558 0.8751138433515484 0.02689549180327866 0.05122950819672134
6 0.3290215163934426 0.5546448087431695 0.021132172131147486 0.04098360655737703
9 0.6895491803278689 0.3986794171220401 0.023693647540983687 0.04098360655737703
10 0.5771644467213115 0.33663479052823314 0.02561475409836067 0.04212204007285969
12 0.6895491803278689 0.357695810564663 0.023693647540983687 0.04098360655737703
13 0.382172131147541 0.21311475409836067 0.026255122950819665 0.03870673952641162
14 0.10105020491803277 0.692964480874317 0.01857069672131148 0.03756830601092906
15 0.8304303278688526 0.33378870673952643 0.016009221311475308 0.036429872495446304
17 0.8339523565573771 0.43454007285974494 0.020491803278688492 0.03529143897996355
20 0.7113217213114754 0.5 0.023693647540983687 0.04098360655737703