0 0.08247950819672129 0.12887067395264118 0.028816598360655726 0.04098360655737703
1 0.4983990778688524 0.031534608378870656 0.026895491803278715 0.03756830601092896
2 0.9210425204918032 0.12090163934426228 0.02433401639344246 0.04553734061930781
3 0.09528688524590162 0.8574681238615667 0.023693647540983603 0.03870673952641172
4 0.4961577868852458 0.9530965391621131 0.02625512295081961 0.03642987249544621
5 0.9031121926229508 0.8768214936247725 0.02305327868852447 0.03870673952641152
6 0.2915599385245901 0.6975182149362477 0.02561475409836067 0.042122040072859884
7 0.695952868852459 0.8147768670309655 0.024974385245901676 0.044398907103825005
8 0.771516393442623 0.48690801457194893 0.024974385245901676 0.048952641165756025
9 0.3735271516393443 0.6804417122040073 0.02817622950819665 0.037568306010928865
10 0.714203381147541 0.7937158469945357 0.02561475409836067 0.04326047358834235
12 0.7231685450819673 0.6793032786885246 0.02177254098360648 0.03984517304189418
13 0.20190829918032788 0.5535063752276868 0.019211065573770503 0.04098360655737703
14 0.7667136270491803 0.8756830601092899 0.02561475409836067 0.03870673952641182
15 0.1606045081967213 0.14367030965391622 0.02369364754098363 0.04098360655737703
17 0.08760245901639341 0.48292349726775957 0.018570696721311453 0.04098360655737703
19 0.130186987704918 0.629212204007286 0.021772540983606536 0.03529143897996355
18 0.79296875 0.797700364298725 0.020491803278688492 0.039845173041894374
20 0.6370389344262295 0.6576730418943534 0.026255122950819665 0.039845173041894374
21 0.7023565573770493 0.7225637522768671 0.023693647540983687 0.0443989071038252