0 0.07959784836065571 0.12887067395264118 0.03457991803278687 0.05009107468123862
1 0.4964779713114754 0.03096539162112931 0.02945696721311486 0.043260473588342445
2 0.9220030737704917 0.12716302367941712 0.028816598360655643 0.046675774134790515
3 0.09400614754098358 0.8603142076502732 0.03265881147540983 0.055783242258652166
4 0.4951972336065573 0.9548041894353371 0.030737704918032682 0.042122040072859884
5 0.9034323770491803 0.8768214936247725 0.023693647540983687 0.04781420765027317
8 0.7775998975409837 0.39697176684881597 0.02177254098360648 0.04212204007285969
9 0.7641521516393444 0.5153688524590164 0.02177254098360648 0.039845173041894374
10 0.7254098360655737 0.6497040072859745 0.022412909836065475 0.03756830601092906
11 0.6754610655737705 0.7396402550091075 0.023693647540983687 0.03984517304189418
13 0.772797131147541 0.4538934426229507 0.022412909836065475 0.039845173041894374
21 0.7468621926229508 0.5893670309653917 0.019211065573770503 0.04212204007285969