0 0.081787109375 0.12413194444444445 0.02880859375 0.04079861111111111
1 0.498779296875 0.030381944444444444 0.02880859375 0.042534722222222224
2 0.917724609375 0.12239583333333333 0.0283203125 0.05555555555555555
3 0.09423828125 0.8541666666666666 0.02685546875 0.04079861111111111
4 0.494873046875 0.9565972222222222 0.0302734375 0.043402777777777776
5 0.90771484375 0.8780381944444444 0.029296875 0.059027777777777776
8 0.900634765625 0.74609375 0.01806640625 0.036458333333333336
9 0.79541015625 0.7265625 0.02294921875 0.04079861111111111
10 0.799072265625 0.5316840277777778 0.02099609375 0.043402777777777776
11 0.8125 0.8563368055555556 0.0185546875 0.0390625
13 0.87451171875 0.8550347222222222 0.01708984375 0.036458333333333336