0 0.08247950819672129 0.12488615664845172 0.03009733606557377 0.04212204007285974
1 0.4971183401639344 0.02811930783242257 0.03073770491803285 0.03529143897996356
2 0.9204021516393444 0.12147085610200363 0.02817622950819687 0.044398907103825117
3 0.09272540983606554 0.8534836065573772 0.023693647540983603 0.0443989071038252
4 0.4945568647540983 0.9548041894353371 0.02689549180327866 0.03529143897996355
5 0.9031121926229508 0.8745446265938069 0.02433401639344268 0.04553734061930786
8 0.10008965163934423 0.3263888888888889 0.017930327868852458 0.03756830601092896
9 0.6437628073770493 0.6104280510018216 0.023053278688524692 0.04326047358834254
10 0.443967725409836 0.6411657559198543 0.02433401639344257 0.04781420765027317
11 0.14427510245901637 0.4254326047358834 0.021772540983606536 0.03756830601092906
13 0.5153688524590164 0.7948542805100183 0.028816598360655643 0.04098360655737684
21 0.7305327868852459 0.6377504553734062 0.024974385245901676 0.05009107468123868