0 0.08087858606557374 0.12147085610200363 0.028176229508196732 0.046675774134790515
1 0.4977587090163935 0.028688524590163918 0.028176229508196704 0.036429872495446255
2 0.9194415983606558 0.12090163934426228 0.023693647540983687 0.04553734061930781
3 0.09336577868852457 0.8557604735883425 0.026255122950819665 0.05122950819672134
4 0.4945568647540983 0.956511839708561 0.02689549180327866 0.03870673952641152
5 0.906954405737705 0.8762522768670311 0.03457991803278704 0.05122950819672134
8 0.13434938524590162 0.4954462659380693 0.021132172131147542 0.04553734061930786
9 0.4446080942622951 0.5620446265938069 0.02561475409836067 0.042122040072859884
10 0.8291495901639344 0.4527550091074681 0.026255122950819665 0.04439890710382515
11 0.8067366803278688 0.1174863387978142 0.022412909836065698 0.04098360655737703
13 0.3005251024590164 0.7794854280510018 0.02433401639344268 0.0443989071038252
21 0.7222079918032787 0.7834699453551912 0.024974385245901676 0.04098360655737703