0 0.08440061475409832 0.1317167577413479 0.03137807377049179 0.03756830601092896
1 0.4967981557377049 0.030965391621129306 0.03137807377049179 0.03642987249544627
2 0.9200819672131146 0.12147085610200363 0.024974385245901676 0.048952641165755914
3 0.09304559426229506 0.8574681238615667 0.025614754098360643 0.052367941712204
4 0.4948770491803279 0.9530965391621131 0.023693647540983576 0.04098360655737723
5 0.9018314549180328 0.8768214936247725 0.02433401639344268 0.04553734061930786
6 0.7292520491803279 0.421448087431694 0.022412909836065698 0.03870673952641172
7 0.7535860655737706 0.7800546448087433 0.021132172131147486 0.03870673952641152
8 0.8352330942622951 0.22905282331511836 0.01921106557377028 0.038706739526411696
10 0.8509221311475411 0.27060564663023684 0.019851434426229497 0.04212204007285969
12 0.8704533811475411 0.7675318761384335 0.01793032786885229 0.03642987249544621
15 0.7907274590163934 0.8472222222222222 0.019851434426229497 0.03642987249544621
16 0.17341188524590162 0.8375455373406194 0.021132172131147542 0.037568306010928865
17 0.8614882172131146 0.8062386156648453 0.01793032786885229 0.03870673952641172
20 0.8582863729508197 0.333219489981785 0.020491803278688492 0.03756830601092906
21 0.8048155737704917 0.7800546448087431 0.02113217213114771 0.04098360655737703