0 0.07959784836065571 0.12716302367941712 0.028176229508196732 0.044398907103825117
1 0.498719262295082 0.02982695810564661 0.03265881147540989 0.034153005464480884
2 0.9213627049180328 0.12317850637522769 0.024974385245901676 0.052367941712204
3 0.09176485655737703 0.8551912568306013 0.026895491803278687 0.03415300546448089
4 0.49359631147540983 0.9548041894353371 0.02625512295081961 0.039845173041894576
5 0.8999103483606558 0.8739754098360658 0.01921106557377028 0.035291438979963646
6 0.22848360655737704 0.822176684881603 0.021132172131147542 0.03642987249544621
8 0.829469774590164 0.6104280510018216 0.02177254098360648 0.04098360655737703
9 0.6997950819672131 0.5893670309653918 0.021132172131147486 0.039845173041894374
10 0.8566854508196722 0.5438296903460839 0.018570696721311508 0.04212204007285969
11 0.7689549180327869 0.6314890710382515 0.022412909836065698 0.039845173041894374
12 0.5339395491803279 0.5825364298724954 0.026255122950819665 0.04212204007285969
13 0.8650102459016393 0.48918488160291435 0.01985143442622972 0.0443989071038252
14 0.41098872950819665 0.4311247723132969 0.018570696721311508 0.04212204007285969
15 0.7641521516393444 0.1755464480874317 0.023053278688524692 0.04553734061930786
17 0.711641905737705 0.6787340619307832 0.02561475409836067 0.03642987249544621
18 0.656890368852459 0.2575136612021858 0.019851434426229497 0.036429872495446304
19 0.27362961065573765 0.5290300546448088 0.02305327868852458 0.04212204007285969
20 0.829469774590164 0.5250455373406192 0.01793032786885229 0.03642987249544621
21 0.6492059426229508 0.8574681238615667 0.023693647540983687 0.03415300546448089