0 0.08247950819672129 0.12773224043715847 0.03009733606557377 0.05009107468123862
1 0.4977587090163934 0.030396174863387956 0.03073770491803285 0.03529143897996358
2 0.9216828893442623 0.12147085610200363 0.02305327868852447 0.044398907103825117
3 0.09304559426229506 0.8534836065573772 0.028176229508196704 0.037568306010928865
4 0.4945568647540983 0.9508196721311477 0.02689549180327866 0.03870673952641152
5 0.9037525614754099 0.8745446265938069 0.02561475409836067 0.043260473588342445
6 0.5672387295081968 0.6912568306010929 0.023693647540983687 0.04326047358834254
8 0.6469646516393444 0.28825136612021857 0.023053278688524692 0.04326047358834235
9 0.8060963114754099 0.7311020036429875 0.019851434426229497 0.03415300546448089
10 0.6879482581967213 0.20514571948998178 0.023053278688524692 0.04098360655737701
11 0.768954918032787 0.6314890710382515 0.021132172131147486 0.039845173041894374
12 0.827548668032787 0.8159153005464481 0.020491803278688492 0.03529143897996355
13 0.23840932377049182 0.11008652094717666 0.021772540983606592 0.03756830601092895
14 0.9053534836065573 0.17839253187613846 0.01600922131147553 0.033014571948998185
15 0.7628714139344264 0.17383879781420764 0.017930327868852514 0.03756830601092896
17 0.7126024590163935 0.6793032786885246 0.022412909836065475 0.03984517304189418
18 0.6386398565573771 0.1852231329690346 0.019211065573770503 0.039845173041894326
20 0.8365138319672131 0.5330145719489982 0.02177254098360648 0.03870673952641152
21 0.5954149590163934 0.12374772313296901 0.023693647540983687 0.046675774134790515