0 0.08251953125 0.12890625 0.02880859375 0.04079861111111111
1 0.498291015625 0.031684027777777776 0.02685546875 0.03732638888888889
2 0.921142578125 0.12109375 0.0244140625 0.04513888888888889
3 0.09521484375 0.8576388888888888 0.02392578125 0.0390625
4 0.49609375 0.953125 0.0263671875 0.036458333333333336
5 0.903076171875 0.8767361111111112 0.02294921875 0.0390625
6 0.29150390625 0.6974826388888888 0.025390625 0.042534722222222224
7 0.696044921875 0.8146701388888888 0.02490234375 0.044270833333333336
8 0.771484375 0.4869791666666667 0.02490234375 0.04861111111111111
9 0.37353515625 0.6805555555555556 0.0283203125 0.03732638888888889
10 0.714111328125 0.7938368055555556 0.025390625 0.043402777777777776
12 0.72314453125 0.6792534722222222 0.02197265625 0.03993055555555555
13 0.201904296875 0.5533854166666666 0.01904296875 0.04079861111111111
14 0.7666015625 0.8758680555555556 0.025390625 0.0390625
15 0.16064453125 0.14366319444444445 0.02392578125 0.04079861111111111
17 0.087646484375 0.4830729166666667 0.0185546875 0.04079861111111111
19 0.130126953125 0.6293402777777778 0.02197265625 0.035590277777777776
18 0.79296875 0.7977430555555556 0.0205078125 0.03993055555555555
20 0.636962890625 0.6575520833333334 0.0263671875 0.03993055555555555
21 0.702392578125 0.72265625 0.02392578125 0.044270833333333336