0 0.0834400614754098 0.12830145719489983 0.030737704918032793 0.046675774134790515
1 0.498078893442623 0.030396174863387963 0.0313780737704919 0.04667577413479053
2 0.9268058401639344 0.12488615664845172 0.03073770491803285 0.046675774134790515
3 0.09368596311475408 0.8517759562841533 0.02945696721311475 0.04326047358834235
4 0.4955174180327869 0.9582194899817852 0.03265881147540989 0.0443989071038252
5 0.9043929303278688 0.8773907103825138 0.02817622950819665 0.05350637522768685
6 0.7292520491803279 0.6070127504553734 0.022412909836065698 0.04326047358834235
7 0.7984118852459017 0.8033925318761385 0.019851434426229497 0.03984517304189418
8 0.6812243852459017 0.10780965391621128 0.024974385245901676 0.04212204007285974
9 0.518250512295082 0.3924180327868852 0.02433401639344268 0.04212204007285969
10 0.1458760245901639 0.17725409836065575 0.021132172131147542 0.03529143897996355
11 0.39529969262295084 0.3275273224043716 0.020491803278688492 0.0443989071038251
12 0.6972336065573771 0.8779599271402552 0.021132172131147486 0.03870673952641152
13 0.12474385245901637 0.34175774134790526 0.018570696721311494 0.036429872495446304
14 0.8531634221311475 0.39355646630236785 0.01793032786885229 0.0443989071038251
15 0.6063012295081966 0.8802367941712205 0.024974385245901676 0.04098360655737713
16 0.24833504098360654 0.3628187613843352 0.022412909836065587 0.039845173041894374
17 0.35079405737704916 0.10780965391621129 0.023693647540983576 0.039845173041894374
18 0.8823002049180328 0.8523451730418945 0.01600922131147553 0.03073770491803292
19 0.7775998975409837 0.6963797814207651 0.02177254098360648 0.03756830601092906
20 0.8618084016393444 0.4385245901639344 0.022412909836065698 0.034153005464480794
21 0.8230660860655737 0.8216074681238617 0.02433401639344268 0.037568306010928865