0 0.08600153688524587 0.12887067395264118 0.03457991803278687 0.04098360655737703
1 0.4964779713114754 0.023565573770491784 0.02945696721311486 0.037568306010928955
2 0.9178406762295084 0.12260928961748634 0.02817622950819665 0.05578324225865208
3 0.09624743852459014 0.8591757741347907 0.028176229508196704 0.0443989071038252
4 0.49167520491803285 0.9548041894353371 0.03265881147540983 0.042122040072859884
5 0.9024718237704917 0.8751138433515484 0.02945696721311486 0.044398907103825005
7 0.10105020491803277 0.8352686703096541 0.019851434426229497 0.028460837887067412
9 0.5710809426229508 0.5204918032786885 0.022412909836065698 0.04326047358834254
10 0.7708760245901639 0.11065573770491802 0.016009221311475308 0.038706739526411654
11 0.7603099385245902 0.18237704918032785 0.019211065573770503 0.03870673952641167
12 0.8602074795081969 0.372495446265938 0.02177254098360648 0.04553734061930776
14 0.9143186475409837 0.3064663023679417 0.021132172131147486 0.04098360655737703
16 0.7250896516393444 0.17042349726775954 0.020491803278688492 0.04439890710382515
17 0.23776895491803277 0.15505464480874318 0.02433401639344257 0.04098360655737708
19 0.3514344262295082 0.24271402550091078 0.024974385245901676 0.036429872495446304
20 0.9047131147540984 0.48463114754098363 0.01728995901639352 0.039845173041894374
21 0.3130122950819672 0.6707650273224044 0.028816598360655754 0.04781420765027317