0 0.08183913934426226 0.12033242258652094 0.03265881147540983 0.05122950819672129
1 0.4971183401639344 0.026980874316939876 0.02945696721311486 0.039845173041894354
2 0.9207223360655737 0.1260245901639344 0.024974385245901676 0.05122950819672129
3 0.09368596311475408 0.8534836065573772 0.026895491803278687 0.037568306010928865
4 0.4942366803278689 0.956511839708561 0.028816598360655754 0.04326047358834254
5 0.9015112704918032 0.8739754098360657 0.027535860655737654 0.05578324225865207
6 0.8474001024590164 0.4140482695810565 0.020491803278688492 0.039845173041894374
12 0.10521260245901637 0.6366120218579234 0.02049180327868852 0.03415300546448089
15 0.8800589139344264 0.2552367941712204 0.020491803278688492 0.04781420765027317
17 0.7017161885245902 0.13228597449908924 0.022412909836065698 0.04098360655737708
20 0.22496157786885249 0.4334016393442623 0.024334016393442626 0.04439890710382515
21 0.7385373975409837 0.49373861566484517 0.023053278688524692 0.048952641165756025