0 0.08056640625 0.1254340277777778 0.0263671875 0.036458333333333336
1 0.49658203125 0.030815972222222224 0.025390625 0.04513888888888889
2 0.918701171875 0.12152777777777778 0.0224609375 0.051215277777777776
3 0.093017578125 0.8585069444444444 0.0283203125 0.043402777777777776
4 0.49462890625 0.9535590277777778 0.02685546875 0.042534722222222224
5 0.901123046875 0.875 0.02685546875 0.044270833333333336
6 0.31689453125 0.13671875 0.02392578125 0.036458333333333336
7 0.131103515625 0.6284722222222222 0.02099609375 0.0390625
9 0.644775390625 0.5980902777777778 0.02392578125 0.043402777777777776
10 0.771240234375 0.1111111111111111 0.02294921875 0.044270833333333336
11 0.759033203125 0.1814236111111111 0.0244140625 0.043402777777777776
12 0.109130859375 0.4227430555555556 0.02197265625 0.03211805555555555
14 0.705322265625 0.7096354166666666 0.02197265625 0.036458333333333336
15 0.7998046875 0.2365451388888889 0.0224609375 0.03993055555555555
16 0.724853515625 0.17100694444444445 0.02490234375 0.04079861111111111
17 0.14599609375 0.1597222222222222 0.02001953125 0.03211805555555555
19 0.352783203125 0.2426215277777778 0.0224609375 0.04513888888888889
20 0.904296875 0.4852430555555556 0.0166015625 0.036458333333333336
21 0.677734375 0.8402777777777778 0.025390625 0.04079861111111111