0 0.08251953125 0.1271701388888889 0.02490234375 0.044270833333333336
1 0.4931640625 0.029947916666666668 0.03076171875 0.04513888888888889
2 0.918701171875 0.12196180555555555 0.02392578125 0.043402777777777776
3 0.094970703125 0.8563368055555556 0.033203125 0.0390625
4 0.49365234375 0.9557291666666666 0.0302734375 0.044270833333333336
5 0.89990234375 0.8723958333333334 0.02294921875 0.04079861111111111
6 0.3984375 0.6228298611111112 0.0244140625 0.04079861111111111
9 0.69189453125 0.3936631944444444 0.0244140625 0.044270833333333336
10 0.67822265625 0.3342013888888889 0.02294921875 0.046875
12 0.908935546875 0.2573784722222222 0.01806640625 0.036458333333333336
13 0.687744140625 0.55078125 0.02099609375 0.03993055555555555
14 0.845458984375 0.2309027777777778 0.02197265625 0.035590277777777776
15 0.830810546875 0.33203125 0.01904296875 0.042534722222222224
17 0.833984375 0.4357638888888889 0.0205078125 0.044270833333333336
20 0.709716796875 0.4995659722222222 0.029296875 0.03732638888888889