0 0.083740234375 0.12890625 0.03125 0.04079861111111111
1 0.50439453125 0.0234375 0.02392578125 0.03732638888888889
2 0.921142578125 0.12152777777777778 0.033203125 0.05555555555555555
3 0.091552734375 0.8532986111111112 0.0302734375 0.044270833333333336
4 0.492919921875 0.95703125 0.02880859375 0.046875
5 0.90478515625 0.8745659722222222 0.0302734375 0.04513888888888889
6 0.761474609375 0.4357638888888889 0.025390625 0.044270833333333336
8 0.783935546875 0.51953125 0.0205078125 0.04774305555555555
7 0.58349609375 0.11848958333333333 0.025390625 0.043402777777777776
9 0.752197265625 0.14539930555555555 0.02880859375 0.042534722222222224
10 0.712890625 0.7907986111111112 0.0205078125 0.03732638888888889
12 0.87451171875 0.6037326388888888 0.02001953125 0.04079861111111111
13 0.219482421875 0.8289930555555556 0.0263671875 0.0390625
14 0.76611328125 0.8763020833333334 0.02294921875 0.03732638888888889
15 0.755126953125 0.5060763888888888 0.02197265625 0.046875
16 0.890380859375 0.22178819444444445 0.0166015625 0.03732638888888889
17 0.0859375 0.4835069444444444 0.025390625 0.044270833333333336
18 0.80419921875 0.7816840277777778 0.02392578125 0.042534722222222224
19 0.130126953125 0.6276041666666666 0.0205078125 0.0390625
20 0.635498046875 0.66015625 0.02685546875 0.042534722222222224
21 0.6787109375 0.75390625 0.02734375 0.043402777777777776