0 0.0827996926229508 0.12716302367941712 0.02305327868852461 0.039845173041894326
1 0.496798155737705 0.029826958105646617 0.02625512295081972 0.03870673952641165
2 0.920722336065574 0.1260245901639344 0.023693647540983687 0.04439890710382514
3 0.09240522540983603 0.851775956284153 0.024334016393442626 0.03642987249544621
4 0.49359631147540983 0.9553734061930784 0.02497438524590162 0.03870673952641152
5 0.9037525614754099 0.8785291438979965 0.02433401639344268 0.05122950819672124
6 0.15035860655737704 0.48861566484517305 0.019851434426229497 0.03642987249544621
7 0.8169825819672131 0.6081511839708561 0.022412909836065698 0.04098360655737703
8 0.7734375 0.4760928961748634 0.021132172131147486 0.03870673952641172
9 0.7401383196721312 0.5927823315118397 0.022412909836065698 0.037568306010928865
10 0.6565701844262295 0.08959471766848814 0.023053278688524692 0.039845173041894354
12 0.8787781762295084 0.6622267759562841 0.019211065573770503 0.039845173041894374
13 0.15644211065573768 0.5591985428051003 0.019211065573770503 0.03870673952641172
14 0.7936091188524591 0.8836520947176686 0.020491803278688714 0.036429872495446304
15 0.7036372950819673 0.8022540983606558 0.023693647540983687 0.039845173041894374
17 0.08728227459016391 0.48292349726775957 0.01664959016393444 0.03870673952641172
18 0.8073770491803279 0.7652550091074681 0.017289959016393297 0.03870673952641172
19 0.13146772540983603 0.6257969034608379 0.021772540983606536 0.03529143897996355
20 0.7772797131147542 0.524476320582878 0.019851434426229497 0.039845173041894374
21 0.7824026639344263 0.817053734061931 0.022412909836065698 0.037568306010928865