0 0.08568135245901637 0.1294398907103825 0.03137807377049179 0.04212204007285974
1 0.500640368852459 0.030396174863387956 0.03137807377049184 0.03756830601092896
2 0.9216828893442623 0.12431693989071037 0.02433401639344268 0.0546448087431694
3 0.09336577868852457 0.8563296903460839 0.028816598360655726 0.04553734061930786
4 0.4961577868852458 0.9576502732240437 0.02625512295081961 0.03642987249544621
5 0.9037525614754099 0.8734061930783243 0.02561475409836067 0.04326047358834254
6 0.8477202868852459 0.5136612021857924 0.019851434426229497 0.03642987249544621
7 0.7254098360655737 0.8403916211293262 0.019851434426229497 0.03870673952641152
8 0.43308145491803285 0.16188524590163936 0.02433401639344257 0.045537340619307906
9 0.8839011270491803 0.2199453551912568 0.02177254098360648 0.03642987249544628
10 0.65625 0.0890255009107468 0.027535860655737654 0.04553734061930784
12 0.8823002049180328 0.7618397085610202 0.022412909836065698 0.03870673952641152
13 0.1567622950819672 0.5609061930783242 0.021132172131147542 0.03529143897996355
14 0.7971311475409837 0.8813752276867033 0.022412909836065698 0.03870673952641162
15 0.7599897540983607 0.19319216757741345 0.023693647540983687 0.04212204007285974
17 0.08728227459016391 0.4857695810564663 0.019211065573770475 0.03529143897996355
18 0.7202868852459017 0.4977231329690346 0.023693647540983687 0.04553734061930786
19 0.1144979508196721 0.7891621129326047 0.02625512295081968 0.04098360655737703
20 0.9034323770491803 0.5552140255009107 0.023693647540983687 0.0443989071038252
21 0.8643698770491803 0.6223816029143898 0.019851434426229497 0.03756830601092906