0 0.08215932377049179 0.12830145719489983 0.026895491803278715 0.048952641165755914
1 0.4964779713114754 0.033811475409836055 0.02689549180327866 0.039845173041894354
2 0.9184810450819673 0.12488615664845172 0.021772540983606703 0.05122950819672129
3 0.09720799180327866 0.8546220400728598 0.028816598360655726 0.042122040072859884
4 0.4942366803278689 0.9587887067395263 0.028816598360655754 0.04098360655737723
5 0.905673668032787 0.8768214936247722 0.02177254098360648 0.050091074681238586
6 0.911436987704918 0.48292349726775957 0.016649590163934302 0.03642987249544621
7 0.8983094262295084 0.5688752276867031 0.01728995901639352 0.03756830601092906
9 0.8835809426229508 0.3451730418943533 0.018570696721311508 0.03870673952641172
10 0.656890368852459 0.09073315118397085 0.024974385245901676 0.03529143897996358
13 0.09976946721311473 0.14537795992714023 0.017289959016393436 0.030737704918032824
14 0.44076588114754095 0.2740209471766849 0.02305327868852458 0.03756830601092896
17 0.09400614754098358 0.5028460837887068 0.018570696721311453 0.03529143897996355
18 0.28707735655737704 0.3855874316939891 0.02305327868852458 0.03529143897996355
20 0.9130379098360657 0.5540755919854281 0.018570696721311508 0.033014571948998234
21 0.8832607581967213 0.8574681238615667 0.01793032786885229 0.03870673952641172