0 0.0885625 0.13000694444444444 0.029457031250000015 0.03187499999999997
1 0.49455859375 0.0286875 0.02561328125000001 0.034152777777777775
2 0.9188007812500001 0.12147222222222223 0.026253906250000014 0.03984722222222222
3 0.0933671875 0.8523472222222224 0.030097656249999993 0.03984722222222222
4 0.49743750000000003 0.9530972222222223 0.027535156250000026 0.036430555555555424
5 0.90343359375 0.8756805555555557 0.024972656250000114 0.043263888888888914
6 0.15067968750000002 0.30646527777777777 0.02049218749999998 0.04098611111111112
7 0.8108984375000001 0.3212638888888889 0.020492187499999925 0.04098611111111112
8 0.27394921875 0.1715625 0.022414062499999998 0.03756944444444447
9 0.8506015625000001 0.22506944444444446 0.019210937500000025 0.03529166666666669
10 0.6956328125 0.575138888888889 0.021773437500000048 0.04326388888888882
11 0.74718359375 0.4869097222222222 0.021132812500000098 0.044395833333333336
12 0.7372578125000001 0.18180555555555558 0.02305468749999995 0.044395833333333336
13 0.68506640625 0.4812152777777778 0.019851562499999975 0.04212500000000002
14 0.7990507812500001 0.12431944444444445 0.021132812500000098 0.03643055555555557
15 0.84035546875 0.357125 0.020492187499999925 0.03984722222222222
16 0.6857070312500001 0.25295833333333334 0.0236953124999999 0.04553472222222224
18 0.72124609375 0.21652777777777782 0.02305468749999995 0.038708333333333345
20 0.7932890625 0.6411666666666667 0.021132812500000098 0.04098611111111102
21 0.675140625 0.5193541666666667 0.026894531249999964 0.045534722222222136