0 0.08183913934426228 0.13000910746812386 0.027535860655737737 0.0500910746812386
1 0.49551741803278687 0.030396174863387963 0.028816598360655754 0.04439890710382514
2 0.9248847336065573 0.12773224043715847 0.02177254098360648 0.052367941712204
3 0.09560706967213112 0.8580373406193078 0.03714139344262296 0.05350637522768685
4 0.4945568647540983 0.9582194899817852 0.02689549180327866 0.042122040072859884
5 0.9031121926229511 0.8819444444444444 0.03586065573770503 0.0603369763205828
6 0.6809042008196722 0.6918260473588344 0.02177254098360648 0.042122040072859884
7 0.5845286885245902 0.11805555555555552 0.023693647540983687 0.03756830601092895
8 0.7724769467213115 0.48463114754098363 0.02305327868852447 0.04212204007285969
9 0.7494236680327869 0.14537795992714023 0.02177254098360648 0.046675774134790564
10 0.7119620901639344 0.7942850637522769 0.023693647540983687 0.0443989071038252
12 0.7987320696721313 0.7214253187613845 0.023053278688524692 0.05122950819672134
13 0.2195184426229508 0.8290072859744991 0.023693647540983576 0.03415300546448089
14 0.7654328893442623 0.8768214936247722 0.02433401639344268 0.043260473588342445
15 0.501280737704918 0.39298724954462666 0.02753586065573771 0.043260473588342445
16 0.8915855532786886 0.22108378870673948 0.020491803278688492 0.03642987249544628
17 0.08632172131147538 0.4817850637522769 0.023693647540983603 0.03642987249544621
18 0.7996926229508197 0.7891621129326049 0.02113217213114771 0.03870673952641152
19 0.13210809426229506 0.6269353369763206 0.025614754098360656 0.0443989071038252
20 0.63671875 0.6565346083788707 0.023053278688524692 0.042122040072859884
21 0.6789830942622951 0.755009107468124 0.02689549180327866 0.03870673952641172