0 0.08472079918032784 0.13399362477231327 0.02945696721311475 0.04439890710382515
1 0.4971183401639344 0.031534608378870656 0.02689549180327866 0.03984517304189436
2 0.9204021516393444 0.12147085610200363 0.02689549180327866 0.053506375227686705
3 0.09208504098360654 0.8546220400728598 0.026255122950819665 0.0443989071038252
4 0.49391649590163933 0.9559426229508199 0.02689549180327866 0.0443989071038252
5 0.9018314549180328 0.8762522768670311 0.02561475409836067 0.04667577413479061
8 0.6905097336065573 0.36794171220400723 0.021772540983606703 0.043260473588342445
9 0.677061987704918 0.48690801457194893 0.02433401639344268 0.04212204007285969
10 0.6581711065573771 0.6388888888888888 0.026255122950819665 0.04781420765027337
11 0.6402407786885246 0.7464708561020037 0.026255122950819665 0.04212204007285969
13 0.6841060450819673 0.42258652094717664 0.020491803278688492 0.04098360655737703
21 0.6658555327868853 0.576844262295082 0.023693647540983687 0.04212204007285969