0 0.083984375 0.1267361111111111 0.03466796875 0.04774305555555555
1 0.49755859375 0.028645833333333332 0.02880859375 0.0390625
2 0.920654296875 0.12196180555555555 0.02734375 0.04513888888888889
3 0.09326171875 0.8528645833333334 0.02880859375 0.050347222222222224
4 0.498291015625 0.95703125 0.03076171875 0.042534722222222224
5 0.9052734375 0.8767361111111112 0.02392578125 0.04774305555555555
6 0.843505859375 0.6193576388888888 0.01904296875 0.04079861111111111
7 0.798828125 0.8003472222222222 0.01904296875 0.033854166666666664
8 0.68115234375 0.10850694444444445 0.02490234375 0.04079861111111111
9 0.5185546875 0.3927951388888889 0.0263671875 0.04513888888888889
10 0.0888671875 0.4487847222222222 0.01708984375 0.0390625
11 0.395263671875 0.3276909722222222 0.0244140625 0.03993055555555555
12 0.69921875 0.8776041666666666 0.02490234375 0.03732638888888889
13 0.1259765625 0.3415798611111111 0.02490234375 0.036458333333333336
14 0.85400390625 0.3936631944444444 0.0224609375 0.044270833333333336
15 0.606201171875 0.8797743055555556 0.02392578125 0.03993055555555555
16 0.247802734375 0.3645833333333333 0.02392578125 0.04079861111111111
17 0.35009765625 0.1076388888888889 0.02099609375 0.042534722222222224
18 0.881591796875 0.8524305555555556 0.02001953125 0.030381944444444444
19 0.77587890625 0.6953125 0.02392578125 0.03993055555555555
20 0.861572265625 0.4361979166666667 0.0205078125 0.033854166666666664
21 0.82080078125 0.8198784722222222 0.02001953125 0.033854166666666664