0 0.08215932377049179 0.12431693989071037 0.026895491803278715 0.04098360655737703
1 0.4964779713114754 0.02982695810564661 0.02561475409836067 0.03642987249544627
2 0.9216828893442625 0.12260928961748634 0.02561475409836067 0.046675774134790515
3 0.09688780737704916 0.8546220400728598 0.028176229508196704 0.0443989071038252
4 0.49391649590163933 0.9525273224043718 0.02561475409836067 0.042122040072859884
5 0.9050332991803279 0.8722677595628416 0.02305327868852447 0.0523679417122039
6 0.8803790983606558 0.8563296903460839 0.018570696721311508 0.03415300546448089
8 0.33158299180327866 0.33549635701275043 0.021132172131147486 0.03756830601092906
10 0.8256275614754099 0.7390710382513662 0.023053278688524692 0.04098360655737684
11 0.4839907786885245 0.8642987249544628 0.027535860655737654 0.04553734061930786
13 0.36328125 0.14310109289617484 0.02433401639344268 0.03529143897996355
17 0.7993724385245902 0.7464708561020037 0.020491803278688492 0.039845173041894374
18 0.6444031762295082 0.4880464480874317 0.023053278688524692 0.0443989071038252
20 0.9168801229508198 0.4778005464480874 0.019851434426229497 0.037568306010928865