0 0.08472079918032784 0.12716302367941712 0.02945696721311475 0.048952641165755914
1 0.4983990778688525 0.026980874316939876 0.03073770491803285 0.03756830601092896
2 0.9200819672131146 0.12830145719489983 0.030097336065573632 0.046675774134790515
3 0.09624743852459014 0.8608834244080146 0.024334016393442626 0.04553734061930786
4 0.497438524590164 0.9587887067395263 0.03265881147540989 0.04553734061930786
5 0.9037525614754099 0.8768214936247722 0.02689549180327866 0.043260473588342445
6 0.8243468237704917 0.46869307832422585 0.02177254098360648 0.046675774134790515
7 0.7849641393442623 0.1875 0.022412909836065698 0.04212204007285974
8 0.8157018442622951 0.5785519125683061 0.018570696721311508 0.04098360655737703
9 0.7609503073770493 0.526183970856102 0.023053278688524692 0.04098360655737703
10 0.8566854508196722 0.5432604735883424 0.01985143442622972 0.04098360655737703
11 0.770235655737705 0.6326275045537341 0.022412909836065475 0.046675774134790515
12 0.5320184426229508 0.5796903460837888 0.023693647540983687 0.03870673952641152
13 0.866611168032787 0.48861566484517294 0.02177254098360648 0.04326047358834254
14 0.8112192622950819 0.1590391621129326 0.019851434426229497 0.0352914389799636
15 0.7692751024590164 0.4482012750455373 0.02177254098360648 0.04212204007285969
16 0.5832479508196722 0.9052823315118399 0.023693647540983687 0.03642987249544621
17 0.7039574795081966 0.5591985428051003 0.021772540983606703 0.04781420765027317
18 0.7158043032786886 0.8181921675774135 0.022412909836065475 0.037568306010928865
19 0.4301997950819672 0.6747495446265938 0.027535860655737765 0.03984517304189418
20 0.7193263319672131 0.4556010928961748 0.02433401639344268 0.04098360655737703
21 0.6511270491803279 0.8574681238615667 0.024974385245901676 0.03642987249544621