1 0.76611328125 0.4921875 0.02099609375 0.04861111111111111
4 0.242919921875 0.4878472222222222 0.02490234375 0.050347222222222224
6 0.572998046875 0.12413194444444445 0.02197265625 0.044270833333333336
7 0.49755859375 0.9279513888888888 0.02294921875 0.042534722222222224
8 0.464111328125 0.8940972222222222 0.02685546875 0.03993055555555555
9 0.5185546875 0.9288194444444444 0.02294921875 0.0390625
10 0.474365234375 0.9288194444444444 0.0205078125 0.04079861111111111
11 0.50927734375 0.8949652777777778 0.02099609375 0.03732638888888889
12 0.5322265625 0.8971354166666666 0.02490234375 0.044270833333333336
13 0.511474609375 0.8307291666666666 0.025390625 0.04513888888888889
14 0.48876953125 0.8980034722222222 0.02490234375 0.043402777777777776
15 0.47705078125 0.8606770833333334 0.025390625 0.03993055555555555
16 0.521240234375 0.8637152777777778 0.0244140625 0.052083333333333336
17 0.54443359375 0.9288194444444444 0.02490234375 0.043402777777777776
18 0.501708984375 0.7977430555555556 0.02880859375 0.0390625
19 0.449951171875 0.9275173611111112 0.0283203125 0.043402777777777776
20 0.49609375 0.8619791666666666 0.0205078125 0.044270833333333336
21 0.488037109375 0.8294270833333334 0.02392578125 0.043402777777777776