0 0.083740234375 0.12586805555555555 0.02880859375 0.046875
1 0.49658203125 0.029947916666666668 0.03076171875 0.04774305555555555
2 0.920166015625 0.12369791666666667 0.02734375 0.051215277777777776
3 0.0927734375 0.8524305555555556 0.02490234375 0.03993055555555555
4 0.49560546875 0.9535590277777778 0.02734375 0.03732638888888889
5 0.9033203125 0.8767361111111112 0.0263671875 0.04513888888888889
8 0.882568359375 0.7643229166666666 0.0205078125 0.033854166666666664
9 0.806396484375 0.21484375 0.02197265625 0.04861111111111111
10 0.764892578125 0.53515625 0.0244140625 0.04774305555555555
11 0.868896484375 0.1488715277777778 0.02001953125 0.035590277777777776
13 0.63037109375 0.4539930555555556 0.0244140625 0.04861111111111111
21 0.117919921875 0.2209201388888889 0.02197265625 0.0390625