0 0.08251953125 0.125 0.0302734375 0.042534722222222224
1 0.4970703125 0.028211805555555556 0.03076171875 0.035590277777777776
2 0.92041015625 0.12152777777777778 0.0283203125 0.044270833333333336
3 0.0927734375 0.8532986111111112 0.02392578125 0.044270833333333336
4 0.49462890625 0.9548611111111112 0.02685546875 0.035590277777777776
5 0.903076171875 0.8745659722222222 0.0244140625 0.04513888888888889
8 0.10009765625 0.3263888888888889 0.01806640625 0.03732638888888889
9 0.643798828125 0.6102430555555556 0.02294921875 0.043402777777777776
10 0.44384765625 0.6410590277777778 0.0244140625 0.04774305555555555
11 0.144287109375 0.4253472222222222 0.02197265625 0.03732638888888889
13 0.515380859375 0.7947048611111112 0.02880859375 0.04079861111111111
21 0.73046875 0.6375868055555556 0.02490234375 0.050347222222222224