0 0.08087858606557374 0.13057832422586518 0.026895491803278687 0.03984517304189436
1 0.4948770491803278 0.02925774134790527 0.03137807377049179 0.04439890710382514
2 0.9194415983606558 0.12260928961748634 0.026255122950819665 0.053506375227686705
3 0.09560706967213112 0.8551912568306013 0.02049180327868852 0.03870673952641152
4 0.4948770491803278 0.9548041894353371 0.02497438524590162 0.042122040072859884
5 0.8973488729508198 0.8734061930783243 0.02945696721311486 0.05464480874316951
6 0.7478227459016393 0.7737932604735884 0.02113217213114771 0.039845173041894374
7 0.7170850409836066 0.8295765027322406 0.019851434426229497 0.04212204007285969
8 0.891905737704918 0.6497040072859745 0.018570696721311508 0.04212204007285969
9 0.7081198770491803 0.483492714025501 0.022412909836065698 0.0443989071038252
10 0.20254866803278687 0.35257285974499086 0.021772540983606536 0.04212204007285969
11 0.8092981557377048 0.2028688524590164 0.019851434426229497 0.03642987249544621
12 0.8941470286885246 0.5119535519125683 0.02177254098360648 0.037568306010928865
14 0.7433401639344264 0.8250227686703098 0.026255122950819665 0.039845173041894374
15 0.7353355532786886 0.32980418943533696 0.023053278688524692 0.03756830601092896
16 0.2438524590163934 0.8494990892531877 0.024974385245901648 0.03415300546448089
17 0.08600153688524587 0.367372495446266 0.02049180327868852 0.0443989071038251
19 0.3379866803278688 0.7430555555555556 0.023693647540983576 0.033014571948998234
20 0.828829405737705 0.6263661202185793 0.020491803278688492 0.04098360655737703