0 0.08447265625 0.12413194444444445 0.02734375 0.050347222222222224
1 0.49658203125 0.02734375 0.029296875 0.04079861111111111
2 0.919189453125 0.12239583333333333 0.02685546875 0.044270833333333336
3 0.09521484375 0.8550347222222222 0.02880859375 0.043402777777777776
4 0.49462890625 0.9565972222222222 0.0322265625 0.050347222222222224
5 0.906005859375 0.8763020833333334 0.02880859375 0.058159722222222224
6 0.86474609375 0.234375 0.01806640625 0.035590277777777776
7 0.896484375 0.5021701388888888 0.02001953125 0.036458333333333336
8 0.836181640625 0.22786458333333334 0.02099609375 0.04774305555555555
10 0.853515625 0.2973090277777778 0.02099609375 0.033854166666666664
12 0.917236328125 0.4244791666666667 0.01806640625 0.03732638888888889
15 0.79736328125 0.8155381944444444 0.0205078125 0.033854166666666664
16 0.173095703125 0.8376736111111112 0.01904296875 0.03298611111111111
17 0.889404296875 0.7261284722222222 0.01708984375 0.03732638888888889
20 0.858642578125 0.3368055555555556 0.0185546875 0.035590277777777776
21 0.833740234375 0.6640625 0.02001953125 0.0390625