0 0.083740234375 0.13151041666666666 0.0302734375 0.03993055555555555
1 0.4970703125 0.026475694444444444 0.02685546875 0.0390625
2 0.919677734375 0.1193576388888889 0.0244140625 0.046875
3 0.09375 0.8563368055555556 0.0283203125 0.04079861111111111
4 0.491455078125 0.953125 0.025390625 0.043402777777777776
5 0.90283203125 0.8741319444444444 0.0263671875 0.051215277777777776
6 0.119873046875 0.5963541666666666 0.02197265625 0.035590277777777776
7 0.716064453125 0.8268229166666666 0.02197265625 0.0390625
8 0.906982421875 0.6857638888888888 0.01904296875 0.036458333333333336
9 0.90283203125 0.2009548611111111 0.01708984375 0.03298611111111111
10 0.878662109375 0.1857638888888889 0.0166015625 0.0390625
11 0.810302734375 0.20399305555555555 0.02197265625 0.04079861111111111
12 0.894775390625 0.5164930555555556 0.01904296875 0.035590277777777776
14 0.742431640625 0.8229166666666666 0.0205078125 0.03732638888888889
15 0.734619140625 0.3259548611111111 0.02294921875 0.04079861111111111
16 0.466064453125 0.63671875 0.0263671875 0.043402777777777776
17 0.219482421875 0.6740451388888888 0.02734375 0.04079861111111111
19 0.86572265625 0.8502604166666666 0.0185546875 0.035590277777777776
20 0.91748046875 0.5842013888888888 0.02099609375 0.04079861111111111