0 0.08247950819672129 0.12659380692167577 0.02753586065573771 0.036429872495446255
1 0.498719262295082 0.03551912568306009 0.030097336065573854 0.045537340619307844
2 0.9207223360655737 0.12204007285974498 0.026255122950819665 0.05009107468123862
3 0.09592725409836063 0.8574681238615667 0.028816598360655726 0.04553734061930786
4 0.4951972336065573 0.9553734061930784 0.028176229508196704 0.04553734061930786
5 0.9027920081967213 0.8768214936247725 0.023693647540983687 0.04781420765027317
6 0.4705430327868852 0.02811930783242257 0.027535860655737654 0.039845173041894354
8 0.6866675204918034 0.5694444444444444 0.02305327868852447 0.04098360655737703
10 0.8954277663934427 0.1413934426229508 0.01793032786885229 0.04098360655737703
12 0.6949923155737705 0.6109972677595629 0.02689549180327866 0.04212204007285969
15 0.8602074795081969 0.16871584699453548 0.015368852459016313 0.03415300546448089
16 0.1724513319672131 0.8381147540983607 0.021772540983606536 0.03415300546448089
17 0.8409964139344264 0.8420992714025503 0.016649590163934302 0.039845173041894374
20 0.9133580942622951 0.2279143897996357 0.01921106557377028 0.043260473588342445
21 0.3882556352459017 0.3571265938069217 0.02817622950819676 0.04212204007285969