0 0.083740234375 0.12239583333333333 0.02392578125 0.03732638888888889
1 0.4970703125 0.026475694444444444 0.029296875 0.036458333333333336
2 0.918701171875 0.1232638888888889 0.0263671875 0.04079861111111111
3 0.095703125 0.859375 0.029296875 0.03993055555555555
4 0.49365234375 0.9609375 0.02880859375 0.036458333333333336
5 0.90673828125 0.8802083333333334 0.02490234375 0.0390625
6 0.365478515625 0.8914930555555556 0.02392578125 0.033854166666666664
8 0.69921875 0.2973090277777778 0.02099609375 0.043402777777777776
9 0.806640625 0.7322048611111112 0.0185546875 0.036458333333333336
10 0.68798828125 0.2052951388888889 0.02197265625 0.0390625
11 0.770263671875 0.6336805555555556 0.0224609375 0.046875
12 0.82666015625 0.8159722222222222 0.01708984375 0.03993055555555555
13 0.26318359375 0.12760416666666666 0.02880859375 0.043402777777777776
14 0.223388671875 0.1271701388888889 0.02099609375 0.035590277777777776
15 0.763916015625 0.17447916666666666 0.01708984375 0.0390625
17 0.712646484375 0.6775173611111112 0.0224609375 0.0390625
18 0.636474609375 0.1558159722222222 0.0263671875 0.042534722222222224
20 0.8369140625 0.5334201388888888 0.0224609375 0.03732638888888889
21 0.596435546875 0.12413194444444445 0.0283203125 0.043402777777777776