1 0.23681640625 0.5078125 0.02197265625 0.05381944444444445
4 0.757080078125 0.5108506944444444 0.02490234375 0.04774305555555555
6 0.470458984375 0.3450520833333333 0.02294921875 0.042534722222222224
8 0.7294921875 0.4470486111111111 0.0224609375 0.057291666666666664
9 0.517822265625 0.4926215277777778 0.02294921875 0.04774305555555555
10 0.27783203125 0.2087673611111111 0.02197265625 0.042534722222222224
11 0.332763671875 0.06163194444444445 0.029296875 0.042534722222222224
14 0.46630859375 0.6788194444444444 0.02734375 0.03993055555555555
16 0.707763671875 0.8585069444444444 0.02001953125 0.04861111111111111
17 0.298583984375 0.008680555555555556 0.02685546875 0.017361111111111112
18 0.297119140625 0.7039930555555556 0.02294921875 0.042534722222222224
19 0.62353515625 0.19835069444444445 0.02685546875 0.051215277777777776