0 0.08376024590163932 0.12716302367941712 0.03009733606557377 0.039845173041894326
1 0.4971183401639344 0.027550091074681222 0.028176229508196704 0.04553734061930784
2 0.9216828893442623 0.12033242258652094 0.02689549180327866 0.046675774134790515
3 0.09432633196721309 0.8586065573770493 0.02945696721311475 0.03870673952641152
4 0.4948770491803279 0.956511839708561 0.027535860655737765 0.04326047358834254
5 0.9008709016393444 0.8734061930783243 0.027535860655737654 0.04553734061930786
6 0.87109375 0.4994307832422586 0.01921106557377028 0.039845173041894374
7 0.9018314549180328 0.3907103825136612 0.019211065573770503 0.03415300546448089
8 0.3722464139344262 0.8210382513661203 0.02305327868852458 0.03415300546448089
9 0.0866419057377049 0.43169398907103823 0.017930327868852458 0.03187613843351553
12 0.7542264344262295 0.6576730418943533 0.021132172131147486 0.037568306010928865
13 0.831390881147541 0.5956284153005464 0.020491803278688492 0.04098360655737703
15 0.7366162909836066 0.5387067395264116 0.019211065573770503 0.04326047358834254
16 0.8000128073770493 0.6166894353369763 0.020491803278688492 0.037568306010928865
17 0.5637167008196722 0.6719034608378871 0.02561475409836067 0.04098360655737703
18 0.6277535860655737 0.8113615664845173 0.023053278688524692 0.039845173041894374
19 0.8899846311475411 0.3611111111111111 0.019851434426229497 0.043260473588342445
20 0.694031762295082 0.7988387978142077 0.023693647540983687 0.04212204007285969
21 0.8560450819672131 0.567167577413479 0.019851434426229497 0.03870673952641172