0 0.0869140625 0.1254340277777778 0.02880859375 0.050347222222222224
1 0.4970703125 0.029947916666666668 0.02685546875 0.033854166666666664
2 0.917724609375 0.1267361111111111 0.025390625 0.04513888888888889
3 0.09423828125 0.8532986111111112 0.029296875 0.04861111111111111
4 0.493896484375 0.9548611111111112 0.02685546875 0.04861111111111111
5 0.90283203125 0.8741319444444444 0.02392578125 0.044270833333333336
6 0.2919921875 0.7582465277777778 0.0224609375 0.0390625
8 0.2998046875 0.10460069444444445 0.0244140625 0.035590277777777776
10 0.37255859375 0.8411458333333334 0.02392578125 0.03732638888888889
20 0.77587890625 0.5004340277777778 0.0224609375 0.03993055555555555
17 0.89306640625 0.3194444444444444 0.01708984375 0.035590277777777776