0 0.08349609375 0.1306423611111111 0.0322265625 0.03993055555555555
1 0.4970703125 0.029947916666666668 0.03076171875 0.043402777777777776
2 0.922607421875 0.12196180555555555 0.02734375 0.0390625
3 0.094970703125 0.8602430555555556 0.029296875 0.051215277777777776
4 0.495849609375 0.9557291666666666 0.0283203125 0.042534722222222224
5 0.90478515625 0.8784722222222222 0.02490234375 0.042534722222222224
6 0.215576171875 0.8125 0.02099609375 0.035590277777777776
20 0.76513671875 0.4904513888888889 0.01611328125 0.044270833333333336
7 0.799072265625 0.4522569444444444 0.02001953125 0.033854166666666664
8 0.78173828125 0.43359375 0.02001953125 0.035590277777777776
9 0.78173828125 0.5125868055555556 0.01611328125 0.043402777777777776
10 0.7958984375 0.5316840277777778 0.0185546875 0.0390625
11 0.763916015625 0.4509548611111111 0.01708984375 0.04079861111111111
12 0.7802734375 0.5481770833333334 0.01904296875 0.03993055555555555
13 0.780517578125 0.4730902777777778 0.02099609375 0.03732638888888889
14 0.79833984375 0.4939236111111111 0.02001953125 0.035590277777777776
15 0.7978515625 0.4136284722222222 0.0224609375 0.04079861111111111
16 0.746826171875 0.5121527777777778 0.0205078125 0.03732638888888889
17 0.74755859375 0.4696180555555556 0.0205078125 0.03732638888888889
18 0.79541015625 0.5711805555555556 0.0205078125 0.03993055555555555
19 0.72998046875 0.4878472222222222 0.02099609375 0.03993055555555555
21 0.763916015625 0.5347222222222222 0.02099609375 0.03993055555555555