0 0.085693359375 0.1254340277777778 0.0341796875 0.043402777777777776
1 0.498779296875 0.029947916666666668 0.02734375 0.043402777777777776
2 0.919677734375 0.1254340277777778 0.03564453125 0.052083333333333336
3 0.09326171875 0.8598090277777778 0.02880859375 0.052083333333333336
4 0.49462890625 0.9592013888888888 0.0283203125 0.04861111111111111
5 0.902587890625 0.8767361111111112 0.0283203125 0.052083333333333336
6 0.848388671875 0.5143229166666666 0.02001953125 0.03993055555555555
7 0.7529296875 0.8420138888888888 0.02392578125 0.03732638888888889
8 0.43310546875 0.16015625 0.025390625 0.044270833333333336
9 0.873291015625 0.4830729166666667 0.02099609375 0.036458333333333336
10 0.656005859375 0.09114583333333333 0.02197265625 0.0390625
12 0.882568359375 0.7634548611111112 0.01904296875 0.030381944444444444
13 0.156005859375 0.5603298611111112 0.02001953125 0.04079861111111111
14 0.79638671875 0.8823784722222222 0.02490234375 0.043402777777777776
15 0.75927734375 0.1909722222222222 0.02490234375 0.044270833333333336
17 0.086669921875 0.4830729166666667 0.02294921875 0.043402777777777776
18 0.8271484375 0.8046875 0.02392578125 0.03993055555555555
19 0.111083984375 0.7855902777777778 0.0244140625 0.0390625
20 0.902587890625 0.5525173611111112 0.01904296875 0.0390625
21 0.828857421875 0.84765625 0.02197265625 0.03993055555555555