0 0.083740234375 0.1267361111111111 0.0263671875 0.0390625
1 0.49658203125 0.029079861111111112 0.02685546875 0.03732638888888889
2 0.921142578125 0.12196180555555555 0.0283203125 0.04513888888888889
3 0.09423828125 0.8532986111111112 0.0244140625 0.042534722222222224
4 0.494873046875 0.9565972222222222 0.0302734375 0.04079861111111111
5 0.9033203125 0.875 0.02734375 0.05381944444444445
6 0.16064453125 0.3155381944444444 0.02001953125 0.0390625
8 0.69873046875 0.3003472222222222 0.0205078125 0.046875
9 0.79541015625 0.6905381944444444 0.0205078125 0.035590277777777776
10 0.814697265625 0.74609375 0.0205078125 0.036458333333333336
11 0.769287109375 0.6315104166666666 0.0205078125 0.042534722222222224
13 0.423583984375 0.2170138888888889 0.02685546875 0.03993055555555555
14 0.3466796875 0.75 0.02294921875 0.03993055555555555
15 0.779296875 0.4657118055555556 0.02099609375 0.0390625
17 0.71142578125 0.6805555555555556 0.0224609375 0.03993055555555555
18 0.637451171875 0.1540798611111111 0.02294921875 0.04079861111111111
20 0.836181640625 0.5360243055555556 0.0224609375 0.046875
21 0.417724609375 0.4401041666666667 0.0244140625 0.042534722222222224