0 0.08154296875 0.12369791666666667 0.0283203125 0.03732638888888889
1 0.498779296875 0.026041666666666668 0.0302734375 0.042534722222222224
2 0.92138671875 0.12239583333333333 0.02734375 0.046875
3 0.092041015625 0.8580729166666666 0.0263671875 0.044270833333333336
4 0.49365234375 0.95703125 0.02880859375 0.042534722222222224
5 0.904296875 0.8780381944444444 0.0283203125 0.0546875
6 0.336669921875 0.7469618055555556 0.02392578125 0.04079861111111111
7 0.864013671875 0.1345486111111111 0.01806640625 0.036458333333333336
8 0.68115234375 0.11024305555555555 0.0263671875 0.042534722222222224
10 0.13330078125 0.7960069444444444 0.01904296875 0.033854166666666664
11 0.397216796875 0.328125 0.0244140625 0.043402777777777776
12 0.697265625 0.8797743055555556 0.0224609375 0.042534722222222224
14 0.8544921875 0.3680555555555556 0.0166015625 0.04079861111111111
15 0.665771484375 0.7855902777777778 0.02490234375 0.043402777777777776
16 0.247314453125 0.3650173611111111 0.02197265625 0.03993055555555555
17 0.690185546875 0.2586805555555556 0.02392578125 0.043402777777777776
19 0.77685546875 0.6948784722222222 0.01904296875 0.0390625
20 0.8583984375 0.4275173611111111 0.0205078125 0.03732638888888889
21 0.863525390625 0.46484375 0.02197265625 0.036458333333333336