0 0.08279969262295078 0.12317850637522769 0.02945696721311475 0.04553734061930781
1 0.4971183401639344 0.03096539162112931 0.028176229508196704 0.043260473588342445
2 0.9213627049180328 0.12716302367941712 0.027535860655737654 0.05122950819672129
3 0.09432633196721309 0.8523451730418945 0.02945696721311475 0.039845173041894374
4 0.496798155737705 0.9548041894353371 0.02625512295081972 0.037568306010928865
5 0.9011910860655737 0.8756830601092899 0.02305327868852447 0.04553734061930776
8 0.5294569672131147 0.20913023679417125 0.023693647540983687 0.04439890710382515
9 0.795530225409836 0.7265482695810566 0.020491803278688492 0.04098360655737723
10 0.8019339139344261 0.5313069216757742 0.02177254098360648 0.039845173041894374
11 0.8125 0.8557604735883425 0.022412909836065698 0.03529143897996355
13 0.8742955942622951 0.8512067395264118 0.01921106557377028 0.033014571948998234