0 0.08632172131147538 0.1260245901639344 0.024974385245901648 0.039845173041894326
1 0.4974385245901638 0.03096539162112931 0.03137807377049179 0.040983606557377046
2 0.9242443647540984 0.12659380692167577 0.03073770491803285 0.04326047358834243
3 0.09272540983606554 0.8551912568306013 0.021132172131147542 0.04098360655737703
4 0.4951972336065573 0.9548041894353371 0.024334016393442626 0.042122040072859884
5 0.9034323770491803 0.8762522768670311 0.026255122950819665 0.044398907103825005
6 0.16252561475409832 0.3172814207650273 0.019851434426229497 0.03529143897996355
8 0.6991547131147541 0.2984972677595628 0.022412909836065698 0.04098360655737703
9 0.7958504098360657 0.6901183970856102 0.022412909836065698 0.03870673952641172
10 0.8144211065573771 0.7476092896174866 0.021132172131147486 0.03984517304189418
11 0.7689549180327869 0.6337659380692168 0.019851434426229497 0.039845173041894374
13 0.423155737704918 0.21709927140255011 0.023693647540983576 0.04212204007285972
14 0.35079405737704916 0.7328096539162113 0.024974385245901676 0.04212204007285969
15 0.7788806352459017 0.4658469945355191 0.021772540983606703 0.03642987249544621
17 0.7119620901639344 0.6787340619307831 0.023693647540983687 0.04098360655737703
18 0.637359118852459 0.15391621129326047 0.02305327868852447 0.03415300546448089
20 0.8358734631147542 0.5341530054644809 0.019211065573770503 0.03870673952641172
21 0.4189933401639344 0.4413706739526412 0.02561475409836067 0.046675774134790564