0 0.0834400614754098 0.12716302367941712 0.026895491803278687 0.048952641165755914
1 0.496798155737705 0.028688524590163918 0.02753586065573771 0.03187613843351548
2 0.9242443647540984 0.12204007285974498 0.03073770491803285 0.04781420765027322
3 0.09720799180327866 0.8523451730418945 0.026255122950819665 0.04667577413479071
4 0.4958376024590164 0.9553734061930784 0.028176229508196704 0.04098360655737723
5 0.9021516393442623 0.8716985428051003 0.024974385245901676 0.05122950819672134
8 0.2573002049180328 0.7567167577413482 0.023693647540983576 0.03984517304189418
9 0.2236808401639344 0.2836976320582878 0.021772540983606592 0.04098360655737703
11 0.5454661885245902 0.8995901639344264 0.024974385245901676 0.03870673952641152
13 0.23969006147540978 0.4294171220400729 0.021772540983606564 0.03870673952641172
21 0.3014856557377049 0.34175774134790526 0.022412909836065587 0.04098360655737703