0 0.08055840163934423 0.12431693989071037 0.03137807377049179 0.0500910746812386
1 0.4958376024590164 0.032673041894353355 0.03201844262295084 0.04439890710382513
2 0.9220030737704917 0.12773224043715847 0.026255122950819665 0.04781420765027322
3 0.0946465163934426 0.8557604735883425 0.03009733606557377 0.04212204007285969
4 0.4942366803278689 0.9548041894353371 0.028816598360655754 0.03529143897996355
5 0.9040727459016393 0.8745446265938069 0.024974385245901676 0.050091074681238586
8 0.5707607581967213 0.12545537340619306 0.021772540983606703 0.04553734061930781
9 0.4919953893442623 0.15163934426229508 0.02433401639344257 0.04098360655737708
10 0.19934682377049176 0.48121584699453546 0.02305327868852458 0.042122040072859884
11 0.8477202868852459 0.38046448087431695 0.021132172131147486 0.04326047358834235
13 0.5019211065573771 0.10268670309653914 0.027535860655737654 0.043260473588342445
21 0.3658427254098361 0.3696493624772313 0.02561475409836067 0.0443989071038251