0 0.08408043032786883 0.13000910746812386 0.02945696721311475 0.04781420765027322
1 0.49487704918032793 0.029257741347905278 0.03393954918032788 0.05122950819672129
2 0.9204021516393444 0.12431693989071037 0.02689549180327866 0.056921675774134775
3 0.09528688524590162 0.8574681238615667 0.028816598360655726 0.04553734061930786
4 0.4951972336065573 0.9582194899817852 0.026895491803278715 0.039845173041894576
5 0.9047131147540984 0.8808060109289618 0.026255122950819665 0.0443989071038251
8 0.5723616803278688 0.37761839708561024 0.024974385245901676 0.046675774134790515
9 0.7948898565573771 0.7259790528233153 0.019211065573770503 0.042122040072859884
10 0.8006531762295084 0.5347222222222222 0.02177254098360648 0.0443989071038252
11 0.813140368852459 0.8568989071038252 0.023693647540983687 0.044398907103825005
13 0.8762167008196722 0.8563296903460839 0.01921106557377028 0.03415300546448089