1 0.234619140625 0.5056423611111112 0.0185546875 0.04861111111111111
4 0.757080078125 0.5091145833333334 0.02099609375 0.044270833333333336
6 0.326416015625 0.09288194444444445 0.02197265625 0.036458333333333336
7 0.518798828125 0.4613715277777778 0.02392578125 0.044270833333333336
9 0.551513671875 0.14366319444444445 0.02099609375 0.03732638888888889
11 0.573974609375 0.021267361111111112 0.0224609375 0.033854166666666664
12 0.5458984375 0.4409722222222222 0.02099609375 0.03993055555555555
14 0.459228515625 0.6584201388888888 0.0224609375 0.03993055555555555
15 0.316162109375 0.030815972222222224 0.0166015625 0.035590277777777776
17 0.6015625 0.12239583333333333 0.02392578125 0.043402777777777776
18 0.3642578125 0.21875 0.02294921875 0.03298611111111111
19 0.6767578125 0.9123263888888888 0.0166015625 0.051215277777777776
21 0.7021484375 0.23307291666666666 0.02099609375 0.050347222222222224