0 0.0834400614754098 0.13057832422586518 0.02945696721311475 0.03984517304189436
1 0.4964779713114754 0.028688524590163918 0.03073770491803285 0.036429872495446255
2 0.9184810450819673 0.12147085610200363 0.02433401639344268 0.04212204007285974
3 0.09496670081967211 0.8546220400728598 0.02945696721311475 0.03984517304189418
4 0.49263575819672134 0.9553734061930784 0.024334016393442626 0.04553734061930786
5 0.9021516393442623 0.8762522768670311 0.022412909836065698 0.05122950819672134
6 0.31525358606557374 0.5614754098360656 0.02433401639344268 0.04326047358834254
7 0.1026511270491803 0.8335610200364301 0.02049180327868852 0.03187613843351558
9 0.6914702868852459 0.4015255009107468 0.023693647540983687 0.03756830601092896
10 0.7705558401639344 0.10951730418943532 0.019211065573770503 0.04553734061930784
11 0.7587090163934427 0.18066939890710385 0.021132172131147486 0.03984517304189442
12 0.8608478483606558 0.372495446265938 0.02305327868852447 0.04098360655737703
14 0.9133580942622951 0.3024817850637523 0.021772540983606703 0.039845173041894374
16 0.7234887295081968 0.17099271402550092 0.018570696721311508 0.04098360655737708
17 0.12922643442622947 0.18010018214936252 0.018570696721311453 0.03187613843351553
19 0.35367571721311475 0.24442167577413476 0.02305327868852458 0.0443989071038251
20 0.9040727459016393 0.48463114754098363 0.01985143442622972 0.037568306010928865
21 0.6293545081967213 0.10894808743169397 0.023693647540983687 0.039845173041894354