0 0.08151895491803277 0.12374772313296901 0.02561475409836067 0.04439890710382514
1 0.49455686475409844 0.03210382513661201 0.028176229508196704 0.04553734061930784
2 0.917200307377049 0.12317850637522769 0.02817622950819665 0.04781420765027322
3 0.09336577868852457 0.8603142076502733 0.026255122950819665 0.048952641165756025
4 0.4948770491803279 0.9559426229508199 0.028816598360655754 0.03984517304189418
5 0.9021516393442625 0.8773907103825138 0.023693647540983687 0.04895264116575583
6 0.6588114754098361 0.09073315118397085 0.022412909836065698 0.039845173041894326
7 0.13146772540983603 0.6314890710382515 0.017930327868852458 0.03529143897996355
9 0.6447233606557378 0.5996129326047359 0.019851434426229497 0.039845173041894374
10 0.7711962090163935 0.11236338797814205 0.019211065573770503 0.039845173041894326
11 0.7596695696721312 0.18180783242258652 0.020491803278688492 0.03529143897996355
12 0.3014856557377049 0.22791438979963566 0.022412909836065587 0.036429872495446304
14 0.7061987704918034 0.7083333333333334 0.019851434426229497 0.04098360655737723
15 0.7974513319672131 0.2330373406193078 0.017930327868852514 0.033014571948998234
16 0.7234887295081966 0.17156193078324225 0.021132172131147486 0.03756830601092896
17 0.37897028688524587 0.10724043715846994 0.021132172131147597 0.04098360655737708
19 0.35431608606557374 0.24726775956284155 0.02305327868852458 0.04098360655737703
20 0.9034323770491803 0.4823542805100182 0.01728995901639352 0.039845173041894374
21 0.677061987704918 0.8386839708561021 0.02433401639344268 0.04212204007285969