0 0.0859375 0.13151041666666666 0.0283203125 0.042534722222222224
1 0.499755859375 0.030381944444444444 0.033203125 0.03993055555555555
2 0.9228515625 0.12413194444444445 0.029296875 0.0546875
3 0.0966796875 0.8528645833333334 0.03271484375 0.0390625
4 0.4951171875 0.9574652777777778 0.03076171875 0.043402777777777776
5 0.90673828125 0.8732638888888888 0.02880859375 0.052083333333333336
6 0.244873046875 0.5881076388888888 0.0205078125 0.03993055555555555
12 0.357421875 0.2243923611111111 0.0244140625 0.0390625
15 0.549560546875 0.11805555555555555 0.01904296875 0.03732638888888889
17 0.69970703125 0.13020833333333334 0.0224609375 0.043402777777777776
20 0.22412109375 0.4309895833333333 0.02099609375 0.03298611111111111