0 0.08183913934426228 0.12488615664845172 0.026255122950819693 0.039845173041894326
1 0.4964779713114754 0.027550091074681222 0.02945696721311486 0.040983606557377046
2 0.9216828893442623 0.1260245901639344 0.02305327868852447 0.046675774134790515
3 0.09336577868852457 0.8512067395264118 0.03009733606557377 0.04212204007285969
4 0.49455686475409844 0.9553734061930784 0.028176229508196704 0.04553734061930786
5 0.9047131147540984 0.8779599271402552 0.024974385245901676 0.04781420765027317
6 0.3130122950819672 0.1635928961748634 0.023693647540983576 0.04212204007285979
7 0.9184810450819673 0.445924408014572 0.014088114754098324 0.039845173041894374
8 0.7980917008196722 0.6172586520947176 0.020491803278688492 0.04098360655737703
9 0.8365138319672131 0.21425318761384335 0.019211065573770503 0.040983606557376984
10 0.9079149590163935 0.6428734061930783 0.018570696721311508 0.03529143897996355
11 0.7763191598360657 0.6343351548269581 0.020491803278688492 0.03870673952641172
12 0.7199667008196722 0.2575136612021858 0.02177254098360648 0.04098360655737703
13 0.9021516393442623 0.21026867030965393 0.01985143442622972 0.03529143897996358
14 0.39914190573770497 0.5842440801457195 0.02689549180327866 0.04326047358834235
15 0.6533683401639344 0.4146174863387978 0.023053278688524692 0.04098360655737703
16 0.7663934426229508 0.4533242258652095 0.019851434426229497 0.04098360655737703
17 0.8538037909836066 0.6872723132969035 0.01921106557377028 0.037568306010928865
18 0.751985143442623 0.6519808743169399 0.023053278688524692 0.0443989071038252
19 0.7955302254098361 0.4408014571948999 0.023053278688524692 0.045537340619307906
20 0.5044825819672131 0.1459471766848816 0.021132172131147486 0.03870673952641167
21 0.6181480532786886 0.6901183970856102 0.02817622950819665 0.04326047358834254