0 0.08279969262295078 0.12716302367941712 0.030737704918032793 0.046675774134790515
1 0.49743852459016397 0.028688524590163918 0.028816598360655754 0.036429872495446255
2 0.9229636270491803 0.12204007285974498 0.02561475409836067 0.04553734061930781
3 0.09624743852459014 0.8534836065573771 0.028176229508196704 0.039845173041894374
4 0.49551741803278687 0.9570810564663024 0.028816598360655754 0.04895264116575583
5 0.8992699795081969 0.8813752276867031 0.02945696721311486 0.04553734061930776
8 0.1340292008196721 0.48861566484517305 0.02305327868852458 0.04098360655737703
9 0.44428790983606564 0.5626138433515482 0.027535860655737654 0.04326047358834254
10 0.8144211065573771 0.4556010928961748 0.021132172131147486 0.03870673952641172
11 0.8281890368852459 0.12830145719489983 0.02177254098360648 0.04212204007285974
13 0.13851178278688522 0.7800546448087433 0.024334016393442626 0.03415300546448089
21 0.7231685450819673 0.7840391621129328 0.02561475409836067 0.0443989071038252