0 0.07703637295081965 0.12545537340619306 0.025614754098360643 0.04781420765027322
1 0.4967981557377049 0.02356557377049178 0.02881659836065581 0.030737704918032776
2 0.9200819672131146 0.12204007285974498 0.024974385245901676 0.04553734061930781
3 0.09496670081967211 0.8517759562841533 0.02945696721311475 0.03870673952641172
4 0.4942366803278689 0.9548041894353371 0.028816598360655754 0.037568306010928865
5 0.9011910860655737 0.8751138433515484 0.02433401639344268 0.048952641165756025
8 0.6783427254098361 0.22962204007285975 0.02177254098360648 0.046675774134790515
9 0.7955302254098361 0.7259790528233153 0.023053278688524692 0.042122040072859884
10 0.8003329918032787 0.5313069216757742 0.021132172131147486 0.039845173041894374
11 0.8089779713114755 0.8449453551912569 0.019211065573770503 0.03642987249544621
13 0.8474001024590164 0.8381147540983607 0.020491803278688492 0.03415300546448089