0 0.08151895491803277 0.12659380692167577 0.026895491803278715 0.038706739526411654
1 0.4961577868852458 0.030965391621129306 0.02625512295081961 0.03642987249544627
2 0.9213627049180328 0.11919398907103823 0.03265881147540983 0.06489071038251366
3 0.09304559426229506 0.8557604735883425 0.02945696721311475 0.05122950819672134
4 0.49551741803278687 0.9587887067395263 0.028816598360655754 0.03870673952641192
5 0.9031121926229508 0.8739754098360657 0.03073770491803285 0.05122950819672134
8 0.886142418032787 0.7578551912568305 0.02113217213114771 0.037568306010928865
9 0.753265881147541 0.19660746812386157 0.021772540983606703 0.04212204007285974
10 0.7686347336065573 0.5130919854280509 0.023053278688524692 0.0443989071038252
11 0.5185706967213115 0.27174408014571955 0.027535860655737654 0.0443989071038251
13 0.6962730532786886 0.4499089253187614 0.02433401639344268 0.04098360655737703
21 0.11673924180327866 0.21937613843351547 0.019211065573770503 0.033014571948998234