0 0.08349609375 0.1271701388888889 0.02685546875 0.04861111111111111
1 0.496826171875 0.028645833333333332 0.02734375 0.03211805555555555
2 0.92431640625 0.12196180555555555 0.03076171875 0.04774305555555555
3 0.09716796875 0.8524305555555556 0.0263671875 0.046875
4 0.495849609375 0.9552951388888888 0.0283203125 0.04079861111111111
5 0.902099609375 0.8715277777777778 0.02490234375 0.051215277777777776
8 0.25732421875 0.7565104166666666 0.02392578125 0.03993055555555555
9 0.2236328125 0.2838541666666667 0.02197265625 0.04079861111111111
11 0.54541015625 0.8997395833333334 0.02490234375 0.0390625
13 0.23974609375 0.4292534722222222 0.02197265625 0.0390625
21 0.301513671875 0.3415798611111111 0.0224609375 0.04079861111111111