0 0.0859375 0.1310763888888889 0.0283203125 0.04774305555555555
1 0.495849609375 0.025173611111111112 0.0283203125 0.036458333333333336
2 0.91748046875 0.1232638888888889 0.0263671875 0.04079861111111111
3 0.095703125 0.8524305555555556 0.0244140625 0.03993055555555555
4 0.49365234375 0.9544270833333334 0.02734375 0.036458333333333336
5 0.90185546875 0.87890625 0.02294921875 0.04513888888888889
6 0.8359375 0.15234375 0.0205078125 0.044270833333333336
7 0.810546875 0.3203125 0.02099609375 0.0390625
8 0.274658203125 0.1723090277777778 0.0263671875 0.04079861111111111
9 0.851318359375 0.22743055555555555 0.01904296875 0.035590277777777776
10 0.695556640625 0.5755208333333334 0.0244140625 0.044270833333333336
11 0.746826171875 0.4878472222222222 0.0244140625 0.044270833333333336
12 0.64208984375 0.4830729166666667 0.02490234375 0.036458333333333336
13 0.686767578125 0.4796006944444444 0.0205078125 0.04513888888888889
14 0.2001953125 0.3203125 0.02099609375 0.04079861111111111
15 0.892578125 0.2947048611111111 0.01708984375 0.035590277777777776
16 0.64990234375 0.2547743055555556 0.02392578125 0.046875
18 0.792724609375 0.2764756944444444 0.02099609375 0.03732638888888889
20 0.8291015625 0.7022569444444444 0.02392578125 0.03732638888888889
21 0.675048828125 0.5212673611111112 0.0244140625 0.044270833333333336