0 0.08344006147540982 0.12830145719489983 0.021772540983606564 0.039845173041894326
1 0.4990394467213115 0.032103825136612 0.03201844262295084 0.03642987249544627
2 0.9188012295081969 0.12260928961748634 0.023693647540983687 0.039845173041894326
3 0.09784836065573768 0.8551912568306013 0.026255122950819665 0.03415300546448089
4 0.49263575819672134 0.9542349726775957 0.028176229508196704 0.04326047358834254
5 0.9034323770491803 0.8728369763205828 0.024974385245901676 0.0443989071038251
6 0.8256275614754099 0.2768670309653916 0.02177254098360648 0.04098360655737703
8 0.5723616803278688 0.18749999999999997 0.026255122950819665 0.0443989071038251
9 0.6011782786885246 0.7686703096539163 0.021132172131147486 0.03642987249544621
10 0.813780737704918 0.7487477231329692 0.022412909836065698 0.04212204007285969
11 0.9008709016393444 0.2780054644808743 0.018570696721311508 0.04326047358834235
13 0.5323386270491802 0.8233151183970856 0.02433401639344268 0.03642987249544621
14 0.3463114754098361 0.8967440801457196 0.024974385245901676 0.037568306010928865
15 0.7792008196721312 0.46869307832422585 0.023693647540983687 0.04212204007285969
17 0.7920081967213115 0.7857468123861567 0.021132172131147486 0.03642987249544621
18 0.6421618852459017 0.39697176684881597 0.022412909836065475 0.04212204007285969
20 0.8355532786885246 0.5324453551912568 0.02113217213114771 0.03529143897996355
21 0.41931352459016386 0.44023224043715853 0.024974385245901676 0.04212204007285974