0 0.081787109375 0.1254340277777778 0.02734375 0.04079861111111111
1 0.497802734375 0.031684027777777776 0.0322265625 0.03993055555555555
2 0.919677734375 0.12196180555555555 0.029296875 0.050347222222222224
3 0.094970703125 0.8524305555555556 0.029296875 0.03298611111111111
4 0.494140625 0.9622395833333334 0.02880859375 0.04774305555555555
5 0.90087890625 0.8767361111111112 0.02734375 0.043402777777777776
6 0.8486328125 0.5151909722222222 0.0244140625 0.042534722222222224
7 0.726318359375 0.8385416666666666 0.02294921875 0.03732638888888889
8 0.43212890625 0.1597222222222222 0.0263671875 0.04079861111111111
9 0.898681640625 0.1935763888888889 0.01513671875 0.043402777777777776
10 0.6572265625 0.08680555555555555 0.0244140625 0.04513888888888889
12 0.881103515625 0.7625868055555556 0.0224609375 0.03298611111111111
13 0.154296875 0.55859375 0.0185546875 0.03732638888888889
14 0.79541015625 0.87890625 0.0205078125 0.0390625
15 0.760009765625 0.1918402777777778 0.02392578125 0.044270833333333336
17 0.08544921875 0.4817708333333333 0.02197265625 0.033854166666666664
18 0.75 0.5807291666666666 0.02197265625 0.04513888888888889
19 0.11279296875 0.7868923611111112 0.0244140625 0.036458333333333336
20 0.902587890625 0.5559895833333334 0.0205078125 0.043402777777777776
21 0.859130859375 0.6657986111111112 0.02392578125 0.04861111111111111