0 0.08247950819672129 0.12659380692167577 0.03137807377049179 0.04553734061930781
1 0.4958376024590164 0.0332422586520947 0.026895491803278715 0.047814207650273215
2 0.9210425204918032 0.12545537340619306 0.030737704918032627 0.04781420765027322
3 0.09272540983606554 0.8568989071038252 0.026255122950819665 0.044398907103825005
4 0.49327612704918034 0.9604963570127505 0.02689549180327866 0.04895264116575583
5 0.9037525614754099 0.8745446265938069 0.02945696721311486 0.050091074681238586
6 0.8265881147540984 0.35883424408014564 0.019851434426229497 0.03870673952641172
7 0.8147412909836066 0.6098588342440802 0.01921106557377028 0.039845173041894374
8 0.42603739754098363 0.1493624772313297 0.02305327868852458 0.043260473588342445
9 0.823066086065574 0.83356102003643 0.019211065573770503 0.03642987249544621
10 0.6565701844262295 0.08674863387978142 0.021772540983606703 0.03870673952641167
12 0.8749359631147542 0.6645036429872495 0.01793032786885229 0.04212204007285969
13 0.15612192622950816 0.5603369763205829 0.019851434426229497 0.03870673952641172
14 0.7936091188524591 0.8836520947176686 0.020491803278688714 0.03870673952641162
15 0.7580686475409837 0.18863843351548265 0.022412909836065698 0.03756830601092891
17 0.08664190573770489 0.48690801457194893 0.024334016393442626 0.03529143897996355
18 0.8790983606557378 0.7897313296903463 0.018570696721311508 0.037568306010928865
19 0.11257684426229507 0.7868852459016394 0.02113217213114757 0.03642987249544621
20 0.9037525614754099 0.5529371584699454 0.019211065573770503 0.03756830601092906
21 0.7811219262295083 0.8142076502732241 0.023693647540983687 0.03870673952641152