0 0.08279969262295078 0.1294398907103825 0.030737704918032793 0.039845173041894326
1 0.4964779713114754 0.026980874316939876 0.03329918032786883 0.04212204007285974
2 0.9204021516393444 0.12431693989071037 0.02689549180327866 0.0500910746812386
3 0.09496670081967211 0.8563296903460839 0.02945696721311475 0.04326047358834235
4 0.4955174180327869 0.9576502732240437 0.03137807377049179 0.04781420765027317
5 0.9024718237704917 0.8745446265938069 0.02817622950819665 0.05919854280510014
6 0.55859375 0.32581967213114754 0.02561475409836067 0.043260473588342445
7 0.8624487704918032 0.13342440801457195 0.01857069672131173 0.036429872495446255
8 0.12794569672131145 0.1971766848816029 0.021132172131147542 0.03187613843351548
10 0.829469774590164 0.2808515482695811 0.019211065573770503 0.0443989071038251
12 0.9172003073770493 0.4237249544626594 0.020491803278688492 0.036429872495446304
15 0.7977715163934426 0.8176229508196723 0.022412909836065475 0.03870673952641152
16 0.1724513319672131 0.8392531876138435 0.021772540983606536 0.03642987249544621
17 0.8554047131147542 0.19205373406193074 0.019851434426229497 0.03529143897996355
20 0.8579661885245902 0.33663479052823314 0.01728995901639352 0.039845173041894374
21 0.8803790983606558 0.4521857923497267 0.01985143442622972 0.036429872495446255