0 0.08251953125 0.13151041666666666 0.0263671875 0.042534722222222224
1 0.497802734375 0.03211805555555555 0.0283203125 0.043402777777777776
2 0.91943359375 0.12239583333333333 0.0224609375 0.03993055555555555
3 0.093017578125 0.8580729166666666 0.025390625 0.046875
4 0.49365234375 0.95703125 0.02880859375 0.044270833333333336
5 0.903076171875 0.8780381944444444 0.02685546875 0.04774305555555555
6 0.326416015625 0.1332465277777778 0.02734375 0.036458333333333336
8 0.394775390625 0.5863715277777778 0.0244140625 0.043402777777777776
10 0.33642578125 0.09418402777777778 0.02197265625 0.042534722222222224
17 0.127197265625 0.16493055555555555 0.0224609375 0.035590277777777776
20 0.77685546875 0.4965277777777778 0.0205078125 0.0390625