0 0.08251953125 0.12760416666666666 0.03125 0.036458333333333336
1 0.497802734375 0.028645833333333332 0.0283203125 0.036458333333333336
2 0.919677734375 0.12239583333333333 0.025390625 0.05555555555555555
3 0.092041015625 0.8567708333333334 0.03125 0.046875
4 0.49365234375 0.9565972222222222 0.02880859375 0.04774305555555555
5 0.9052734375 0.8784722222222222 0.0302734375 0.044270833333333336
6 0.48681640625 0.6041666666666666 0.0244140625 0.03993055555555555
8 0.919677734375 0.3845486111111111 0.01806640625 0.03732638888888889
10 0.912109375 0.6540798611111112 0.0166015625 0.035590277777777776
11 0.567138671875 0.7078993055555556 0.02099609375 0.03993055555555555
13 0.920654296875 0.4210069444444444 0.01708984375 0.035590277777777776
21 0.91552734375 0.5963541666666666 0.0185546875 0.03732638888888889