0 0.082275390625 0.1271701388888889 0.025390625 0.042534722222222224
1 0.496826171875 0.028211805555555556 0.02734375 0.03298611111111111
2 0.918701171875 0.11979166666666667 0.0263671875 0.04079861111111111
3 0.095947265625 0.8524305555555556 0.02099609375 0.042534722222222224
4 0.494873046875 0.95703125 0.02490234375 0.03732638888888889
5 0.90087890625 0.8758680555555556 0.02392578125 0.04513888888888889
6 0.72900390625 0.19140625 0.0205078125 0.0390625
7 0.521728515625 0.5334201388888888 0.02490234375 0.042534722222222224
8 0.827880859375 0.60546875 0.02001953125 0.03993055555555555
9 0.700439453125 0.5915798611111112 0.02099609375 0.03732638888888889
10 0.856689453125 0.5442708333333334 0.0185546875 0.036458333333333336
11 0.769287109375 0.6315104166666666 0.01904296875 0.03993055555555555
12 0.533203125 0.5815972222222222 0.0224609375 0.03732638888888889
13 0.864013671875 0.4852430555555556 0.01806640625 0.036458333333333336
14 0.410888671875 0.4275173611111111 0.0224609375 0.03993055555555555
15 0.763916015625 0.17317708333333334 0.02001953125 0.029513888888888888
17 0.71240234375 0.6805555555555556 0.0244140625 0.042534722222222224
18 0.658203125 0.2586805555555556 0.0185546875 0.04079861111111111
19 0.26806640625 0.8142361111111112 0.02880859375 0.029513888888888888
20 0.831787109375 0.5251736111111112 0.02099609375 0.050347222222222224
21 0.650146484375 0.859375 0.0283203125 0.03732638888888889