7 0.7547200520833335 0.5130208333333334 0.02278645833333326 0.044849537037037104
14 0.7510579427083335 0.3893229166666667 0.02360026041666674 0.04918981481481488
15 0.755126953125 0.5672743055555556 0.02197265625 0.04050925925925933
16 0.7315266927083335 0.6005497685185186 0.02197265625 0.043402777777777776
17 0.7587890625 0.6121238425925926 0.0244140625 0.043402777777777776
18 0.7644856770833335 0.44429976851851843 0.02278645833333326 0.04340277777777773
19 0.7201334635416667 0.5325520833333333 0.02197265625 0.043402777777777776
20 0.6936848958333335 0.5217013888888888 0.02115885416666674 0.041956018518518455
21 0.720947265625 0.4356192129629629 0.02197265625 0.04629629629629623
8 0.7225748697916667 0.4869791666666667 0.02034505208333348 0.041956018518518455
9 0.69775390625 0.4681712962962962 0.0244140625 0.041956018518518455
10 0.6944986979166667 0.6019965277777778 0.02278645833333348 0.04629629629629623
11 0.6595052083333335 0.6179108796296295 0.02766927083333326 0.05787037037037043
12 0.6611328125 0.5151909722222221 0.0244140625 0.043402777777777776
13 0.66845703125 0.4688946759259259 0.0244140625 0.049189814814814735
0 0.05910604508196718 0.1579007285974499 0.019211065573770496 0.04212204007285974
1 0.48399077868852447 0.026980874316939876 0.03265881147540978 0.039845173041894354
2 0.9232838114754099 0.10268670309653916 0.016009221311475308 0.04781420765027325
3 0.08408043032786883 0.9069899817850638 0.019211065573770503 0.037568306010928865
4 0.5019211065573771 0.987249544626594 0.04290471311475402 0.020491803278688617
5 0.9220030737704917 0.8751138433515483 0.027535860655737654 0.03756830601092896
6 0.7473958334960937 0.3567708333333333 0.783203125 0.3003472222222222 0.7644856772460937 0.2612847222222222 0.7294921875 0.31915509288194444 0.7473958334960937 0.3567708333333333