6 0.62939453125 0.4654947916666667 0.06591796875 0.04123263888888889
7 0.740478515625 0.5096209490740741 0.01871744791666674 0.035445601851851784
14 0.7372233072916666 0.4242621527777778 0.02278645833333326 0.03833912037037043
15 0.7400716145833334 0.5512152777777778 0.01953125 0.036168981481481545
16 0.7219645182291666 0.574363425925926 0.018310546875 0.03761574074074087
17 0.7410888671875 0.593894675925926 0.01993815104166674 0.04050925925925913
18 0.7392578125 0.46802662037037046 0.01953125 0.04195601851851865
19 0.7215576171875 0.531322337962963 0.01749674479166674 0.035445601851851784
20 0.7018229166666666 0.5128761574074074 0.02034505208333326 0.036168981481481545
21 0.7199300130208334 0.4459635416666667 0.01912434895833348 0.042679398148148216
8 0.7207438151041666 0.48828125 0.01912434895833326 0.04050925925925933
9 0.7001953125 0.4698350694444444 0.02034505208333326 0.04123263888888889
10 0.7032470703125 0.5541087962962964 0.01993815104166674 0.041956018518518455
11 0.6820882161458334 0.533492476851852 0.020751953125 0.03978587962962957
12 0.6603190104166666 0.5128761574074074 0.02115885416666674 0.03761574074074067
13 0.6808675130208334 0.4904513888888889 0.01912434895833348 0.04050925925925933
0 0.05974641393442619 0.1579007285974499 0.021772540983606557 0.046675774134790564
1 0.4836705942622951 0.028688524590163918 0.02945696721311486 0.05009107468123862
2 0.9232838114754099 0.10097905282331511 0.022412909836065698 0.04212204007285974
3 0.08215932377049179 0.9126821493624774 0.021772540983606564 0.042122040072859884
4 0.500640368852459 0.98554189435337 0.03522028688524581 0.01935336976320596
5 0.9216828893442623 0.8768214936247725 0.02689549180327866 0.03870673952641152