6 0.498779296875 0.18894675925925922 0.03499348958333326 0.04484953703703701
7 0.9296875 0.5491898148148148 0.01627604166666652 0.0390625
14 0.9150390625 0.23307291666666666 0.01627604166666652 0.040509259259259224
15 0.9166666666666669 0.7799479166666666 0.01790364583333348 0.03761574074074087
16 0.8422037760416669 0.8631365740740742 0.01871744791666652 0.0390625
17 0.8609212239583335 0.847945601851852 0.01708984375 0.034722222222222224
18 0.67822265625 0.49493634259259256 0.0244140625 0.04050925925925913
19 0.711181640625 0.6960358796296297 0.02360026041666674 0.046296296296296426
20 0.6485188802083335 0.6236979166666666 0.02685546875 0.043402777777777776
21 0.72216796875 0.4131944444444444 0.0244140625 0.04774305555555555
8 0.6778157552083335 0.6186342592592592 0.02685546875 0.0448495370370369
9 0.4715169270833334 0.2685185185185185 0.0244140625 0.041956018518518455
10 0.5736490885416667 0.6446759259259259 0.02522786458333348 0.0448495370370369
11 0.2794596354166667 0.2092013888888889 0.02604166666666663 0.04774305555555558
12 0.6534016927083335 0.5144675925925926 0.02522786458333326 0.0448495370370369
13 0.5008138020833334 0.09707754629629625 0.029296875 0.0636574074074074
0 0.059746413934426194 0.15448542805100182 0.01921106557377049 0.039845173041894374
1 0.4830302254098361 0.02527322404371583 0.03201844262295084 0.050091074681238607
2 0.9232838114754099 0.10325591985428051 0.02113217213114771 0.048952641165755956
3 0.0827996926229508 0.9069899817850638 0.024334016393442653 0.037568306010928865
4 0.5006637562366357 0.9864469489981786 0.03270558624376335 0.025717213114753907
5 0.9216828893442623 0.8773907103825138 0.02433401639344268 0.0443989071038252