6 0.430908203125 0.02734375 0.02490234375 0.0546875
18 0.497802734375 0.1853298611111111 0.0224609375 0.03819444444444445
19 0.60888671875 0.12239583333333333 0.0283203125 0.03993055555555555
20 0.5703125 0.23567708333333334 0.02392578125 0.044270833333333336
21 0.468017578125 0.1032986111111111 0.029296875 0.042534722222222224
8 0.5673828125 0.18229166666666666 0.021484375 0.044270833333333336
9 0.370361328125 0.5516493055555556 0.02490234375 0.044270833333333336
10 0.58056640625 0.3715277777777778 0.0263671875 0.046875
12 0.506591796875 0.2265625 0.0234375 0.041666666666666664
1 0.23486328125 0.53125 0.0283203125 0.050347222222222224
4 0.773193359375 0.4956597222222222 0.0146484375 0.046875