6 0.569091796875 0.9722222222222222 0.02490234375 0.05555555555555555
18 0.502197265625 0.8146701388888888 0.0224609375 0.03819444444444445
19 0.39111328125 0.8776041666666666 0.0283203125 0.03993055555555555
20 0.4296875 0.7643229166666666 0.02392578125 0.044270833333333336
21 0.531982421875 0.8967013888888888 0.029296875 0.042534722222222224
8 0.4326171875 0.8177083333333334 0.021484375 0.044270833333333336
9 0.629638671875 0.4483506944444444 0.02490234375 0.044270833333333336
10 0.41943359375 0.6284722222222222 0.0263671875 0.046875
12 0.493408203125 0.7734375 0.0234375 0.041666666666666664
1 0.76513671875 0.46875 0.0283203125 0.050347222222222224
4 0.226806640625 0.5043402777777778 0.0146484375 0.046875