6 0.56591796875 0.9713541666666666 0.025390625 0.057291666666666664
18 0.50244140625 0.8146701388888888 0.025390625 0.041666666666666664
19 0.389404296875 0.8754340277777778 0.02685546875 0.04513888888888889
20 0.429931640625 0.765625 0.025390625 0.036458333333333336
21 0.5322265625 0.8958333333333334 0.03076171875 0.041666666666666664
8 0.432373046875 0.8159722222222222 0.02685546875 0.041666666666666664
9 0.6298828125 0.44921875 0.02587890625 0.043402777777777776
10 0.420166015625 0.6280381944444444 0.025390625 0.04774305555555555
12 0.493896484375 0.7743055555555556 0.0244140625 0.04513888888888889
1 0.765869140625 0.4691840277777778 0.02294921875 0.05381944444444445
4 0.2275390625 0.5034722222222222 0.01220703125 0.058159722222222224