6 0.769775390625 0.3828125 0.04150390625 0.04513888888888889
7 0.928955078125 0.55078125 0.01806640625 0.041666666666666664
14 0.915771484375 0.2265625 0.01953125 0.0390625
15 0.916748046875 0.7790798611111112 0.01806640625 0.0390625
16 0.841796875 0.8637152777777778 0.01806640625 0.04079861111111111
17 0.859619140625 0.8472222222222222 0.01953125 0.03298611111111111
18 0.677001953125 0.4956597222222222 0.0234375 0.04513888888888889
19 0.711181640625 0.6966145833333334 0.025390625 0.04774305555555555
20 0.6494140625 0.6245659722222222 0.0205078125 0.04513888888888889
21 0.72265625 0.4427083333333333 0.0234375 0.0546875
8 0.677734375 0.6202256944444444 0.0234375 0.04774305555555555
9 0.471435546875 0.2690972222222222 0.0244140625 0.04600694444444445
10 0.572021484375 0.6419270833333334 0.02685546875 0.04513888888888889
11 0.159912109375 0.2300347222222222 0.02294921875 0.03732638888888889
12 0.654296875 0.5108506944444444 0.025390625 0.043402777777777776
0 0.060791015625 0.15885416666666666 0.02001953125 0.042534722222222224
1 0.482666015625 0.02734375 0.0302734375 0.04079861111111111
2 0.9228515625 0.1037326388888889 0.01904296875 0.043402777777777776
3 0.08349609375 0.9079861111111112 0.01904296875 0.03732638888888889
4 0.501953125 0.984375 0.03271484375 0.021701388888888888
5 0.921142578125 0.8758680555555556 0.02685546875 0.036458333333333336