6 0.769775390625 0.3828125 0.04150390625 0.044849537037037104
7 0.9288736979166669 0.550636574074074 0.01790364583333348 0.041956018518518455
14 0.9158528645833335 0.22656249999999994 0.01953125 0.0390625
15 0.9166666666666669 0.7792245370370372 0.01790364583333348 0.0390625
16 0.841796875 0.8638599537037038 0.01790364583333348 0.04050925925925913
17 0.8597005208333335 0.8472222222222222 0.01953125 0.0332754629629631
18 0.677001953125 0.4956597222222222 0.02360026041666674 0.044849537037037104
19 0.711181640625 0.6967592592592593 0.02522786458333326 0.047743055555555754
20 0.6493326822916667 0.6244212962962963 0.02034505208333348 0.044849537037037104
21 0.7225748697916667 0.44285300925925924 0.02360026041666652 0.054976851851851936
8 0.6778157552083335 0.6200810185185186 0.02360026041666674 0.04774305555555555
9 0.4715169270833334 0.26924189814814814 0.0244140625 0.04629629629629633
10 0.572021484375 0.6417824074074073 0.02685546875 0.044849537037037104
11 0.15983072916666666 0.2301793981481481 0.02278645833333337 0.037615740740740776
12 0.6542154947916667 0.5108506944444443 0.02522786458333348 0.043402777777777776
0 0.06070696721311473 0.1590391621129326 0.01985143442622951 0.04212204007285979
1 0.48271004098360654 0.027550091074681222 0.030097336065573743 0.040983606557377046
2 0.9229636270491803 0.10382513661202185 0.019211065573770503 0.04326047358834246
3 0.08344006147540982 0.9081284153005466 0.019211065573770503 0.03756830601092926
4 0.5019211065573771 0.9844034608378871 0.03265881147540983 0.02163023679417127
5 0.9210425204918032 0.8756830601092899 0.02689549180327888 0.03642987249544621