6 0.581298828125 0.21006944444444445 0.02783203125 0.049479166666666664
7 0.93017578125 0.5486111111111112 0.01708984375 0.03732638888888889
14 0.916748046875 0.22786458333333334 0.02099609375 0.041666666666666664
15 0.916259765625 0.7821180555555556 0.0205078125 0.03298611111111111
16 0.842529296875 0.8624131944444444 0.01953125 0.03732638888888889
17 0.860107421875 0.8472222222222222 0.01708984375 0.041666666666666664
19 0.683837890625 0.9027777777777778 0.02294921875 0.03732638888888889
20 0.57861328125 0.8602430555555556 0.02197265625 0.041666666666666664
21 0.73974609375 0.7009548611111112 0.0234375 0.04513888888888889
8 0.683837890625 0.6354166666666666 0.02294921875 0.043402777777777776
9 0.471923828125 0.2699652777777778 0.0234375 0.04774305555555555
10 0.57373046875 0.6401909722222222 0.0234375 0.04774305555555555
11 0.159912109375 0.22960069444444445 0.02099609375 0.041666666666666664
12 0.147216796875 0.8767361111111112 0.02197265625 0.03732638888888889
0 0.060791015625 0.15711805555555555 0.02099609375 0.043402777777777776
1 0.484619140625 0.028211805555555556 0.0302734375 0.044270833333333336
2 0.922607421875 0.10199652777777778 0.02099609375 0.042534722222222224
3 0.08349609375 0.9105902777777778 0.01904296875 0.03732638888888889
4 0.487548828125 0.9856770833333334 0.01513671875 0.019097222222222224
5 0.92041015625 0.8763020833333334 0.025390625 0.042534722222222224
18 0.49951171875 0.06901041666666667 0.0234375 0.04079861111111111