6 0.5813802083333334 0.2099247685185185 0.02766927083333326 0.04918981481481485
7 0.9300944010416669 0.5484664351851851 0.01708984375 0.03761574074074067
14 0.9166666666666669 0.22800925925925922 0.02115885416666652 0.04195601851851855
15 0.916259765625 0.7821180555555556 0.02034505208333348 0.0332754629629631
16 0.8426106770833335 0.8624131944444444 0.01953125 0.03761574074074087
17 0.860107421875 0.8472222222222222 0.01708984375 0.04195601851851865
19 0.6839192708333335 0.9029224537037037 0.02278645833333326 0.03761574074074087
20 0.5785319010416667 0.8602430555555556 0.02197265625 0.04195601851851865
21 0.7396647135416667 0.701099537037037 0.02360026041666652 0.044849537037037104
8 0.6839192708333335 0.6352719907407408 0.02278645833333326 0.043402777777777776
9 0.471923828125 0.2699652777777778 0.02360026041666674 0.04774305555555555
10 0.5736490885416667 0.6403356481481481 0.02360026041666652 0.04774305555555555
11 0.15983072916666666 0.2294560185185185 0.02115885416666663 0.041956018518518476
12 0.14721679687499997 0.8768807870370371 0.02197265625 0.037615740740740776
0 0.06070696721311472 0.15733151183970853 0.021132172131147535 0.043260473588342445
1 0.48463114754098363 0.02811930783242257 0.030097336065573743 0.04439890710382513
2 0.9226434426229508 0.10211748633879782 0.021132172131147486 0.04212204007285974
3 0.08344006147540982 0.9104052823315121 0.019211065573770503 0.037568306010928865
4 0.4875128073770492 0.98554189435337 0.015368852459016313 0.01935336976320596
5 0.9204021516393444 0.8762522768670311 0.02561475409836067 0.04212204007285969
18 0.49959309895833337 0.0688657407407407 0.023600260416666685 0.04050925925925928