6 0.9150390625 0.2627314814814815 0.01790364583333348 0.0390625
7 0.9296875 0.5491898148148148 0.01627604166666652 0.0390625
14 0.9178873697916669 0.20775462962962962 0.01871744791666652 0.04774305555555555
15 0.9172794117647061 0.7802287581699346 0.015625 0.034313725490196054
16 0.8435724431818183 0.8627946127946128 0.01716382575757569 0.035774410774410806
17 0.8572916666666668 0.8467592592592594 0.010416666666666519 0.03425925925925929
19 0.681202168367347 0.9024943310657597 0.023118622448979664 0.04535147392290254
20 0.5779655612244898 0.8592687074829933 0.025510204081632626 0.04109977324263032
21 0.739795918367347 0.7012471655328798 0.023915816326530726 0.039682539682539736
8 0.6839923469387756 0.6374716553287982 0.025510204081632626 0.042517006802721094
9 0.4719387755102041 0.26828231292517013 0.025510204081632626 0.04676870748299322
10 0.5715880102040817 0.6424319727891157 0.025510204081632626 0.04393424036281167
11 0.15943877551020408 0.2293083900226758 0.022321428571428603 0.039682539682539715
12 0.14548788265306123 0.8769841269841273 0.01992984693877553 0.03684807256235829
0 0.05910604508196718 0.1567622950819672 0.019211065573770496 0.04212204007285979
1 0.4830302254098361 0.026411657559198526 0.03073770491803285 0.05009107468123861
2 0.9220030737704917 0.10154826958105644 0.022412909836065475 0.040983606557377046
3 0.08344006147540982 0.9098360655737705 0.02049180327868852 0.04553734061930786
4 0.5009605532786886 0.98554189435337 0.034579918032786816 0.01935336976320596
5 0.9172003073770493 0.861452641165756 0.017930327868852514 0.0261839708561019