6 0.60205078125 0.3185763888888889 0.02197265625 0.04513888888888889
16 0.726318359375 0.00390625 0.02294921875 0.0078125
19 0.7265625 0.1753472222222222 0.0234375 0.036458333333333336
20 0.70263671875 0.3611111111111111 0.02099609375 0.03732638888888889
21 0.613037109375 0.07465277777777778 0.02099609375 0.04079861111111111
10 0.583740234375 0.3815104166666667 0.02587890625 0.043402777777777776
9 0.3701171875 0.5520833333333334 0.02685546875 0.04600694444444445
11 0.374267578125 0.3090277777777778 0.0234375 0.04600694444444445
8 0.576171875 0.17578125 0.025390625 0.04600694444444445
1 0.23486328125 0.5295138888888888 0.02685546875 0.051215277777777776
4 0.772216796875 0.4986979166666667 0.0126953125 0.05555555555555555