6 0.6021321614583335 0.681568287037037 0.02522786458333326 0.0390625
7 0.9097493489583335 0.781394675925926 0.02034505208333326 0.03616898148148135
15 0.8621419270833335 0.35821759259259256 0.02115885416666674 0.043402777777777776
16 0.7868652343750001 0.902199074074074 0.02034505208333348 0.04050925925925913
19 0.6826985677083335 0.9029224537037037 0.02034505208333326 0.04195601851851865
20 0.578125 0.8602430555555556 0.02115885416666674 0.03761574074074067
21 0.7392578125 0.7010995370370371 0.02278645833333326 0.03761574074074087
10 0.5667317708333334 0.6490162037037037 0.0244140625 0.04629629629629623
9 0.470703125 0.26924189814814814 0.02604166666666674 0.04774305555555555
11 0.607421875 0.2764756944444444 0.02604166666666674 0.041956018518518455
8 0.6822916666666667 0.6352719907407408 0.02604166666666652 0.0448495370370369
12 0.14599609375 0.8739872685185186 0.017903645833333315 0.0390625
0 0.05878586065573768 0.15619307832422585 0.021132172131147542 0.04553734061930786
1 0.48335040983606553 0.028688524590163918 0.028816598360655754 0.04781420765027322
2 0.9223232581967213 0.10097905282331511 0.02177254098360648 0.04895264116575593
3 0.08344006147540982 0.9104052823315121 0.019211065573770503 0.046675774134790515
4 0.500640368852459 0.9838342440801457 0.03137807377049184 0.02276867030965393
5 0.9226434426229508 0.8796675774134791 0.022412909836065698 0.046675774134790515