6 0.49658203125 0.2361111111111111 0.02783203125 0.08854166666666667
7 0.518310546875 0.07074652777777778 0.02099609375 0.03732638888888889
14 0.494384765625 0.07118055555555555 0.0205078125 0.03211805555555555
15 0.483154296875 0.10633680555555555 0.01953125 0.034722222222222224
16 0.52978515625 0.03428819444444445 0.0205078125 0.034722222222222224
17 0.458984375 0.0390625 0.0234375 0.041666666666666664
18 0.542724609375 0.07161458333333333 0.02392578125 0.035590277777777776
19 0.482177734375 0.03819444444444445 0.0234375 0.033854166666666664
20 0.50732421875 0.10590277777777778 0.021484375 0.03298611111111111
21 0.49658203125 0.1388888888888889 0.021484375 0.034722222222222224
8 0.507080078125 0.03689236111111111 0.02197265625 0.034722222222222224
9 0.470703125 0.07291666666666667 0.02392578125 0.034722222222222224
10 0.531982421875 0.10416666666666667 0.02294921875 0.035590277777777776
11 0.520751953125 0.140625 0.02197265625 0.036458333333333336
12 0.509765625 0.17578125 0.02392578125 0.036458333333333336
13 0.55712890625 0.029513888888888888 0.02734375 0.043402777777777776
1 0.233642578125 0.5260416666666666 0.0244140625 0.05555555555555555
4 0.7724609375 0.4982638888888889 0.01220703125 0.0546875
22 0.5051229506835937 0.20913023697916666 0.5768442622070312 0.006489071180555556 0.4308401640625 0.013319671875000001 0.5051229506835937 0.20913023697916666