6 0.57358203125 0.6049722222222222 0.027253906249999904 0.041993055555555533
7 0.9106093749999999 0.7818125 0.01816796875000004 0.03714583333333326
16 0.78797265625 0.9045555555555556 0.019984374999999943 0.03714583333333326
17 0.17069531250000003 0.3829166666666667 0.019078125 0.03714583333333336
19 0.6821406250000001 0.901326388888889 0.022710937500000083 0.04037500000000005
20 0.57676171875 0.8601388888888889 0.022710937500000083 0.041993055555555533
21 0.74028125 0.7026805555555556 0.024527343749999986 0.04360416666666664
8 0.69122265625 0.6292013888888889 0.024527343749999986 0.045222222222222226
9 0.460484375 0.6768402777777778 0.02634375 0.050062500000000024
11 0.36827734375 0.3070069444444445 0.02362109374999999 0.050062500000000024
10 0.545875 0.7818125 0.03361328125000007 0.09528472222222224
18 0.1116171875 0.8455138888888889 0.016648437500000002 0.030736111111111027
0 0.05974609375 0.1567638888888889 0.020492187499999995 0.04212500000000002
1 0.48495312500000004 0.026979166666666665 0.03073828125 0.048951388888888885
2 0.92296484375 0.09984027777777779 0.020492187499999925 0.044395833333333336
3 0.08280078125000001 0.9098333333333335 0.023054687500000004 0.04098611111111102
4 0.5009609375 0.9866805555555556 0.03330078124999997 0.02390972222222211
5 0.92264453125 0.8785277777777777 0.0236953124999999 0.04667361111111104