6 0.5744921875000001 0.5977083333333334 0.0236210937500001 0.04037499999999995
7 0.9106093749999999 0.7842361111111111 0.01816796875000004 0.03552777777777768
16 0.786609375 0.9029375 0.022710937500000083 0.03714583333333326
19 0.683046875 0.901326388888889 0.022710937500000083 0.03714583333333326
20 0.578578125 0.8617569444444446 0.022710937500000083 0.041993055555555533
8 0.6921328125 0.6292013888888889 0.024527343749999986 0.045222222222222226
21 0.74209765625 0.7002569444444444 0.024527343749999986 0.041993055555555533
9 0.46139062500000005 0.6784583333333334 0.028160156250000012 0.04360416666666664
11 0.36737109375000004 0.3078194444444444 0.027253906250000015 0.041993055555555533
17 0.17296484375 0.3845277777777778 0.021800781250000012 0.04360416666666664
10 0.5163515625 0.9441180555555556 0.03088671874999993 0.06782638888888887
0 0.05974609375 0.15847222222222224 0.020492187499999995 0.04553472222222224
1 0.48271093750000005 0.026979166666666665 0.03137890624999995 0.048951388888888885
2 0.92104296875 0.10211805555555557 0.019210937500000025 0.046673611111111096
3 0.08344140625000002 0.9126805555555557 0.021773437499999992 0.048951388888888836
4 0.50157421875 0.9881527777777779 0.033242187499999964 0.0222986111111112
5 0.9213632812500001 0.8756805555555557 0.026253906250000014 0.04098611111111102