6 0.445068359375 0.6323784722222222 0.02294921875 0.041666666666666664
16 0.273193359375 0.9943576388888888 0.02099609375 0.011284722222222222
19 0.274169921875 0.8255208333333334 0.02099609375 0.04079861111111111
20 0.296630859375 0.6397569444444444 0.0234375 0.04079861111111111
8 0.42724609375 0.8415798611111112 0.025390625 0.043402777777777776
21 0.387451171875 0.9305555555555556 0.0234375 0.043402777777777776
9 0.399658203125 0.4314236111111111 0.0244140625 0.050347222222222224
11 0.608154296875 0.2643229166666667 0.0234375 0.04861111111111111
10 0.250244140625 0.5290798611111112 0.0380859375 0.0546875
1 0.76611328125 0.4691840277777778 0.02734375 0.05555555555555555
4 0.225341796875 0.5026041666666666 0.0126953125 0.059027777777777776