6 0.574462890625 0.59765625 0.0234375 0.04079861111111111
7 0.91064453125 0.7842881944444444 0.01806640625 0.035590277777777776
16 0.78662109375 0.9027777777777778 0.02294921875 0.03732638888888889
19 0.68310546875 0.9014756944444444 0.02294921875 0.03732638888888889
20 0.57861328125 0.8615451388888888 0.02294921875 0.041666666666666664
8 0.692138671875 0.6293402777777778 0.0244140625 0.04513888888888889
21 0.7421875 0.7000868055555556 0.0244140625 0.041666666666666664
9 0.46142578125 0.6783854166666666 0.0283203125 0.043402777777777776
11 0.367431640625 0.3077256944444444 0.02734375 0.041666666666666664
17 0.1728515625 0.3845486111111111 0.02197265625 0.043402777777777776
10 0.516357421875 0.9440104166666666 0.03076171875 0.06770833333333333
0 0.059814453125 0.1584201388888889 0.0205078125 0.04513888888888889
1 0.482666015625 0.026909722222222224 0.03125 0.04861111111111111
2 0.921142578125 0.10199652777777778 0.01904296875 0.046875
3 0.08349609375 0.9127604166666666 0.02197265625 0.04861111111111111
4 0.50146484375 0.98828125 0.033203125 0.022569444444444444
5 0.92138671875 0.8758680555555556 0.0263671875 0.04079861111111111