6 0.554931640625 0.3715277777777778 0.0263671875 0.046875
19 0.7265625 0.17447916666666666 0.02099609375 0.03732638888888889
16 0.726318359375 0.004340277777777778 0.02099609375 0.008680555555555556
20 0.7021484375 0.3619791666666667 0.0263671875 0.04079861111111111
21 0.613037109375 0.07465277777777778 0.0263671875 0.043402777777777776
8 0.57275390625 0.15928819444444445 0.02734375 0.04861111111111111
9 0.600341796875 0.5703125 0.0263671875 0.043402777777777776
10 0.750244140625 0.4717881944444444 0.041015625 0.046875
11 0.391845703125 0.7365451388888888 0.02734375 0.043402777777777776
1 0.23486328125 0.5290798611111112 0.02197265625 0.057291666666666664
4 0.773681640625 0.4978298611111111 0.0107421875 0.0625