7 0.6421693313953489 0.7131782945736435 0.02452761627906974 0.04198966408268726
16 0.6081031976744186 0.9400839793281653 0.021802325581395277 0.04360465116279065
19 0.6249091569767442 0.7680878552971576 0.02452761627906974 0.04198966408268726
21 0.5345203488372093 0.915859173126615 0.025436046511627897 0.04360465116279065
8 0.7557231104651163 0.863372093023256 0.022710755813953654 0.035529715762273914
11 0.7893350290697674 0.34415374677002597 0.022710755813953654 0.04360465116279075
20 0.3246729651162791 0.6073966408268734 0.023619186046511587 0.040374677002583875
6 0.14162427325581395 0.8956718346253231 0.02452761627906974 0.051679586563307484
17 0.15797601744186043 0.39906330749354013 0.022710755813953487 0.04360465116279075
0 0.06070696721311472 0.1567622950819672 0.021132172131147535 0.039845173041894374
1 0.4852715163934427 0.026411657559198522 0.026255122950819665 0.04553734061930784
2 0.9229636270491803 0.10097905282331511 0.023053278688524692 0.04212204007285974
18 0.09336577868852457 0.8734061930783243 0.02753586065573771 0.02959927140255007
3 0.0831198770491803 0.9098360655737705 0.022412909836065587 0.03415300546448089
4 0.498719262295082 0.9849726775956285 0.03265881147540989 0.025045537340619244
5 0.9229636270491803 0.8773907103825138 0.02689549180327866 0.046675774134790515