7 0.64208984375 0.7131076388888888 0.0244140625 0.041666666666666664
16 0.608154296875 0.9401041666666666 0.02197265625 0.043402777777777776
19 0.625 0.7682291666666666 0.0244140625 0.041666666666666664
21 0.534423828125 0.9157986111111112 0.025390625 0.043402777777777776
8 0.755615234375 0.86328125 0.02294921875 0.035590277777777776
11 0.789306640625 0.3441840277777778 0.02294921875 0.043402777777777776
20 0.32470703125 0.6072048611111112 0.0234375 0.04079861111111111
6 0.1416015625 0.8958333333333334 0.0244140625 0.052083333333333336
17 0.157958984375 0.3988715277777778 0.02294921875 0.043402777777777776
0 0.060791015625 0.1566840277777778 0.02099609375 0.03993055555555555
1 0.4853515625 0.026475694444444444 0.0263671875 0.04513888888888889
2 0.9228515625 0.10112847222222222 0.02294921875 0.042534722222222224
18 0.09326171875 0.8732638888888888 0.02734375 0.029513888888888888
3 0.0830078125 0.9097222222222222 0.0224609375 0.033854166666666664
4 0.498779296875 0.9848090277777778 0.03271484375 0.025173611111111112
5 0.9228515625 0.8776041666666666 0.02685546875 0.046875