16 0.6071947674418605 0.938468992248062 0.023619186046511587 0.040374677002583875
6 0.4977289244186047 0.9804586563307495 0.019077034883720867 0.030684754521963953
7 0.6426235465116279 0.7131782945736435 0.027252906976744207 0.04521963824289404
19 0.6244549418604651 0.767280361757106 0.023619186046511587 0.040374677002583875
20 0.32512718023255816 0.6098191214470287 0.02452761627906974 0.04198966408268726
21 0.55859375 0.9198966408268734 0.02634447674418605 0.038759689922480495
8 0.7557231104651163 0.8625645994832042 0.02452761627906974 0.0371447028423773
11 0.7906976744186047 0.3449612403100776 0.02361918604651181 0.04198966408268737
12 0.21566133720930233 0.9077842377260984 0.023619186046511642 0.03391472868217073
0 0.06038678278688521 0.1567622950819672 0.02049180327868852 0.04212204007285979
1 0.4836705942622951 0.028688524590163918 0.02817622950819665 0.04781420765027322
2 0.9239241803278688 0.10040983606557374 0.023693647540983687 0.04553734061930784
3 0.08344006147540982 0.9092668488160291 0.021772540983606564 0.046675774134790515
4 0.5044825819672131 0.98554189435337 0.027535860655737654 0.023907103825136587
5 0.9210425204918032 0.8768214936247722 0.02177254098360648 0.0523679417122039