16 0.6203670058139535 0.9425064599483205 0.02271075581395343 0.038759689922480495
21 0.590388808139535 0.931201550387597 0.02452761627906974 0.04198966408268726
19 0.16524345930232556 0.8811369509043929 0.020893895348837233 0.04198966408268737
20 0.32512718023255816 0.6090116279069768 0.020893895348837233 0.04360465116279065
8 0.8356649709302326 0.8407622739018089 0.01907703488372081 0.03875968992248069
6 0.8170421511627908 0.3538436692506461 0.021802325581395277 0.04360465116279075
12 0.21566133720930233 0.9045542635658914 0.025436046511627897 0.040374677002584174
11 0.5358829941860466 0.08817829457364344 0.04996366279069764 0.058139534883720936
0 0.05878586065573768 0.15960837887067397 0.02241290983606558 0.04098360655737708
1 0.48142930327868855 0.02641165755919853 0.030097336065573854 0.040983606557377046
2 0.9223232581967213 0.1032559198542805 0.020491803278688492 0.04439890710382514
3 0.08183913934426226 0.9092668488160291 0.022412909836065587 0.039845173041894576
4 0.5022412909836066 0.98554189435337 0.03586065573770497 0.0261839708561019
5 0.9200819672131146 0.8779599271402552 0.024974385245901676 0.04098360655737684