6 0.823974609375 0.3020833333333333 0.0283203125 0.050347222222222224
20 0.229736328125 0.8932291666666666 0.02099609375 0.04079861111111111
12 0.20556640625 0.9214409722222222 0.02197265625 0.0390625
16 0.621337890625 0.9431423611111112 0.0244140625 0.04079861111111111
8 0.684814453125 0.8932291666666666 0.02294921875 0.043402777777777776
21 0.75927734375 0.9118923611111112 0.01904296875 0.0390625
13 0.8896484375 0.25390625 0.02001953125 0.05295138888888889
0 0.05908203125 0.1579861111111111 0.02197265625 0.044270833333333336
1 0.484619140625 0.02734375 0.03271484375 0.04774305555555555
2 0.922607421875 0.10199652777777778 0.02099609375 0.044270833333333336
3 0.08349609375 0.9097222222222222 0.01904296875 0.04079861111111111
4 0.501708984375 0.9848090277777778 0.029296875 0.022569444444444444
5 0.92236328125 0.87890625 0.0244140625 0.036458333333333336