6 0.8238553779069768 0.3021640826873385 0.02816133720930236 0.0500645994832041
20 0.2297420058139535 0.8932493540051679 0.020893895348837233 0.040374677002583875
12 0.20566860465116277 0.9215116279069768 0.021802325581395332 0.038759689922480495
16 0.6212754360465116 0.9433139534883721 0.02452761627906974 0.040374677002583875
8 0.6848655523255814 0.8932493540051679 0.02271075581395343 0.04360465116279065
21 0.7593568313953489 0.9118217054263567 0.019077034883721034 0.038759689922480495
13 0.889716569767442 0.25371447028423777 0.01998546511627919 0.05329457364341087
0 0.05910604508196718 0.1579007285974499 0.021772540983606564 0.0443989071038252
1 0.4846311475409837 0.027550091074681222 0.03265881147540989 0.04781420765027322
2 0.9226434426229508 0.10211748633879782 0.021132172131147486 0.04439890710382515
3 0.08344006147540982 0.9098360655737705 0.019211065573770503 0.04098360655737723
4 0.5016009221311476 0.9849726775956287 0.02945696721311486 0.02276867030965393
5 0.9223232581967213 0.8790983606557378 0.02433401639344268 0.03642987249544621