6 0.697021484375 0.8810763888888888 0.0234375 0.0390625
16 0.621826171875 0.9431423611111112 0.0234375 0.03732638888888889
21 0.75927734375 0.9157986111111112 0.01904296875 0.043402777777777776
20 0.313720703125 0.5646701388888888 0.025390625 0.0390625
12 0.235107421875 0.4887152777777778 0.0283203125 0.0390625
19 0.28662109375 0.2569444444444444 0.0234375 0.046875
8 0.91796875 0.7582465277777778 0.0234375 0.04861111111111111
0 0.05908203125 0.1584201388888889 0.0205078125 0.04079861111111111
1 0.483642578125 0.026041666666666668 0.029296875 0.042534722222222224
2 0.923583984375 0.10460069444444445 0.02294921875 0.04861111111111111
3 0.0869140625 0.9036458333333334 0.0185546875 0.03732638888888889
4 0.50146484375 0.9865451388888888 0.0380859375 0.026041666666666668
5 0.92236328125 0.8797743055555556 0.025390625 0.04861111111111111