6 0.6971293604651163 0.8811369509043928 0.023619186046511587 0.03875968992248069
16 0.6217296511627908 0.9433139534883721 0.023619186046511587 0.03714470284237711
21 0.7593568313953489 0.915859173126615 0.019077034883721034 0.04360465116279065
20 0.3137718023255814 0.5645994832041344 0.025436046511627897 0.03875968992248069
12 0.23519258720930233 0.4886950904392766 0.028161337209302306 0.038759689922480495
19 0.2865188953488372 0.2569444444444445 0.023619186046511587 0.046834625322997425
8 0.9178779069767442 0.7583979328165376 0.023619186046511587 0.04844961240310081
0 0.05910604508196718 0.15846994535519124 0.02049180327868852 0.04098360655737708
1 0.4836705942622951 0.025842440801457183 0.02945696721311486 0.04212204007285974
2 0.9236039959016393 0.10439435336976317 0.02305327868852447 0.048952641165755914
3 0.0869620901639344 0.9035746812386157 0.018570696721311453 0.037568306010928865
4 0.501376392802254 0.9864469489981786 0.03797307248975401 0.025717213114753907
5 0.9223232581967213 0.8796675774134791 0.02561475409836067 0.04895264116575593