6 0.4495821220930232 0.4354005167958657 0.02634447674418605 0.03875968992248069
20 0.14298691860465115 0.5040374677002585 0.025436046511627897 0.0371447028423773
19 0.5617732558139535 0.6025516795865634 0.025436046511627897 0.04360465116279065
16 0.6199127906976745 0.9416989664082688 0.023619186046511587 0.040374677002583875
21 0.6090116279069767 0.8189599483204135 0.025436046511627897 0.04360465116279065
8 0.5109011627906977 0.9772286821705429 0.025436046511627897 0.03391472868217073
12 0.5154433139534883 0.21818475452196387 0.027252906976744207 0.04683462532299738
0 0.06070696721311472 0.15846994535519124 0.021132172131147535 0.04553734061930786
1 0.4823898565573771 0.026411657559198526 0.02945696721311475 0.05009107468123861
2 0.9213627049180328 0.09984061930783242 0.019851434426229497 0.04667577413479054
3 0.08247950819672129 0.9069899817850638 0.021132172131147542 0.04212204007285979
4 0.49935963114754095 0.9866803278688526 0.03650102459016391 0.023907103825136587
5 0.9210425204918032 0.8768214936247722 0.02433401639344246 0.043260473588342445