6 0.43820440573770497 0.44421675774134795 0.02561475409836056 0.03870673952641172
16 0.6213498975409837 0.9405737704918035 0.020491803278688492 0.03642987249544621
19 0.5614754098360656 0.604735883424408 0.022412909836065475 0.04098360655737703
20 0.14267418032786883 0.5045537340619308 0.019851434426229497 0.03415300546448089
21 0.6088627049180328 0.8181921675774135 0.022412909836065475 0.037568306010928865
8 0.5028816598360656 0.9821265938069218 0.021772540983606647 0.033014571948998234
12 0.5137679303278688 0.21937613843351547 0.021772540983606703 0.03756830601092894
0 0.06102715163934422 0.15619307832422588 0.01793032786885245 0.04781420765027327
1 0.4843109631147542 0.02527322404371583 0.03329918032786883 0.04781420765027322
2 0.9220030737704917 0.10211748633879782 0.02113217213114771 0.04895264116575594
3 0.08119877049180324 0.9109744990892532 0.022412909836065587 0.04326047358834254
4 0.4961577868852458 0.9844034608378871 0.02625512295081961 0.02163023679417127
5 0.9204021516393444 0.8773907103825138 0.02433401639344268 0.0443989071038252