6 0.438232421875 0.4440104166666667 0.025390625 0.0390625
16 0.621337890625 0.9405381944444444 0.0205078125 0.036458333333333336
19 0.5615234375 0.6046006944444444 0.0224609375 0.04079861111111111
20 0.142578125 0.5043402777777778 0.02001953125 0.033854166666666664
21 0.60888671875 0.8181423611111112 0.0224609375 0.03732638888888889
8 0.5029296875 0.9822048611111112 0.02197265625 0.03298611111111111
12 0.513671875 0.2191840277777778 0.02197265625 0.03732638888888889
0 0.06103515625 0.15625 0.01806640625 0.04774305555555555
1 0.484375 0.025173611111111112 0.033203125 0.04774305555555555
2 0.922119140625 0.10199652777777778 0.02099609375 0.04861111111111111
3 0.081298828125 0.9110243055555556 0.0224609375 0.043402777777777776
4 0.49609375 0.984375 0.0263671875 0.021701388888888888
5 0.92041015625 0.8776041666666666 0.0244140625 0.044270833333333336