6 0.603759765625 0.8003472222222222 0.0390625 0.041666666666666664
7 0.46142578125 0.94921875 0.0244140625 0.0390625
14 0.51953125 0.8806423611111112 0.025390625 0.03732638888888889
15 0.5048828125 0.9305555555555556 0.025390625 0.036458333333333336
18 0.39697265625 0.8962673611111112 0.02392578125 0.03819444444444445
19 0.550537109375 0.9822048611111112 0.02587890625 0.035590277777777776
20 0.493408203125 0.89453125 0.02294921875 0.03993055555555555
21 0.513671875 0.8372395833333334 0.02587890625 0.044270833333333336
8 0.4892578125 0.9830729166666666 0.0244140625 0.033854166666666664
9 0.540283203125 0.9166666666666666 0.02587890625 0.03993055555555555
10 0.4638671875 0.9006076388888888 0.02392578125 0.044270833333333336
11 0.47119140625 0.8485243055555556 0.02734375 0.042534722222222224
12 0.45068359375 0.7838541666666666 0.0263671875 0.042534722222222224
1 0.766357421875 0.4709201388888889 0.025390625 0.059027777777777776
4 0.228271484375 0.5 0.013671875 0.05381944444444445