6 0.6689453125 0.3155381944444444 0.0234375 0.06944444444444445
7 0.752685546875 0.5685763888888888 0.02197265625 0.043402777777777776
14 0.714111328125 0.4652777777777778 0.02099609375 0.04513888888888889
15 0.7421875 0.4913194444444444 0.0205078125 0.04513888888888889
16 0.81982421875 0.5447048611111112 0.02294921875 0.04513888888888889
17 0.81396484375 0.34765625 0.0224609375 0.04600694444444445
18 0.722900390625 0.6831597222222222 0.021484375 0.042534722222222224
19 0.773681640625 0.4097222222222222 0.0244140625 0.04600694444444445
20 0.721923828125 0.51171875 0.0224609375 0.04079861111111111
21 0.689697265625 0.4756944444444444 0.02490234375 0.04600694444444445
8 0.774169921875 0.5190972222222222 0.02392578125 0.043402777777777776
9 0.734375 0.4283854166666667 0.0224609375 0.04600694444444445
10 0.725341796875 0.5642361111111112 0.02490234375 0.042534722222222224
11 0.696044921875 0.5512152777777778 0.02392578125 0.04861111111111111
12 0.65966796875 0.5876736111111112 0.02392578125 0.046875
13 0.843994140625 0.7092013888888888 0.029296875 0.052083333333333336
0 0.059326171875 0.1579861111111111 0.01708984375 0.046875
1 0.483642578125 0.026475694444444444 0.033203125 0.04513888888888889
2 0.9228515625 0.10199652777777778 0.0205078125 0.042534722222222224
3 0.082275390625 0.9097222222222222 0.02197265625 0.04079861111111111
4 0.5 0.9830729166666666 0.0302734375 0.024305555555555556
5 0.922607421875 0.8767361111111112 0.02734375 0.033854166666666664