6 0.3014856557377049 0.5563524590163935 0.019851434426229497 0.04212204007285969
16 0.6213498975409837 0.9405737704918032 0.020491803278688492 0.03870673952641192
19 0.5608350409836066 0.6035974499089254 0.022412909836065698 0.04098360655737703
20 0.14331454918032785 0.5034153005464481 0.019851434426229497 0.03187613843351558
21 0.09912909836065571 0.174408014571949 0.01857069672131148 0.03187613843351548
8 0.5134477459016393 0.21823770491803277 0.023693647540983687 0.04212204007285972
0 0.06006659836065571 0.15846994535519127 0.021132172131147542 0.04326047358834249
1 0.4843109631147542 0.029826958105646617 0.02817622950819676 0.05236794171220402
2 0.9229636270491803 0.10040983606557374 0.02177254098360648 0.04553734061930784
3 0.08215932377049179 0.9086976320582879 0.021772540983606564 0.043260473588342445
4 0.498719262295082 0.9826958105646629 0.03137807377049184 0.025045537340619244
5 0.9216828893442623 0.8739754098360658 0.02689549180327866 0.03984517304189428