6 0.259521484375 0.6358506944444444 0.03466796875 0.0625
16 0.62060546875 0.9427083333333334 0.02197265625 0.036458333333333336
19 0.442138671875 0.7782118055555556 0.02197265625 0.03993055555555555
20 0.24365234375 0.5112847222222222 0.0244140625 0.036458333333333336
21 0.491455078125 0.9548611111111112 0.02294921875 0.03993055555555555
12 0.070068359375 0.3862847222222222 0.01806640625 0.03211805555555555
0 0.05908203125 0.1584201388888889 0.0205078125 0.0390625
1 0.484375 0.029947916666666668 0.029296875 0.04774305555555555
2 0.923583984375 0.10199652777777778 0.0205078125 0.046875
3 0.082275390625 0.9088541666666666 0.01806640625 0.043402777777777776
4 0.5009765625 0.9856770833333334 0.029296875 0.021701388888888888
5 0.92236328125 0.8758680555555556 0.0283203125 0.0390625