6 0.79052734375 0.1814236111111111 0.01806640625 0.036458333333333336
16 0.62060546875 0.9427083333333334 0.02197265625 0.036458333333333336
19 0.4423828125 0.7777777777777778 0.02490234375 0.04079861111111111
19 0.500732421875 0.11675347222222222 0.02392578125 0.042534722222222224
21 0.491455078125 0.9544270833333334 0.02294921875 0.036458333333333336
12 0.0693359375 0.3849826388888889 0.01806640625 0.036458333333333336
0 0.06005859375 0.1584201388888889 0.02099609375 0.043402777777777776
1 0.48486328125 0.026041666666666668 0.0322265625 0.042534722222222224
2 0.922119140625 0.10112847222222222 0.0185546875 0.03993055555555555
3 0.083984375 0.9097222222222222 0.0205078125 0.043402777777777776
4 0.5 0.9848090277777778 0.03662109375 0.018229166666666668
5 0.92236328125 0.8776041666666666 0.0244140625 0.03993055555555555