6 0.7904072745901639 0.18123861566484517 0.017930327868852514 0.036429872495446255
16 0.6207095286885246 0.9428506375227688 0.021772540983606703 0.03642987249544621
19 0.44236680327868855 0.7777777777777778 0.024974385245901676 0.04098360655737703
19 0.500640368852459 0.11691712204007285 0.02369364754098363 0.04212204007285974
21 0.49135502049180335 0.9542349726775957 0.023053278688524526 0.03642987249544621
12 0.06935194672131144 0.3850182149362477 0.017930327868852458 0.036429872495446304
0 0.06006659836065571 0.15846994535519127 0.021132172131147542 0.04326047358834249
1 0.4849513319672131 0.025842440801457183 0.03201844262295084 0.04212204007285974
2 0.9220030737704917 0.10097905282331511 0.018570696721311508 0.03984517304189436
3 0.08408043032786883 0.9098360655737705 0.02049180327868852 0.04326047358834254
4 0.5 0.9849726775956285 0.036501024590163966 0.0182149362477233
5 0.9223232581967213 0.8773907103825138 0.02433401639344268 0.03984517304189418