6 0.6200691598360657 0.5387067395264116 0.02817622950819665 0.04553734061930786
7 0.7865650614754099 0.6257969034608379 0.03329918032786883 0.048952641165756025
14 0.7737576844262295 0.5239071038251366 0.02561475409836067 0.04326047358834235
15 0.7945696721311475 0.47438524590163933 0.028816598360655643 0.0443989071038252
16 0.8563652663934427 0.2575136612021858 0.04482581967213095 0.08196721311475416
17 0.7186859631147542 0.36566484517304193 0.02817622950819665 0.04781420765027327
18 0.6914702868852459 0.6007513661202186 0.026255122950819665 0.046675774134790515
19 0.7385373975409837 0.527891621129326 0.023053278688524692 0.0443989071038252
20 0.7193263319672131 0.4874772313296903 0.023053278688524692 0.04553734061930786
21 0.6658555327868853 0.5648907103825137 0.027535860655737654 0.052367941712204
8 0.6396004098360657 0.46869307832422596 0.03137807377049184 0.053506375227686656
9 0.7705558401639344 0.5700136612021858 0.02433401639344268 0.04212204007285969
10 0.6905097336065573 0.382172131147541 0.029456967213114638 0.05806010928961748
11 0.7305327868852459 0.5728597449908926 0.024974385245901676 0.04326047358834254
12 0.7571080942622951 0.4334016393442623 0.02945696721311486 0.05122950819672134
13 0.6953125 0.4772313296903461 0.024974385245901676 0.04553734061930786
0 0.05814549180327866 0.1567622950819672 0.023693647540983603 0.039845173041894374
1 0.4849513319672131 0.028688524590163918 0.02817622950819676 0.04781420765027322
2 0.9226434426229508 0.10268670309653914 0.021132172131147486 0.045537340619307844
3 0.08408043032786883 0.9098360655737705 0.024334016393442626 0.04098360655737723
4 0.500640368852459 0.9844034608378871 0.03265881147540983 0.0261839708561019
5 0.9216828893442623 0.8762522768670311 0.02689549180327866 0.039845173041894374