6 0.6201171875 0.5386284722222222 0.0283203125 0.04513888888888889
7 0.78662109375 0.6258680555555556 0.033203125 0.04861111111111111
14 0.773681640625 0.5238715277777778 0.025390625 0.043402777777777776
15 0.794677734375 0.4743923611111111 0.02880859375 0.044270833333333336
16 0.8564453125 0.2573784722222222 0.044921875 0.08159722222222222
17 0.71875 0.3654513888888889 0.0283203125 0.04774305555555555
18 0.69140625 0.6006944444444444 0.0263671875 0.046875
19 0.738525390625 0.5277777777777778 0.02294921875 0.044270833333333336
20 0.71923828125 0.4874131944444444 0.02294921875 0.04513888888888889
21 0.665771484375 0.5651041666666666 0.02734375 0.052083333333333336
8 0.6396484375 0.46875 0.03125 0.05381944444444445
9 0.7705078125 0.5698784722222222 0.0244140625 0.042534722222222224
10 0.6904296875 0.3823784722222222 0.029296875 0.058159722222222224
11 0.73046875 0.5729166666666666 0.02490234375 0.043402777777777776
12 0.757080078125 0.43359375 0.029296875 0.051215277777777776
13 0.6953125 0.4774305555555556 0.02490234375 0.04513888888888889
0 0.05810546875 0.1566840277777778 0.02392578125 0.03993055555555555
1 0.48486328125 0.028645833333333332 0.0283203125 0.04774305555555555
2 0.922607421875 0.10286458333333333 0.02099609375 0.04513888888888889
3 0.083984375 0.9097222222222222 0.0244140625 0.04079861111111111
4 0.500732421875 0.984375 0.03271484375 0.026041666666666668
5 0.921630859375 0.8763020833333334 0.02685546875 0.03993055555555555