6 0.478271484375 0.7135416666666666 0.025390625 0.050347222222222224
7 0.42919921875 0.9900173611111112 0.02734375 0.019965277777777776
14 0.486328125 0.9817708333333334 0.0244140625 0.036458333333333336
17 0.57568359375 0.8888888888888888 0.02685546875 0.050347222222222224
18 0.443359375 0.8402777777777778 0.0263671875 0.046875
19 0.484375 0.9240451388888888 0.02490234375 0.04079861111111111
20 0.507080078125 0.8897569444444444 0.025390625 0.04079861111111111
21 0.46337890625 0.7947048611111112 0.029296875 0.04861111111111111
8 0.517578125 0.7482638888888888 0.0302734375 0.05555555555555555
9 0.460693359375 0.9796006944444444 0.02392578125 0.04079861111111111
10 0.566162109375 0.8385416666666666 0.03271484375 0.052083333333333336
11 0.458984375 0.9097222222222222 0.0244140625 0.044270833333333336
12 0.537353515625 0.95703125 0.02880859375 0.052083333333333336
13 0.5126953125 0.8472222222222222 0.025390625 0.044270833333333336
1 0.76513671875 0.4730902777777778 0.02685546875 0.050347222222222224
4 0.2275390625 0.5013020833333334 0.0146484375 0.058159722222222224