6 0.53564453125 0.3441840277777778 0.02490234375 0.05555555555555555
17 0.376708984375 0.13758680555555555 0.02880859375 0.04774305555555555
18 0.592529296875 0.1918402777777778 0.03125 0.050347222222222224
19 0.517578125 0.057291666666666664 0.02392578125 0.03993055555555555
20 0.484375 0.08463541666666667 0.02392578125 0.042534722222222224
21 0.561767578125 0.2569444444444444 0.02734375 0.04774305555555555
8 0.4609375 0.3172743055555556 0.0283203125 0.057291666666666664
10 0.381591796875 0.20182291666666666 0.0322265625 0.05381944444444445
11 0.544189453125 0.08897569444444445 0.02685546875 0.042534722222222224
12 0.43115234375 0.006944444444444444 0.029296875 0.013888888888888888
13 0.485595703125 0.13932291666666666 0.0263671875 0.044270833333333336
1 0.23388671875 0.5277777777777778 0.02392578125 0.059027777777777776
4 0.772705078125 0.4978298611111111 0.0126953125 0.06076388888888889