6 0.5877305327868853 0.5631830601092896 0.03137807377049184 0.0443989071038252
7 0.8278688524590164 0.668488160291439 0.024974385245901676 0.04781420765027317
14 0.8022540983606558 0.5489526411657558 0.027535860655737654 0.04326047358834254
15 0.8493212090163935 0.4926001821493625 0.02305327868852447 0.042122040072859884
16 0.8784579918032787 0.12431693989071037 0.03522028688524581 0.06147540983606556
17 0.7039574795081966 0.28085154826958103 0.02689549180327866 0.05122950819672134
18 0.6732197745901639 0.6645036429872495 0.02817622950819665 0.055783242258652166
19 0.7491034836065573 0.5313069216757742 0.022412909836065475 0.04212204007285969
20 0.733734631147541 0.47210837887067403 0.023693647540983687 0.04212204007285969
21 0.63671875 0.6098588342440802 0.02689549180327866 0.04895264116575583
8 0.6027792008196722 0.4305555555555556 0.03201844262295084 0.05009107468123854
9 0.7945696721311477 0.6001821493624773 0.024974385245901676 0.04326047358834235
10 0.6677766393442623 0.28938979963570133 0.030097336065573854 0.056921675774134727
11 0.731173155737705 0.5785519125683061 0.023693647540983687 0.04781420765027317
12 0.7856045081967213 0.37818761384335153 0.024974385245901676 0.052367941712204
13 0.7029969262295082 0.47438524590163933 0.024974385245901676 0.046675774134790515
0 0.05942622950819669 0.1579007285974499 0.02497438524590164 0.0443989071038252
1 0.4843109631147542 0.026980874316939876 0.03329918032786883 0.04212204007285974
2 0.9245645491803279 0.10040983606557374 0.021132172131147486 0.04781420765027325
3 0.08504098360655735 0.9086976320582879 0.02497438524590162 0.04098360655737713
4 0.501280737704918 0.9849726775956287 0.03393954918032782 0.02276867030965393
5 0.9213627049180328 0.8751138433515483 0.026255122950819665 0.033014571948998137