6 0.46435546875 0.6558159722222222 0.02490234375 0.05555555555555555
17 0.623291015625 0.8624131944444444 0.02880859375 0.04774305555555555
18 0.407470703125 0.8081597222222222 0.03125 0.050347222222222224
19 0.482421875 0.9427083333333334 0.02392578125 0.03993055555555555
20 0.515625 0.9153645833333334 0.02392578125 0.042534722222222224
21 0.438232421875 0.7430555555555556 0.02734375 0.04774305555555555
8 0.5390625 0.6827256944444444 0.0283203125 0.057291666666666664
10 0.618408203125 0.7981770833333334 0.0322265625 0.05381944444444445
11 0.455810546875 0.9110243055555556 0.02685546875 0.042534722222222224
12 0.568359375 0.9926215277777778 0.029296875 0.014756944444444444
13 0.514404296875 0.8606770833333334 0.0263671875 0.044270833333333336
1 0.76611328125 0.4722222222222222 0.02392578125 0.059027777777777776
4 0.227294921875 0.5021701388888888 0.0126953125 0.06076388888888889