6 0.455810546875 0.6154513888888888 0.0244140625 0.052083333333333336
17 0.655029296875 0.8459201388888888 0.03076171875 0.042534722222222224
18 0.38525390625 0.7799479166666666 0.025390625 0.046875
19 0.480224609375 0.9548611111111112 0.025390625 0.04079861111111111
20 0.5205078125 0.9270833333333334 0.02294921875 0.03732638888888889
21 0.420166015625 0.70703125 0.02734375 0.046875
8 0.55419921875 0.6423611111111112 0.02734375 0.05555555555555555
10 0.648681640625 0.7717013888888888 0.0322265625 0.050347222222222224
11 0.452392578125 0.9131944444444444 0.0263671875 0.042534722222222224
13 0.514404296875 0.8671875 0.02490234375 0.043402777777777776
1 0.76611328125 0.4713541666666667 0.0263671875 0.058159722222222224
4 0.2275390625 0.5004340277777778 0.013671875 0.057291666666666664