6 0.5649974385245902 0.5785519125683061 0.029456967213114638 0.04326047358834254
7 0.8499615778688524 0.6912568306010929 0.02689549180327866 0.04326047358834254
14 0.8173027663934427 0.5660291438979964 0.02177254098360648 0.04326047358834254
15 0.8781378073770493 0.5045537340619308 0.02433401639344268 0.04326047358834254
16 0.8179431352459017 0.13797814207650275 0.03201844262295084 0.04781420765027322
17 0.694672131147541 0.22449908925318762 0.023693647540983687 0.05464480874316941
18 0.657530737704918 0.7037795992714027 0.026255122950819665 0.04553734061930786
19 0.7558273565573771 0.5352914389799636 0.023053278688524692 0.04553734061930786
20 0.7401383196721312 0.4635701275045537 0.02113217213114771 0.04098360655737703
21 0.616547131147541 0.6417349726775956 0.026255122950819665 0.04895264116575583
8 0.5800461065573771 0.40380236794171226 0.03137807377049184 0.04895264116575593
9 0.8076972336065573 0.6155510018214936 0.02177254098360648 0.04212204007285969
10 0.6527279713114754 0.23588342440801455 0.02817622950819665 0.056921675774134824
11 0.732453893442623 0.5848132969034608 0.023693647540983687 0.046675774134790515
12 0.8041752049180328 0.3480191256830601 0.023693647540983465 0.048952641165756025
13 0.7065189549180328 0.47438524590163933 0.02433401639344268 0.0443989071038252
0 0.059746413934426194 0.1567622950819672 0.023053278688524595 0.039845173041894374
1 0.48399077868852447 0.026980874316939876 0.03265881147540978 0.04667577413479053
2 0.9216828893442623 0.0998406193078324 0.01921106557377028 0.048952641165755914
3 0.08440061475409832 0.9104052823315121 0.023693647540983603 0.046675774134790515
4 0.5003201844262295 0.9844034608378871 0.03201844262295084 0.023907103825136587
5 0.9220030737704917 0.8768214936247722 0.026255122950819665 0.04098360655737713