6 0.555419921875 0.5837673611111112 0.0283203125 0.044270833333333336
7 0.86083984375 0.7052951388888888 0.0244140625 0.042534722222222224
14 0.82568359375 0.5733506944444444 0.0244140625 0.03993055555555555
15 0.891357421875 0.5056423611111112 0.0224609375 0.0390625
16 0.78759765625 0.1618923611111111 0.03759765625 0.04513888888888889
17 0.68994140625 0.1987847222222222 0.025390625 0.046875
18 0.65234375 0.7248263888888888 0.02490234375 0.046875
19 0.75927734375 0.5364583333333334 0.02392578125 0.04513888888888889
20 0.744873046875 0.4578993055555556 0.02294921875 0.04513888888888889
21 0.607666015625 0.6536458333333334 0.03125 0.04774305555555555
8 0.569091796875 0.3897569444444444 0.0302734375 0.052083333333333336
9 0.81640625 0.6258680555555556 0.0224609375 0.044270833333333336
10 0.644775390625 0.20703125 0.02734375 0.05555555555555555
11 0.733154296875 0.5876736111111112 0.0224609375 0.043402777777777776
12 0.811767578125 0.3337673611111111 0.02392578125 0.04513888888888889
13 0.7080078125 0.47265625 0.02392578125 0.04513888888888889
0 0.05908203125 0.16015625 0.02294921875 0.042534722222222224
1 0.48486328125 0.026909722222222224 0.029296875 0.042534722222222224
2 0.9228515625 0.1015625 0.0166015625 0.043402777777777776
3 0.083740234375 0.9114583333333334 0.0224609375 0.042534722222222224
4 0.5029296875 0.984375 0.03076171875 0.021701388888888888
5 0.921630859375 0.875 0.0283203125 0.042534722222222224