6 0.547119140625 0.4014756944444444 0.02490234375 0.050347222222222224
16 0.3095703125 0.010850694444444444 0.025390625 0.021701388888888888
17 0.33056640625 0.1623263888888889 0.0263671875 0.04513888888888889
18 0.62646484375 0.22916666666666666 0.0263671875 0.044270833333333336
19 0.5205078125 0.0390625 0.025390625 0.042534722222222224
20 0.476318359375 0.0646701388888889 0.025390625 0.04079861111111111
21 0.58642578125 0.30859375 0.02685546875 0.05555555555555555
8 0.43798828125 0.3771701388888889 0.029296875 0.05381944444444445
10 0.335205078125 0.2426215277777778 0.03125 0.04861111111111111
11 0.54931640625 0.08550347222222222 0.0244140625 0.03993055555555555
13 0.484619140625 0.13020833333333334 0.025390625 0.042534722222222224
1 0.23388671875 0.5269097222222222 0.02392578125 0.052083333333333336
4 0.7724609375 0.4947916666666667 0.01220703125 0.0546875