6 0.443603515625 0.5598958333333334 0.0244140625 0.050347222222222224
16 0.66162109375 0.8914930555555556 0.03125 0.06510416666666667
17 0.6982421875 0.8237847222222222 0.02880859375 0.04513888888888889
18 0.35009765625 0.7486979166666666 0.0283203125 0.050347222222222224
19 0.47705078125 0.97265625 0.025390625 0.03732638888888889
20 0.529052734375 0.9479166666666666 0.0224609375 0.04079861111111111
21 0.396240234375 0.6575520833333334 0.0283203125 0.050347222222222224
8 0.572998046875 0.58203125 0.029296875 0.058159722222222224
10 0.694091796875 0.7322048611111112 0.0322265625 0.046875
11 0.448486328125 0.9162326388888888 0.0263671875 0.04079861111111111
13 0.515625 0.8784722222222222 0.0263671875 0.04079861111111111
1 0.76318359375 0.47265625 0.02294921875 0.04861111111111111
4 0.2275390625 0.50390625 0.013671875 0.06163194444444445