6 0.5134477459016393 0.6138433515482696 0.02753586065573771 0.04326047358834235
7 0.9005507172131146 0.7470400728597449 0.019211065573770503 0.04326047358834235
14 0.8547643442622951 0.6035974499089254 0.022412909836065698 0.04326047358834254
15 0.927766393442623 0.526183970856102 0.018570696721311508 0.03642987249544621
16 0.6498463114754099 0.26434426229508196 0.04290471311475397 0.059198542805100236
17 0.6722592213114754 0.09870218579234973 0.024974385245901676 0.04667577413479055
18 0.6248719262295082 0.8011156648451732 0.024974385245901676 0.046675774134790515
19 0.7724769467213115 0.5449681238615666 0.02305327868852447 0.046675774134790515
20 0.7587090163934427 0.43795537340619306 0.023693647540983687 0.0443989071038251
21 0.5707607581967213 0.7123178506375227 0.02689549180327866 0.05350637522768685
8 0.5236936475409836 0.34289617486338797 0.030097336065573632 0.052367941712204
9 0.842597336065574 0.6616575591985429 0.019851434426229497 0.04326047358834254
10 0.615266393442623 0.10268670309653916 0.030097336065573632 0.05009107468123866
11 0.734375 0.5950591985428051 0.021132172131147486 0.046675774134790515
12 0.8438780737704917 0.27231329690346084 0.023693647540983687 0.04781420765027327
13 0.7164446721311475 0.47096994535519127 0.021132172131147486 0.0443989071038252
0 0.05910604508196718 0.15562386156648453 0.021772540983606564 0.04212204007285979
1 0.4843109631147541 0.026980874316939876 0.02689549180327866 0.04439890710382513
2 0.9216828893442623 0.10325591985428048 0.01921106557377028 0.05122950819672131
3 0.08151895491803277 0.9075591985428052 0.02305327868852458 0.04098360655737713
4 0.4993596311475409 0.9838342440801457 0.03265881147540978 0.025045537340619244
5 0.9213627049180328 0.8751138433515484 0.024974385245901676 0.044398907103825005