6 0.0830078125 0.3754340277777778 0.02001953125 0.035590277777777776
14 0.108154296875 0.7508680555555556 0.0224609375 0.03298611111111111
15 0.529541015625 0.8012152777777778 0.0224609375 0.042534722222222224
17 0.4052734375 0.9153645833333334 0.02392578125 0.036458333333333336
18 0.2900390625 0.13758680555555555 0.02001953125 0.03993055555555555
19 0.556884765625 0.9123263888888888 0.02099609375 0.0390625
20 0.853271484375 0.3029513888888889 0.01904296875 0.0390625
21 0.5146484375 0.9717881944444444 0.02392578125 0.03732638888888889
8 0.0654296875 0.17708333333333334 0.0166015625 0.03298611111111111
0 0.06103515625 0.1566840277777778 0.01904296875 0.03993055555555555
1 0.484619140625 0.026909722222222224 0.03125 0.044270833333333336
2 0.924560546875 0.1032986111111111 0.0224609375 0.03993055555555555
3 0.083984375 0.9075520833333334 0.02197265625 0.04079861111111111
4 0.5 0.9830729166666666 0.03125 0.021701388888888888
5 0.922607421875 0.875 0.02734375 0.042534722222222224