6 0.82861328125 0.2955729166666667 0.0341796875 0.06510416666666667
15 0.266357421875 0.1579861111111111 0.0224609375 0.03732638888888889
17 0.90478515625 0.2782118055555556 0.0185546875 0.0390625
18 0.292724609375 0.1072048611111111 0.02197265625 0.0390625
19 0.103271484375 0.43359375 0.01904296875 0.03732638888888889
20 0.863525390625 0.2769097222222222 0.0244140625 0.04774305555555555
0 0.06005859375 0.1566840277777778 0.01708984375 0.046875
1 0.48291015625 0.02734375 0.033203125 0.04513888888888889
2 0.923583984375 0.10026041666666667 0.02197265625 0.050347222222222224
3 0.081298828125 0.9105902777777778 0.0224609375 0.042534722222222224
4 0.501708984375 0.984375 0.03564453125 0.024305555555555556
5 0.92138671875 0.8763020833333334 0.02392578125 0.046875