6 0.8285092213114755 0.2956511839708561 0.03393954918032782 0.06489071038251362
15 0.266265368852459 0.1579007285974499 0.022412909836065587 0.03756830601092901
17 0.9047131147540984 0.2780054644808743 0.018570696721311508 0.03870673952641162
18 0.2928406762295082 0.10724043715846994 0.021772540983606592 0.03870673952641167
19 0.10329149590163932 0.4334016393442623 0.019211065573770503 0.03756830601092891
20 0.8634093237704917 0.2768670309653916 0.02433401639344246 0.04781420765027327
0 0.06006659836065571 0.1567622950819672 0.017289959016393436 0.046675774134790564
1 0.483030225409836 0.027550091074681222 0.03329918032786883 0.04553734061930784
2 0.9236039959016393 0.10040983606557373 0.021772540983606703 0.05009107468123862
3 0.08119877049180324 0.9104052823315121 0.022412909836065587 0.042122040072859884
4 0.5016009221311476 0.9844034608378871 0.03586065573770497 0.023907103825136587
5 0.9213627049180328 0.8762522768670311 0.023693647540983687 0.04667577413479061