6 0.772216796875 0.1566840277777778 0.03271484375 0.0720486111111111
15 0.2666015625 0.15625 0.02294921875 0.0390625
17 0.904296875 0.27734375 0.01904296875 0.03993055555555555
18 0.292724609375 0.10677083333333333 0.02197265625 0.03732638888888889
19 0.103515625 0.4340277777777778 0.02099609375 0.033854166666666664
20 0.895751953125 0.1892361111111111 0.02099609375 0.043402777777777776
0 0.061279296875 0.1579861111111111 0.0224609375 0.044270833333333336
1 0.48388671875 0.026909722222222224 0.03271484375 0.044270833333333336
2 0.922607421875 0.10112847222222222 0.02001953125 0.051215277777777776
3 0.0830078125 0.9105902777777778 0.0185546875 0.046875
4 0.501708984375 0.9826388888888888 0.03466796875 0.025173611111111112
5 0.922607421875 0.8776041666666666 0.0263671875 0.046875