6 0.577880859375 0.2638888888888889 0.03271484375 0.04774305555555555
7 0.508056640625 0.026041666666666668 0.02490234375 0.0390625
14 0.436279296875 0.08637152777777778 0.0263671875 0.043402777777777776
15 0.53564453125 0.16015625 0.02392578125 0.036458333333333336
16 0.520751953125 0.06727430555555555 0.02392578125 0.03732638888888889
17 0.484375 0.125 0.0224609375 0.04079861111111111
18 0.50390625 0.16145833333333334 0.0244140625 0.036458333333333336
19 0.526611328125 0.1996527777777778 0.02392578125 0.03732638888888889
20 0.51025390625 0.10850694444444445 0.025390625 0.03732638888888889
21 0.481689453125 0.06380208333333333 0.02490234375 0.042534722222222224
8 0.5400390625 0.11675347222222222 0.0224609375 0.043402777777777776
10 0.566162109375 0.07378472222222222 0.0263671875 0.0390625
12 0.56396484375 0.028211805555555556 0.02685546875 0.04079861111111111
13 0.537841796875 0.018663194444444444 0.02392578125 0.03732638888888889
1 0.234130859375 0.52734375 0.029296875 0.051215277777777776
4 0.7724609375 0.4982638888888889 0.013671875 0.059027777777777776