6 0.6143058401639344 0.6844262295081968 0.02817622950819665 0.052367941712204
7 0.7731173155737705 0.5170765027322405 0.02177254098360648 0.04326047358834235
14 0.7298924180327869 0.35997267759562845 0.022412909836065698 0.03870673952641172
15 0.6889088114754099 0.5757058287795993 0.022412909836065475 0.039845173041894374
16 0.7465420081967213 0.5398451730418944 0.019851434426229497 0.03870673952641152
17 0.7074795081967213 0.47210837887067403 0.021132172131147486 0.04212204007285969
18 0.6873078893442623 0.5136612021857924 0.02177254098360648 0.04553734061930786
19 0.6639344262295082 0.5597677595628414 0.021132172131147486 0.039845173041894374
20 0.7225281762295083 0.5193533697632059 0.02177254098360648 0.04326047358834235
21 0.749423668032787 0.45617030965391625 0.023053278688524692 0.04439890710382515
8 0.713563012295082 0.5762750455373407 0.023053278688524692 0.04098360655737703
9 0.9059938524590163 0.16188524590163933 0.027535860655737654 0.056921675774134824
10 0.7420594262295082 0.6383196721311476 0.024974385245901676 0.046675774134790515
11 0.8064164959016393 0.4630009107468124 0.02305327868852447 0.04212204007285969
12 0.7699154713114754 0.6212431693989071 0.02177254098360648 0.04212204007285969
13 0.7808017418032787 0.5757058287795993 0.023053278688524692 0.042122040072859884
0 0.06006659836065571 0.15846994535519127 0.023693647540983603 0.03415300546448089
1 0.4846311475409836 0.03096539162112931 0.03137807377049179 0.04781420765027322
2 0.9245645491803279 0.10268670309653916 0.01985143442622972 0.05009107468123866
3 0.08472079918032785 0.9115437158469947 0.019211065573770503 0.042122040072859884
4 0.5003201844262295 0.9849726775956285 0.03329918032786883 0.025045537340619244
5 0.9220030737704917 0.8762522768670311 0.024974385245901676 0.044398907103825005