6 0.3866547131147541 0.6314890710382515 0.023693647540983576 0.039845173041894374
7 0.8419569672131146 0.20969945355191258 0.02113217213114771 0.04326047358834249
14 0.8134605532786886 0.7880236794171221 0.01921106557377028 0.03870673952641172
15 0.6559298155737706 0.7128870673952642 0.02433401639344268 0.04553734061930786
16 0.67578125 0.43397085610200364 0.02433401639344268 0.04553734061930786
17 0.6168673155737706 0.6474271402550091 0.023053278688524692 0.0443989071038252
18 0.49551741803278687 0.766393442622951 0.022412909836065587 0.04098360655737703
20 0.637359118852459 0.3662340619307833 0.02305327868852447 0.04212204007285969
21 0.11043607629622568 0.5066320371076376 0.020290757243614177 0.0391038674969288
8 0.09720799180327866 0.1937613843351548 0.01857069672131148 0.03415300546448089
10 0.9050332991803279 0.5660291438979964 0.017930327868852514 0.04098360655737703
11 0.6168673155737705 0.2256375227686703 0.02689549180327866 0.04553734061930786
12 0.8419569672131146 0.5922131147540983 0.022412909836065475 0.04098360655737703
0 0.06070696721311473 0.15846994535519127 0.022412909836065573 0.03870673952641172
1 0.4823898565573771 0.02925774134790527 0.030737704918032738 0.04439890710382514
2 0.9220030737704917 0.10268670309653914 0.018570696721311508 0.040983606557377046
3 0.08087858606557374 0.9064207650273226 0.017930327868852458 0.03642987249544621
4 0.502561475409836 0.987249544626594 0.03137807377049184 0.02276867030965393
5 0.9216828893442623 0.8796675774134791 0.02433401639344268 0.04212204007285979