6 0.637939453125 0.6805555555555556 0.02294921875 0.044270833333333336
7 0.83740234375 0.11762152777777778 0.02001953125 0.0390625
14 0.3076171875 0.8385416666666666 0.02197265625 0.03993055555555555
15 0.56396484375 0.6393229166666666 0.02490234375 0.044270833333333336
16 0.507568359375 0.4305555555555556 0.0263671875 0.050347222222222224
18 0.34130859375 0.8081597222222222 0.0224609375 0.03993055555555555
20 0.315185546875 0.21788194444444445 0.02294921875 0.0390625
21 0.109375 0.5134548611111112 0.02099609375 0.036458333333333336
8 0.098388671875 0.1931423611111111 0.01708984375 0.03298611111111111
11 0.616455078125 0.2261284722222222 0.0224609375 0.042534722222222224
12 0.485595703125 0.5763888888888888 0.02294921875 0.04513888888888889
0 0.061279296875 0.1545138888888889 0.02001953125 0.044270833333333336
1 0.485595703125 0.028211805555555556 0.033203125 0.051215277777777776
2 0.922607421875 0.10460069444444445 0.02099609375 0.04861111111111111
3 0.083740234375 0.9088541666666666 0.0224609375 0.033854166666666664
4 0.501220703125 0.9874131944444444 0.0302734375 0.020833333333333332
5 0.922119140625 0.87890625 0.0224609375 0.043402777777777776