6 0.4629720052083334 0.3676215277777778 0.04638671875 0.07523148148148145
7 0.8584798177083335 0.8443287037037038 0.02034505208333326 0.03616898148148135
14 0.7266438802083335 0.5180844907407407 0.02360026041666674 0.04050925925925933
15 0.6798502604166667 0.6121238425925926 0.02278645833333348 0.052083333333333336
16 0.8507486979166669 0.6924189814814814 0.01953125 0.04195601851851865
17 0.8759765625 0.5144675925925926 0.01790364583333348 0.0448495370370369
18 0.37955729166666674 0.5549768518518517 0.0244140625 0.041956018518518455
19 0.7616373697916667 0.42693865740740733 0.02197265625 0.04340277777777773
20 0.7294921875 0.5614872685185185 0.01953125 0.04050925925925933
21 0.55615234375 0.2699652777777778 0.0244140625 0.04774305555555555
8 0.7534993489583335 0.5122974537037037 0.02360026041666674 0.046296296296296426
9 0.6883951822916667 0.23307291666666663 0.02197265625 0.043402777777777776
10 0.747802734375 0.703269675925926 0.02360026041666674 0.04340277777777798
11 0.6570638020833335 0.628761574074074 0.0244140625 0.041956018518518455
12 0.30224609375 0.6099537037037037 0.02604166666666663 0.04195601851851865
13 0.34415690104166674 0.3444733796296296 0.02522786458333337 0.040509259259259224
0 0.05878586065573768 0.15733151183970853 0.021132172131147542 0.043260473588342445
1 0.4836705942622951 0.02811930783242257 0.02817622950819665 0.04667577413479053
2 0.9216828893442623 0.10097905282331511 0.01921106557377028 0.04439890710382515
3 0.08183913934426226 0.9098360655737705 0.01857069672131148 0.04326047358834254
4 0.5012548318740685 0.98701616575592 0.03644921292846487 0.024578779599271253
5 0.9207223360655737 0.8768214936247725 0.026255122950819665 0.03642987249544621