0 0.03372170669368399 0.1312479478695729 0.023793624843614487 0.040411183795115276
1 0.4823466654386086 0.017591493445811155 0.03070145141111545 0.03030838784633647
2 0.9478574224596468 0.0996767105296391 0.022258552273058705 0.040411183795115296
3 0.05444518639618692 0.8674892026368297 0.025328697414170244 0.03535978582072593
4 0.4907895645766654 0.9577829414290405 0.02609623369944815 0.04419973227590722
5 0.9382632188936731 0.8586492561816482 0.02609623369944821 0.03535978582072593
6 0.07171475281493936 0.7544641729598667 0.01995594341722504 0.034096936327128534
7 0.21447650187662623 0.7519384739726719 0.02149101598778082 0.03662263531432323
14 0.9405658277495068 0.18491905134746042 0.01688579827611349 0.03662263531432323
15 0.8948974187754727 0.18618190084105776 0.02072347970250288 0.03662263531432323
16 0.05022373682715855 0.6786932033440254 0.018420870846669272 0.034096936327128534
17 0.1899153407477339 0.55240825398429 0.024561161128892384 0.04167403328871272
18 0.13196635120925346 0.5202055918975576 0.022258552273058705 0.032834086833531236
19 0.1972069354578738 0.3143611244411891 0.022258552273058705 0.037885484807920526
20 0.5195721752745861 0.4014977394994064 0.028398842555281828 0.04293688278231002
21 0.7421576980051732 0.09083676407445762 0.023793624843614528 0.0378854848079206
8 0.0532938819682701 0.5328340868335312 0.018420870846669272 0.03283408683353114
9 0.1392579459193934 0.5580910767054782 0.021491015987780804 0.037885484807920526
10 0.9290527834703386 0.48358295658323436 0.02149101598778085 0.03788548480792063
11 0.29545157997344323 0.7228929356199327 0.02379362484361447 0.04167403328871262
12 0.5763698603851496 0.7311014573283154 0.026863769984725942 0.04293688278231002
13 0.26973911441663406 0.08641679084686689 0.023026088558336585 0.03914833430151793