1 0.7854922279792746 0.4782986111111111 0.024870466321243522 0.0642361111111111
4 0.22176165803108808 0.4913194444444444 0.03626943005181347 0.04861111111111111
6 0.2911917098445596 0.1467013888888889 0.025906735751295335 0.041666666666666664
7 0.32538860103626943 0.6458333333333334 0.02694300518134715 0.04513888888888889
14 0.3435233160621762 0.11371527777777778 0.027979274611398965 0.041666666666666664
18 0.6450777202072538 0.0954861111111111 0.024870466321243522 0.041666666666666664
19 0.7331606217616581 0.5303819444444444 0.024870466321243522 0.04513888888888889
20 0.3683937823834197 0.017361111111111112 0.02383419689119171 0.034722222222222224
9 0.2606217616580311 0.13541666666666666 0.022797927461139896 0.041666666666666664
11 0.5170984455958549 0.013020833333333334 0.02694300518134715 0.026041666666666668
12 0.3393782383419689 0.0546875 0.024870466321243522 0.036458333333333336
13 0.5145077720207254 0.19444444444444445 0.027979274611398965 0.041666666666666664