0 0.04442525426981385 0.1328446502057613 0.0222606025714834 0.057870370370370336
1 0.4869506812511994 0.021604938271604937 0.03838034926117825 0.04115226337448558
2 0.9459796584148915 0.10583847736625514 0.026098637497601263 0.057870370370370385
3 0.06476683937823834 0.8813014403292181 0.026098637497601232 0.05272633744855959
4 0.494626751103435 0.9661779835390946 0.029169065438495494 0.06044238683127566
5 0.9356169641143733 0.867798353909465 0.02993667242371908 0.0540123456790123
6 0.2892918825561312 0.8497942386831275 0.025331030512377676 0.04372427983539081
7 0.5871233928228746 0.7925668724279835 0.026866244482824733 0.045010288065843715
14 0.26933410094031857 0.7623456790123456 0.025331030512377676 0.04629629629629633
15 0.13577048551141813 0.6671810699588477 0.022260602571483386 0.04115226337448558
16 0.14383035885626558 0.16563786008230452 0.02302820955670696 0.04115226337448558
17 0.18528113605833807 0.15342078189300412 0.021492995586259826 0.03986625514403287
18 0.2585876031471886 0.2569444444444444 0.025331030512377676 0.04115226337448558
19 0.5180387641527537 0.10969650205761317 0.02686624448282479 0.042438271604938266
20 0.21137977355593934 0.7205504115226338 0.023028209556706942 0.03986625514403297
21 0.9402226060257148 0.2595164609053498 0.02072538860103627 0.03858024691358026
8 0.9175781999616195 0.6286008230452675 0.021492995586259857 0.04115226337448558
9 0.2823834196891192 0.9012345679012346 0.025331030512377617 0.03858024691358016
10 0.08702744194972174 0.5327932098765432 0.021492995586259826 0.03986625514403297
11 0.20447131068892724 0.4710648148148149 0.02456342352715409 0.04501028806584362
12 0.23402417962003452 0.768775720164609 0.022260602571483414 0.04115226337448558
13 0.3176933410094031 0.4755658436213992 0.025331030512377617 0.04629629629629623