1 0.7882599580712788 0.47731239092495636 0.023060796645702306 0.059336823734729496
4 0.22012578616352202 0.493891797556719 0.03459119496855346 0.0506108202443281
6 0.27882599580712786 0.23298429319371727 0.02410901467505241 0.04013961605584642
15 0.27253668763102723 0.013961605584642234 0.023060796645702306 0.027923211169284468
18 0.3553459119496855 0.8917975567190227 0.02410901467505241 0.041884816753926704
19 0.7557651991614256 0.7862129144851658 0.025157232704402517 0.04537521815008726
20 0.4879454926624738 0.22251308900523561 0.02410901467505241 0.04363001745200698
21 0.6016771488469602 0.3219895287958115 0.02620545073375262 0.04712041884816754
8 0.559748427672956 0.3856893542757417 0.027253668763102725 0.04537521815008726
11 0.7562893081761006 0.7329842931937173 0.02620545073375262 0.04363001745200698
13 0.5094339622641509 0.49040139616055844 0.027253668763102725 0.04886561954624782