0 0.04764344262295082 0.1323529411764706 0.030737704918032786 0.050173010380622836
1 0.48514344262295084 0.02249134948096886 0.040983606557377046 0.04498269896193772
2 0.9395491803278688 0.09688581314878893 0.028688524590163935 0.058823529411764705
3 0.06813524590163934 0.8711072664359861 0.028688524590163935 0.050173010380622836
4 0.4912909836065574 0.9653979238754326 0.03278688524590164 0.04844290657439446
5 0.9267418032786885 0.8555363321799307 0.028688524590163935 0.04844290657439446
6 0.39036885245901637 0.8788927335640139 0.025614754098360656 0.039792387543252594
7 0.21567622950819673 0.726643598615917 0.020491803278688523 0.03806228373702422
14 0.16495901639344263 0.5060553633217993 0.022540983606557378 0.03806228373702422
15 0.5061475409836066 0.9282006920415224 0.022540983606557378 0.03633217993079585
16 0.8329918032786885 0.578719723183391 0.022540983606557378 0.03806228373702422
17 0.3319672131147541 0.157439446366782 0.027663934426229508 0.039792387543252594
18 0.8457991803278688 0.14186851211072665 0.0235655737704918 0.039792387543252594
19 0.10604508196721311 0.2301038062283737 0.0194672131147541 0.03460207612456748
20 0.06659836065573771 0.43771626297577854 0.020491803278688523 0.03460207612456748
21 0.3140368852459016 0.71280276816609 0.022540983606557378 0.03806228373702422
8 0.42674180327868855 0.1643598615916955 0.027663934426229508 0.04152249134948097
9 0.056864754098360656 0.49653979238754326 0.02151639344262295 0.03633217993079585
10 0.0625 0.5441176470588235 0.02151639344262295 0.03806228373702422
11 0.07172131147540983 0.17993079584775087 0.018442622950819672 0.0328719723183391
12 0.12090163934426229 0.19896193771626297 0.022540983606557378 0.0328719723183391
13 0.9293032786885246 0.3235294117647059 0.020491803278688523 0.03633217993079585