1 0.21123829344432882 0.5197934595524957 0.02497398543184183 0.06540447504302926
4 0.777315296566077 0.5051635111876076 0.036420395421436005 0.04991394148020654
7 0.658168574401665 0.6617900172117039 0.02497398543184183 0.043029259896729774
14 0.6514047866805411 0.8769363166953529 0.026014568158168574 0.0378657487091222
18 0.2611862643080125 0.5051635111876076 0.026014568158168574 0.04130808950086059
19 0.2663891779396462 0.4259896729776248 0.026014568158168574 0.04475043029259897
20 0.5114464099895941 0.7753872633390706 0.026014568158168574 0.04475043029259897
21 0.7107180020811654 0.6032702237521514 0.02497398543184183 0.04475043029259897
8 0.44068678459937566 0.6110154905335629 0.027055150884495317 0.04647160068846816
9 0.7174817898022893 0.6592082616179001 0.02497398543184183 0.043029259896729774
11 0.27523413111342354 0.6686746987951807 0.026014568158168574 0.04475043029259897
13 0.32362122788761705 0.9836488812392427 0.02497398543184183 0.03270223752151463