0 0.04341225541311415 0.13044473844901283 0.02530209163957554 0.05470181152045592
1 0.4865822241305281 0.019768980256462475 0.04063669263325765 0.03180337879096277
2 0.9489204440900447 0.10054956238550786 0.0237686315402074 0.05597394667209445
3 0.06373060172974299 0.8727355994300835 0.02146844139115499 0.05597394667209448
4 0.4957829847267373 0.9630571951964174 0.0345028522357848 0.058518216975371545
5 0.9397196834938354 0.8606503154895174 0.025302091639575523 0.05979035212700988
6 0.24161197325645584 0.8072206391207001 0.024535361589891433 0.039436189700793746
7 0.0917162485432129 0.7556991654793405 0.0222351714408391 0.03816405454915521
14 0.08979942341900264 0.7029055566863424 0.02146844139115499 0.036891919397516675
15 0.11088449978531559 0.29391410543456137 0.0207017113414709 0.04070832485243232
16 0.07139790222658406 0.8199419906370852 0.019934981291786787 0.036891919397516675
17 0.06488069680426915 0.654564420924079 0.0207017113414709 0.034347649094239804
18 0.16072195301478254 0.6679218400162832 0.020701711341470915 0.040708324852432275
19 0.06603079187879532 0.6971809485039691 0.01840152119241858 0.033075513942601276
20 0.10935103968594738 0.19277936087929984 0.01916825124210269 0.03689191939751677
21 0.7564712016193338 0.11899552208426625 0.025302091639575523 0.04198046000407086
8 0.18947432987793655 0.22013026663952778 0.02300190149052322 0.03561978424587829
9 0.08788259829479238 0.18578261754528802 0.019168251242102672 0.03561978424587829
10 0.9105839416058394 0.659652961530633 0.02223517144083916 0.039436189700793746
11 0.17413972888425444 0.589685528190515 0.024535361589891433 0.04198046000407081
12 0.1430871618720481 0.6310299206187666 0.020701711341470915 0.04325259515570934
13 0.07063117217689996 0.2048646448198657 0.018401521192418575 0.03561978424587829