0 0.04089026915113872 0.1314878892733564 0.024844720496894408 0.05709342560553633
1 0.4808488612836439 0.019896193771626297 0.034161490683229816 0.039792387543252594
2 0.9399585921325052 0.10121107266435986 0.021739130434782608 0.058823529411764705
3 0.06159420289855073 0.8737024221453287 0.024844720496894408 0.05190311418685121
4 0.489648033126294 0.9636678200692042 0.030020703933747412 0.0657439446366782
5 0.9296066252587992 0.860726643598616 0.024844720496894408 0.06228373702422145
6 0.40113871635610765 0.22664359861591696 0.025879917184265012 0.04498269896193772
7 0.9358178053830227 0.5726643598615917 0.020703933747412008 0.0328719723183391
14 0.14026915113871635 0.4273356401384083 0.021739130434782608 0.039792387543252594
15 0.18995859213250518 0.5778546712802768 0.023809523809523808 0.04152249134948097
16 0.10869565217391304 0.773356401384083 0.020703933747412008 0.039792387543252594
17 0.15631469979296067 0.48961937716262977 0.020703933747412008 0.03806228373702422
18 0.9368530020703933 0.6072664359861591 0.017598343685300208 0.03633217993079585
19 0.06884057971014493 0.2370242214532872 0.019668737060041408 0.03633217993079585
20 0.9399585921325052 0.4515570934256055 0.020703933747412008 0.04152249134948097
21 0.06780538302277432 0.3754325259515571 0.020703933747412008 0.0328719723183391
8 0.04399585921325052 0.5103806228373703 0.019668737060041408 0.04152249134948097
9 0.06573498964803312 0.42301038062283736 0.020703933747412008 0.03633217993079585
10 0.09057971014492754 0.19463667820069205 0.018633540372670808 0.03633217993079585
11 0.12370600414078675 0.6522491349480969 0.023809523809523808 0.03633217993079585
12 0.08747412008281573 0.3088235294117647 0.019668737060041408 0.03633217993079585
13 0.09109730848861283 0.8183391003460208 0.020703933747412008 0.0328719723183391