0 0.05132229759735394 0.12989369976665807 0.026032494678651815 0.05574280528908476
1 0.4866009218565763 0.021000777806585484 0.034454772368803906 0.03759398496240602
2 0.9364271166715158 0.09813326419497023 0.021438525029477885 0.05963183821623022
3 0.07314365343092974 0.867513611615245 0.025266833070456175 0.055742805289085005
4 0.49349187633033703 0.9550168524760175 0.029860802719630045 0.05963183821623022
5 0.9268563465690703 0.8545501685247602 0.02373550985406496 0.05833549390718188
6 0.9291533313936573 0.3502722323049002 0.017610216988499818 0.03500129634430905
7 0.5964733626326508 0.859735545760954 0.02296984824586923 0.04277936219859996
14 0.264941886283938 0.11822660098522172 0.021438525029477917 0.04277936219859996
15 0.11142673384071183 0.6451905626134301 0.02067286342128233 0.03889032927145446
16 0.8839792965101143 0.4889810733730879 0.022204186637673616 0.04277936219859996
17 0.4353015941074683 0.5576873217526574 0.023735509854064904 0.04277936219859996
18 0.07926894629649486 0.16619134042001563 0.019141540204891044 0.03500129634430905
19 0.7989908580003982 0.5868550687062484 0.022204186637673616 0.03889032927145446
20 0.15660076872425469 0.6912107855846512 0.02220418663767359 0.04018667358050299
21 0.8414850772552562 0.6270417422867514 0.01990720181308666 0.04148301788955153
8 0.1745938165168523 0.4079595540575577 0.021438525029477972 0.03889032927145446
9 0.895464220633049 0.3949961109670729 0.022204186637673616 0.03629764065335758
10 0.15736643033245035 0.6484314233860514 0.023735509854064873 0.03500129634430905
11 0.07084666860634281 0.24786103189007005 0.019141540204891058 0.03759398496240602
12 0.640881735907998 0.7702877884366087 0.0260324946786518 0.04277936219860006
13 0.26073074743886193 0.16554316826549137 0.026798156286847417 0.036297640653357534