0 0.050643312950652254 0.13376705807680106 0.02294902355606224 0.039352586480482364
1 0.48186286847988635 0.023960647413519578 0.03553397195777376 0.040622024754046325
2 0.9319598466116876 0.10456997778483026 0.025169896803423058 0.052046969216121855
3 0.07100131771812683 0.8763884481117106 0.022208732473608637 0.04443033957473814
3 0.4885254882219689 0.9646144081244048 0.03405338979286658 0.06093303713106964
4 0.9201151892924297 0.8617899079657252 0.025169896803423172 0.0507775309425579
6 0.21572822433780967 0.84084417645192 0.022949023556062233 0.036813709933354484
7 0.07507291867162175 0.7780069819105047 0.018507277061340525 0.035544271659790586
14 0.11800980145393179 0.4200253887654714 0.021468441391155054 0.03808314820691847
15 0.10838601738203467 0.3489368454458903 0.01998785922624776 0.03554427165979054
16 0.2179490975851705 0.32100920342748335 0.021468441391155026 0.04316090130117419
17 0.11652921928902449 0.6682005712472232 0.019987859226247746 0.036813709933354484
18 0.06433869797604423 0.5952078705172962 0.0177669859788869 0.03300539511266261
19 0.11060689062939554 0.5114249444620756 0.01998785922624776 0.03554427165979049
20 0.4800121407737523 0.8376705807680102 0.022949023556062233 0.04316090130117414
21 0.07988481070757028 0.5748968581402729 0.019247568143794143 0.03300539511266261
8 0.9289986822818731 0.4904792129482704 0.02072815030870141 0.04443033957473814
9 0.18981803645193293 0.6872421453506823 0.021468441391155 0.03935258648048247
10 0.13244547756177735 0.5190415741034592 0.020728150308701364 0.03808314820691847
11 0.06544913459972466 0.15979054268486198 0.017026694896433284 0.03046651856553477
12 0.4811225773974327 0.5088860679149476 0.02368931463851582 0.04316090130117425
13 0.09395034127418907 0.6028245001586799 0.019247568143794143 0.03554427165979049