0 0.04426883535369038 0.12924552761213381 0.02301672548718735 0.054446460980036276
1 0.47966855915298456 0.019056261343012755 0.032990639864968564 0.036297640653357534
2 0.9300291545189503 0.10331864143116416 0.022249501304281112 0.051853772361939304
3 0.06460027620070588 0.870106300233342 0.022249501304281112 0.05055742805289107
4 0.48734080098204696 0.9595540575576874 0.03145619149915607 0.05833549390718178
5 0.9200552401411692 0.8610318900700026 0.022249501304281112 0.05833549390718188
6 0.28479361669479825 0.8422348975887995 0.022249501304281112 0.04148301788955153
7 0.5782568666564369 0.7838994036816178 0.027620070584624866 0.04148301788955153
14 0.2295534755255486 0.7774176821363754 0.0253183980359061 0.03889032927145465
15 0.1090992788092681 0.19341457091003375 0.02071505293846862 0.04018667358050299
16 0.05155746509129971 0.25887995851698214 0.017646156206843636 0.03629764065335758
17 0.10948289090072123 0.14804252009333682 0.01841338038974988 0.03500129634430905
18 0.7934632499616388 0.1597096188747732 0.023783949670093663 0.04018667358050299
19 0.7593217738223109 0.10007778065854296 0.02301672548718733 0.03759398496240604
20 0.0718889059383152 0.2083225304640913 0.018413380389749896 0.03370495203526054
21 0.9258094215129662 0.25434275343531243 0.01994782875556246 0.04277936219859996
8 0.7313180911462329 0.8344568317345087 0.02378394967009355 0.041483017889551325
9 0.07150529384686209 0.24267565465387608 0.01918060457265614 0.02981591910811511
10 0.8935860058309038 0.6588021778584392 0.019947828755562346 0.03759398496240602
11 0.056160810188737184 0.6730619652579725 0.019180604572656135 0.03759398496240602
12 0.7405247813411079 0.7417682136375422 0.02685284640171865 0.04537205081669703
13 0.6691729323308271 0.46564687581021524 0.0253183980359061 0.04537205081669693