0 0.041274817136886105 0.1284246575342466 0.02612330198537095 0.053082191780821915
1 0.4864158829676071 0.02054794520547945 0.03657262277951933 0.0410958904109589
2 0.9493207941483803 0.10188356164383562 0.022988505747126436 0.06335616438356165
3 0.062173458725182866 0.865582191780822 0.02612330198537095 0.046232876712328765
4 0.4947753396029258 0.9529109589041096 0.03239289446185998 0.06335616438356165
5 0.9383490073145245 0.8527397260273972 0.027168234064785787 0.0547945205479452
6 0.5522466039707419 0.5205479452054794 0.025078369905956112 0.039383561643835614
7 0.5532915360501567 0.8527397260273972 0.024033437826541274 0.0410958904109589
14 0.8876698014629049 0.5462328767123288 0.02089864158829676 0.039383561643835614
15 0.7575757575757576 0.8082191780821918 0.02089864158829676 0.03595890410958904
16 0.9075235109717869 0.5282534246575342 0.02089864158829676 0.03595890410958904
17 0.7528735632183908 0.401541095890411 0.022988505747126436 0.0410958904109589
18 0.88662486938349 0.1815068493150685 0.018808777429467086 0.03767123287671233
19 0.09770114942528736 0.1780821917808219 0.018808777429467086 0.032534246575342464
20 0.21003134796238246 0.12414383561643835 0.0219435736677116 0.03595890410958904
21 0.06687565308254964 0.636986301369863 0.018808777429467086 0.03595890410958904
8 0.8746081504702194 0.8321917808219178 0.02089864158829676 0.032534246575342464
9 0.054858934169279 0.3604452054794521 0.017763845350052248 0.030821917808219176
10 0.047021943573667714 0.4143835616438356 0.02089864158829676 0.032534246575342464
11 0.8343782654127482 0.2517123287671233 0.022988505747126436 0.03424657534246575
12 0.9278996865203761 0.690068493150685 0.019853709508881923 0.03767123287671233
13 0.0903866248693835 0.5102739726027398 0.019853709508881923 0.03595890410958904