0 0.04884981491274459 0.1375110472823685 0.025614754098360656 0.04280821917808219
1 0.48760576414595447 0.025657313300927947 0.03387757800105764 0.04280821917808219
2 0.9375165256478054 0.10505965532479009 0.02478847170809101 0.046950950066283685
3 0.07115943945002644 0.8604175872735307 0.02230962453728186 0.044189129474149366
4 0.49462916446324695 0.9508672116659301 0.03139873083024853 0.0483318603623509
5 0.9284274193548387 0.8514416703490941 0.02478847170809101 0.0483318603623509
6 0.15709280803807507 0.4606440565620857 0.02230962453728187 0.040046398585947836
7 0.08851136964569013 0.24176977463543967 0.019004494976203067 0.035903667697746354
14 0.17940243257535698 0.24522205037560757 0.02230962453728187 0.03728457799381348
15 0.1839469857218403 0.2928634555899248 0.02478847170809095 0.03866548828988071
16 0.05959148598625067 0.15753424657534243 0.01735193019566367 0.03314184710561203
17 0.2562466948704389 0.7927529827662395 0.02396218931782122 0.03866548828988066
18 0.07281200423056583 0.7665156871409633 0.022309624537281855 0.030380026513477695
19 0.9391690904283446 0.3929794520547945 0.019830777366472783 0.040046398585947884
20 0.3405274986779481 0.5752596111356606 0.025614754098360656 0.040046398585947836
21 0.9333851136964569 0.632567388422448 0.019830777366472783 0.03866548828988066
8 0.10297131147540983 0.1899856385329209 0.023135906927551558 0.03728457799381351
9 0.07363828662083555 0.20862792752982762 0.01735193019566367 0.03590366769774638
10 0.08314053410893708 0.6360196641626159 0.01983077736647277 0.034522757401679226
11 0.17609730301427817 0.7230170128148475 0.02065705975674246 0.03728457799381358
12 0.09553476996298256 0.3998840035351303 0.02313590692755157 0.040046398585947884
13 0.4867794817556848 0.07951281484754748 0.027267318878900063 0.04280821917808219