0 0.04589275876843975 0.12854969574036518 0.02677970251576177 0.04817444219066934
1 0.48814041745730546 0.022058823529411818 0.034431046091693736 0.04310344827586207
2 0.9483687335496112 0.10002535496957408 0.02754483687335487 0.05451318458417851
3 0.06502111770826959 0.8701825557809332 0.023719165085388988 0.053245436105476565
4 0.4965568953908306 0.957657200811359 0.03290077737650726 0.05831643002028386
5 0.9384219869008997 0.8606744421906692 0.026014568158168574 0.049442190669371215
6 0.12164106017016588 0.13805780933062883 0.017598090224643443 0.02915821501014198
7 0.18170410724123157 0.19130324543610552 0.019893493297423005 0.03422920892494932
14 0.40282793658566446 0.8987068965517241 0.021423762012609388 0.03676470588235292
15 0.505738507681949 0.3193458417849899 0.022188896370202597 0.03676470588235302
16 0.9441604945828487 0.26610040567951326 0.019128358939829827 0.03422920892494932
17 0.13311807553406377 0.17292089249492906 0.020658627655016214 0.032961460446247474
18 0.0745852971781845 0.6648073022312374 0.01683295586705024 0.032961460446247474
19 0.6557048417702148 0.8581389452332657 0.023719165085388953 0.03422920892494932
20 0.6985523657954337 0.39414300202839764 0.02218889637020254 0.03676470588235292
21 0.5153026871518639 0.7915821501014199 0.02448429944298216 0.038032454361054874
8 0.1553069719042664 0.8657454361054766 0.020658627655016214 0.034229208924949225
9 0.5409346881312358 0.4626014198782962 0.02524943380057531 0.03930020283975662
10 0.09868702944237008 0.790314401622718 0.017598090224643443 0.03549695740365117
11 0.09486135765440411 0.4290060851926978 0.017598090224643443 0.035496957403651073
12 0.21039664565097632 0.34596855983772823 0.020658627655016214 0.03422920892494932
13 0.7402521882842626 0.3123732251521299 0.02142376201260945 0.03803245436105477