0 0.03926701570680628 0.12327586206896551 0.024083769633507852 0.0603448275862069
1 0.48586387434554973 0.019827586206896553 0.033507853403141365 0.034482758620689655
2 0.9502617801047121 0.09655172413793103 0.025130890052356022 0.05344827586206897
3 0.061780104712041886 0.8655172413793103 0.025130890052356022 0.05862068965517241
4 0.49476439790575916 0.9534482758620689 0.02931937172774869 0.0603448275862069
5 0.9382198952879581 0.8551724137931035 0.027225130890052355 0.05
6 0.9361256544502617 0.6327586206896552 0.020942408376963352 0.034482758620689655
7 0.6308900523560209 0.3146551724137931 0.02617801047120419 0.041379310344827586
14 0.05706806282722513 0.33879310344827585 0.015706806282722512 0.03103448275862069
15 0.6256544502617801 0.6474137931034483 0.025130890052356022 0.03793103448275862
16 0.9486910994764398 0.3939655172413793 0.018848167539267015 0.03620689655172414
17 0.3450261780104712 0.33275862068965517 0.024083769633507852 0.04310344827586207
18 0.1806282722513089 0.47586206896551725 0.024083769633507852 0.03793103448275862
19 0.4361256544502618 0.8043103448275862 0.025130890052356022 0.041379310344827586
20 0.44712041884816756 0.5241379310344828 0.025130890052356022 0.04310344827586207
21 0.28848167539267017 0.24482758620689654 0.024083769633507852 0.039655172413793106
8 0.6099476439790575 0.1396551724137931 0.024083769633507852 0.041379310344827586
9 0.9246073298429319 0.36379310344827587 0.020942408376963352 0.03620689655172414
10 0.05654450261780105 0.6474137931034483 0.019895287958115182 0.032758620689655175
11 0.9356020942408377 0.26120689655172413 0.018848167539267015 0.039655172413793106
12 0.9 0.5827586206896552 0.02198952879581152 0.03793103448275862
13 0.43664921465968587 0.41120689655172415 0.025130890052356022 0.04310344827586207