0 0.03618771452242866 0.13815709455350408 0.022931707894425373 0.03283952419178285
1 0.4822464196946384 0.028692013914228005 0.03180849804710615 0.04500231092948016
2 0.9471683039412948 0.10653384903549099 0.023671440407148775 0.052299982972098556
3 0.059119422416854035 0.8746138315210782 0.02441117291987217 0.0437860322557104
4 0.49149307610368087 0.9603614780218445 0.031068765534382786 0.04986742562455919
5 0.9368120487631674 0.8600184874358413 0.028109835483489085 0.046218589603249954
6 0.9501272339921885 0.43128025493201 0.01923304533080846 0.03770463888686181
7 0.3550124275062137 0.6994697024982364 0.02441117291987214 0.0437860322557105
14 0.1763670256835128 0.13876523389038894 0.020712510356255192 0.03405580286555258
15 0.5980145579358505 0.24275706049770124 0.026630370458042354 0.03770463888686176
16 0.9460587051722097 0.26404193728867154 0.017013847792638245 0.03892091756063149
17 0.0905580542075985 0.5352720815393223 0.02219197538170198 0.03892091756063149
18 0.07835246774766243 0.16613150405020796 0.021452242868978573 0.03283952419178285
19 0.27216238608119303 0.42337444355250675 0.02589063794531899 0.04135347490817094
20 0.47891762338738314 0.8363010532973315 0.026630370458042413 0.04256975358194072
21 0.13457213871464074 0.18315940548298426 0.022931707894425377 0.03770463888686176
8 0.05061249852053495 0.38019655063368113 0.020712510356255185 0.04256975358194067
9 0.12532548230559826 0.21843148702230653 0.01923304533080834 0.03770463888686176
10 0.17562729317078943 0.18680824150429345 0.023671440407148775 0.03770463888686176
11 0.2103947212687892 0.11383152107810939 0.02219197538170198 0.04013719623440121
12 0.481506687181915 0.5103383687270426 0.02884956799621257 0.04986742562455909
13 0.8739347851816783 0.5748011384368387 0.022191975381701923 0.04256975358194072