0 0.04887329805577033 0.13340631842352213 0.027498662227242992 0.045042227087894904
1 0.48662227242998995 0.022051923678448607 0.037903561448361996 0.037535189239912406
2 0.946667459420893 0.09837347513293719 0.02749866222724295 0.06005630278385985
3 0.07005470004161966 0.8734751329371285 0.028241869314465776 0.04629340006255876
4 0.49665556810749745 0.9660619330622459 0.03716035436113917 0.05630278385986853
5 0.9344045424817171 0.8584610572411636 0.028241869314465776 0.0487957460118862
6 0.4847642547119329 0.6739130434782609 0.025269040965574644 0.04003753518923986
7 0.13285569891194488 0.8672192680638098 0.02006659135501515 0.03378167031592116
14 0.8102889589155122 0.6845480137629028 0.022296212616683513 0.03878636221457624
15 0.6010761638622986 0.37363152955896156 0.026012248052797414 0.0425398811385674
16 0.906905880254474 0.8284329058492336 0.01932338426779244 0.033781670315921254
17 0.8084309411974552 0.8634657491398186 0.021553005529460805 0.036284016265248596
18 0.9321749212200487 0.18032530497341265 0.020809798442237976 0.03628401626524865
19 0.09420893037636015 0.18720675633406325 0.0185801771805696 0.03253049734125744
20 0.5981033355134076 0.12214576165154839 0.024525833878351878 0.04003753518923992
21 0.47101492359831143 0.8628401626524866 0.024525833878351878 0.04003753518924006
8 0.4535495570485761 0.1546762589928058 0.02675545514002018 0.0425398811385674
9 0.28632796242344966 0.14904598060681895 0.023782626791129108 0.03878636221457614
10 0.07414233902134498 0.8102908977166093 0.018580177180569583 0.03253049734125734
11 0.9403501991794994 0.574444791992493 0.020809798442237976 0.0362840162652487
12 0.8931565491408526 0.188457929308727 0.02303941970390634 0.03753518923991242
13 0.9388637850050539 0.3242101970597436 0.01932338426779244 0.03878636221457614