0 0.04583333333333333 0.134315424610052 0.028125 0.038128249566724434
1 0.4869791666666667 0.021663778162911613 0.034375 0.036395147313691506
2 0.9505208333333334 0.1022530329289428 0.023958333333333335 0.04679376083188908
3 0.0640625 0.8717504332755632 0.029166666666666667 0.04852686308492201
4 0.496875 0.951473136915078 0.0375 0.04852686308492201
5 0.9359375 0.8552859618717504 0.026041666666666668 0.043327556325823226
6 0.15416666666666667 0.4584055459272097 0.022916666666666665 0.038128249566724434
7 0.28854166666666664 0.46187175043327555 0.026041666666666668 0.043327556325823226
14 0.096875 0.35268630849220106 0.025 0.0415944540727903
15 0.33177083333333335 0.6282495667244368 0.026041666666666668 0.04852686308492201
16 0.9369791666666667 0.5285961871750433 0.022916666666666665 0.036395147313691506
17 0.296875 0.8370883882149047 0.023958333333333335 0.0415944540727903
18 0.096875 0.15337954939341422 0.021875 0.03292894280762565
19 0.10729166666666666 0.8180242634315424 0.017708333333333333 0.03466204506065858
20 0.2 0.7478336221837089 0.021875 0.036395147313691506
21 0.8177083333333334 0.30329289428076256 0.023958333333333335 0.0415944540727903
8 0.3296875 0.7833622183708839 0.027083333333333334 0.0415944540727903
9 0.9234375 0.561525129982669 0.019791666666666666 0.036395147313691506
10 0.23958333333333334 0.7712305025996534 0.021875 0.03986135181975736
11 0.803125 0.4436741767764298 0.025 0.043327556325823226
12 0.8828125 0.7980935875216638 0.023958333333333335 0.036395147313691506
13 0.49114583333333334 0.07712305025996534 0.026041666666666668 0.043327556325823226