0 0.051644341595834704 0.13269225972211832 0.026701081393796445 0.043652872359001185
1 0.485536914245027 0.022936466362343838 0.03856822867992822 0.03866397266082966
2 0.9424220847610996 0.10088802414627458 0.029667868215329445 0.057372346528973016
3 0.0727826976992569 0.8654369028910673 0.024475991277646734 0.047394547132629944
4 0.4948081230623174 0.9533662600713412 0.03337635174224553 0.05363067175534444
5 0.9290715440642011 0.8517174287210956 0.026701081393796445 0.044900097283544105
6 0.6539020663670212 0.19380628102472 0.02373429457226344 0.043652872359001234
7 0.4673653449631378 0.6110030182843175 0.027442778099179693 0.042405647434458266
14 0.06351148888196646 0.6477961535583328 0.023734294572263514 0.03367507296265813
15 0.41767166570246095 0.3609344209134675 0.025959384688413193 0.043652872359001185
16 0.8293133371901561 0.8373743420888523 0.020025811045347362 0.03367507296265813
17 0.13656861436221507 0.7519394347576642 0.02150920445611379 0.03741674773628679
18 0.3164300654176495 0.367170545536182 0.026701081393796445 0.043652872359001185
19 0.3342307863468471 0.27300506373319366 0.026701081393796445 0.044900097283544105
20 0.593082936525596 0.14765895881663305 0.02521768798302994 0.043652872359001234
21 0.47033213178467065 0.8560827159569958 0.02447599127764675 0.04115842250991544
8 0.43955171851126645 0.11834917308987508 0.02521768798302994 0.04240564743445833
9 0.09725868897690364 0.28423008805407973 0.02002581104534733 0.034922297887201
10 0.1180261967276342 0.13955199680710423 0.025959384688413207 0.029933398189029372
11 0.09688784062421203 0.33973159719623836 0.02076750775073057 0.03616952281174387
12 0.24374378829009247 0.46632492703734196 0.022250901161497055 0.03991119758537263
13 0.9335217242965006 0.5380403601985583 0.02225090116149694 0.03866397266082971