0 0.044715447154471545 0.1328125 0.02540650406504065 0.034722222222222224
1 0.4791666666666667 0.0234375 0.03556910569105691 0.041666666666666664
2 0.9308943089430894 0.10416666666666667 0.028455284552845527 0.06076388888888889
3 0.06910569105691057 0.8741319444444444 0.024390243902439025 0.04513888888888889
4 0.4878048780487805 0.9592013888888888 0.037601626016260166 0.057291666666666664
5 0.9207317073170732 0.8628472222222222 0.027439024390243903 0.04861111111111111
6 0.3617886178861789 0.3385416666666667 0.027439024390243903 0.041666666666666664
7 0.056402439024390245 0.15711805555555555 0.01524390243902439 0.027777777777777776
14 0.17022357723577236 0.4114583333333333 0.024390243902439025 0.043402777777777776
15 0.20223577235772358 0.3940972222222222 0.023373983739837397 0.03993055555555555
16 0.09908536585365854 0.2526041666666667 0.02032520325203252 0.034722222222222224
17 0.11026422764227642 0.671875 0.021341463414634148 0.034722222222222224
18 0.12804878048780488 0.3142361111111111 0.022357723577235773 0.03819444444444445
19 0.16869918699186992 0.2534722222222222 0.024390243902439025 0.03819444444444445
20 0.3252032520325203 0.5052083333333334 0.024390243902439025 0.041666666666666664
21 0.9253048780487805 0.6380208333333334 0.019308943089430895 0.034722222222222224
8 0.3795731707317073 0.3020833333333333 0.02540650406504065 0.043402777777777776
9 0.08485772357723577 0.17100694444444445 0.021341463414634148 0.036458333333333336
10 0.08028455284552846 0.3168402777777778 0.022357723577235773 0.03819444444444445
11 0.06605691056910569 0.5321180555555556 0.023373983739837397 0.034722222222222224
12 0.4796747967479675 0.5095486111111112 0.026422764227642278 0.046875
13 0.4817073170731707 0.078125 0.02540650406504065 0.041666666666666664