0 0.04054384917902341 0.1299410198596197 0.02218855682565915 0.05732411052088506
1 0.48661035363968835 0.01975134074725169 0.03596076451055104 0.03821607368059004
2 0.9514223630047897 0.09873122635380448 0.022953679474819893 0.05859797964357142
3 0.06120216070636124 0.880249933121871 0.025249047422301784 0.052228634030139866
4 0.4961743867541966 0.9655991643418554 0.030604905966426406 0.05732411052088519
5 0.9407106459165404 0.864963503649635 0.026014170071462405 0.05732411052088519
6 0.33970680500084166 0.8681481764563509 0.023718802123980462 0.04076381192596275
7 0.12929807648166003 0.6815263499828028 0.02065831152733785 0.03948994280327637
14 0.11935148204257143 0.8394861211959084 0.019128066229016503 0.036942204557903716
15 0.20504521874856538 0.8783391294378415 0.023718802123980493 0.03821607368059019
16 0.11743867541966976 0.363059069311219 0.022953679474819806 0.03948994280327647
17 0.8913602350456779 0.6171959592871429 0.022188556825659147 0.04076381192596265
18 0.735275214616903 0.7407612641877174 0.025249047422301777 0.04076381192596275
19 0.6721525960611485 0.07389077846142095 0.02754441536978378 0.04203768104864906
20 0.33320326248297594 0.5203819059629815 0.026014170071462464 0.04076381192596265
21 0.3932653904420878 0.33057540668271745 0.028309538018944404 0.04331155017133541
8 0.43152152290012086 0.4006382084304659 0.026779292720623092 0.04585928841670807
9 0.047812514346049675 0.5815276238519255 0.01989318887817717 0.03566833543521733
10 0.8691716782200187 0.7178316199793633 0.022188556825659147 0.04076381192596275
11 0.6400174447964008 0.07325384390007778 0.026014170071462405 0.04331155017133539
12 0.07688717501415478 0.21465331651826094 0.02448392477314112 0.04076381192596273
13 0.494261580131295 0.4840766359664209 0.029839783317265778 0.04458541929402169