1 0.21450777202072538 0.5217013888888888 0.024870466321243522 0.0642361111111111
4 0.778238341968912 0.5086805555555556 0.03626943005181347 0.04861111111111111
6 0.7088082901554404 0.8532986111111112 0.025906735751295335 0.041666666666666664
7 0.6746113989637306 0.3541666666666667 0.02694300518134715 0.04513888888888889
14 0.6564766839378239 0.8862847222222222 0.027979274611398965 0.041666666666666664
18 0.3549222797927461 0.9045138888888888 0.024870466321243522 0.041666666666666664
19 0.266839378238342 0.4696180555555556 0.024870466321243522 0.04513888888888889
20 0.6316062176165803 0.9817708333333334 0.02383419689119171 0.036458333333333336
9 0.7393782383419689 0.8645833333333334 0.022797927461139896 0.041666666666666664
11 0.48290155440414506 0.9869791666666666 0.02694300518134715 0.026041666666666668
12 0.6606217616580311 0.9453125 0.024870466321243522 0.036458333333333336
13 0.4854922279792746 0.8055555555555556 0.027979274611398965 0.041666666666666664