0 0.033123028391167195 0.12914485165794065 0.023133543638275498 0.055846422338568937
1 0.4831756046267087 0.02006980802792321 0.03259726603575184 0.034904013961605584
2 0.9495268138801262 0.09860383944153578 0.022082018927444796 0.055846422338568937
3 0.054679284963196635 0.8778359511343804 0.026288117770767613 0.05235602094240838
4 0.49053627760252366 0.9677137870855148 0.030494216614090432 0.06108202443280977
5 0.9379600420609885 0.8664921465968587 0.027339642481598318 0.06282722513089005
6 0.08990536277602523 0.8525305410122164 0.019978969505783387 0.03315881326352531
7 0.29547844374342797 0.8184991273996509 0.022082018927444796 0.04013961605584642
14 0.054153522607781286 0.7643979057591623 0.016824395373291272 0.03664921465968586
15 0.47003154574132494 0.6963350785340314 0.026288117770767613 0.04363001745200698
16 0.14195583596214512 0.6902268760907504 0.022082018927444796 0.04013961605584642
17 0.8396424815983176 0.40575916230366493 0.022082018927444796 0.04013961605584642
18 0.2628811777076761 0.09424083769633508 0.023133543638275498 0.04013961605584642
19 0.5704521556256572 0.8036649214659686 0.025236593059936908 0.03664921465968586
20 0.7623554153522608 0.5907504363001745 0.023133543638275498 0.038394415357766144
21 0.07728706624605679 0.6849912739965096 0.02103049421661409 0.034904013961605584
8 0.5378548895899053 0.5951134380453752 0.025236593059936908 0.04537521815008726
9 0.8065194532071503 0.4860383944153578 0.022082018927444796 0.04013961605584642
10 0.22923238696109358 0.6535776614310645 0.024185068349106203 0.04013961605584642
11 0.060988433228180865 0.1806282722513089 0.01892744479495268 0.034904013961605584
12 0.8017875920084122 0.24083769633507854 0.024185068349106203 0.041884816753926704
13 0.06572029442691903 0.7443280977312391 0.01892744479495268 0.03315881326352531