0 0.044387755102040814 0.12931034482758622 0.02346938775510204 0.05517241379310345
1 0.47959183673469385 0.01896551724137931 0.0326530612244898 0.03620689655172414
2 0.9301020408163265 0.10344827586206896 0.022448979591836733 0.05172413793103448
3 0.06479591836734694 0.8698275862068966 0.022448979591836733 0.05
4 0.4872448979591837 0.9594827586206897 0.03163265306122449 0.05862068965517241
5 0.9198979591836735 0.8612068965517241 0.022448979591836733 0.05862068965517241
6 0.28469387755102044 0.8422413793103448 0.022448979591836733 0.041379310344827586
7 0.5780612244897959 0.7836206896551724 0.027551020408163266 0.041379310344827586
14 0.22959183673469388 0.7775862068965518 0.025510204081632654 0.039655172413793106
15 0.10918367346938776 0.19310344827586207 0.02040816326530612 0.039655172413793106
16 0.05153061224489796 0.25862068965517243 0.017346938775510204 0.03620689655172414
17 0.1096938775510204 0.1482758620689655 0.018367346938775512 0.034482758620689655
18 0.7933673469387755 0.15948275862068967 0.02346938775510204 0.039655172413793106
19 0.7591836734693878 0.1 0.02346938775510204 0.03793103448275862
20 0.07193877551020408 0.20862068965517241 0.018367346938775512 0.034482758620689655
21 0.9260204081632653 0.2543103448275862 0.02040816326530612 0.04310344827586207
8 0.7311224489795919 0.8344827586206897 0.02346938775510204 0.041379310344827586
9 0.07142857142857142 0.24310344827586206 0.019387755102040816 0.029310344827586206
10 0.8933673469387755 0.6586206896551724 0.02040816326530612 0.03793103448275862
11 0.05612244897959184 0.6732758620689655 0.019387755102040816 0.03793103448275862
12 0.7403061224489796 0.7413793103448276 0.026530612244897958 0.04482758620689655
13 0.6693877551020408 0.46551724137931033 0.025510204081632654 0.04482758620689655