0 0.04754440961337513 0.13730569948186527 0.024033437826541274 0.04317789291882556
1 0.4885057471264368 0.024179620034542316 0.035527690700104496 0.04317789291882556
2 0.9529780564263323 0.10276338514680483 0.027168234064785787 0.04835924006908463
3 0.06739811912225706 0.8696027633851469 0.02821316614420063 0.04317789291882556
4 0.49895506792058514 0.9533678756476683 0.03657262277951933 0.05008635578583765
5 0.9420062695924765 0.8575129533678757 0.027168234064785787 0.046632124352331605
6 0.9252873563218391 0.8065630397236615 0.0219435736677116 0.03626943005181347
14 0.1833855799373041 0.27892918825561314 0.022988505747126436 0.037996545768566495
15 0.9090909090909091 0.35664939550949915 0.022988505747126436 0.039723661485319514
16 0.9430512016718914 0.5328151986183074 0.02089864158829676 0.039723661485319514
17 0.7998955067920586 0.2823834196891192 0.022988505747126436 0.044905008635578586
18 0.8699059561128527 0.7063903281519862 0.0219435736677116 0.039723661485319514
19 0.1071055381400209 0.8212435233160622 0.018808777429467086 0.037996545768566495
20 0.05851619644723093 0.3022452504317789 0.022988505747126436 0.037996545768566495
21 0.5182863113897597 0.1226252158894646 0.02612330198537095 0.044905008635578586
8 0.8547544409613375 0.266839378238342 0.022988505747126436 0.046632124352331605
9 0.9252873563218391 0.5708117443868739 0.018808777429467086 0.037996545768566495
10 0.47962382445141066 0.08721934369602763 0.025078369905956112 0.04317789291882556
11 0.9007314524555904 0.5595854922279793 0.022988505747126436 0.04145077720207254
12 0.8871473354231975 0.7962003454231433 0.022988505747126436 0.04317789291882556
13 0.4425287356321839 0.07426597582037997 0.024033437826541274 0.044905008635578586