0 0.04571759259259256 0.13412285769304833 0.028108465608465603 0.038513383400731765
1 0.4871858465608465 0.02133366344804818 0.0347222222222222 0.03576242744353663
2 0.9505621693121693 0.1024868641853044 0.023974867724867722 0.04676625127231715
3 0.06431878306878303 0.8720667932106406 0.02893518518518518 0.04814172925091468
4 0.4966931216931217 0.9518445159692994 0.037202380952380903 0.04814172925091478
5 0.9360945767195769 0.8548733184781712 0.026455026455026478 0.04401529531512204
6 0.1540178571428571 0.45873566064207305 0.023148148148148154 0.038513383400731765
7 0.2883597883597883 0.46217435558856695 0.025628306878306854 0.0426398173365245
14 0.0969742063492063 0.35282385629006074 0.024801587301587304 0.04126433935792686
15 0.33176256613756616 0.6286071909988721 0.02645502645502642 0.04814172925091468
16 0.9369212962962962 0.52819729856125 0.023148148148148213 0.03713790542213422
17 0.29662698412698413 0.8369921047564028 0.023974867724867722 0.04126433935792686
18 0.0969742063492063 0.15337954939341422 0.021494708994709007 0.03301147148634151
19 0.10730820105820102 0.8184231520453357 0.017361111111111115 0.03438694946493903
20 0.1999007936507936 0.7475860361475613 0.022321428571428558 0.035762427443536575
21 0.8174603174603174 0.30330664906054855 0.023974867724867722 0.04126433935792691
8 0.3296957671957672 0.7833484635910979 0.027281746031746046 0.04126433935792686
9 0.923693783068783 0.5618965090368903 0.01984126984126983 0.03576242744353667
10 0.2395833333333333 0.7716569007730186 0.022321428571428558 0.03988886137932931
11 0.8029927248677249 0.44360540287749983 0.024801587301587227 0.044015295315121994
12 0.8827711640211641 0.798478721355671 0.023974867724867722 0.03576242744353667
13 0.49090608465608465 0.07704052158124948 0.025628306878306854 0.04263981733652444