0 0.03919002155836163 0.12347870182555787 0.023868186017862638 0.06085192697768763
1 0.4857560825377272 0.02015720081135908 0.033107483831228836 0.0342292089249493
2 0.9500307976593779 0.09685598377281951 0.02540806898675699 0.05324543610547666
3 0.0615183246073299 0.8651115618661257 0.02540806898675699 0.05831643002028376
4 0.49461040960886976 0.9538539553752535 0.02925777640899291 0.06085192697768775
5 0.9384816753926701 0.8549695740365112 0.026947951955651264 0.050709939148072966
6 0.9361718509393285 0.6324797160243408 0.020788420080073935 0.03422920892494932
7 0.630890052356021 0.3142748478701826 0.02617801047120419 0.041835699797160224
14 0.056898675700646814 0.3383620689655173 0.016168771173390818 0.031693711967545724
15 0.6258854327071143 0.6470588235294118 0.02540806898675699 0.03803245436105467
16 0.9488758854327072 0.39414300202839764 0.018478595626732347 0.03676470588235292
17 0.34485679088389287 0.3326572008113591 0.0238681860178626 0.04310344827586217
18 0.1808592546966431 0.47591277890466527 0.02386818601786266 0.03803245436105477
19 0.43609485679088394 0.8042596348884381 0.024638127502309797 0.04056795131845837
20 0.4472590083153681 0.5240872210953347 0.02540806898675699 0.04310344827586207
21 0.2886510625192486 0.24454868154158216 0.02386818601786266 0.03930020283975662
8 0.6097166615337235 0.13995943204868158 0.0238681860178626 0.04056795131845837
9 0.9246227286726209 0.3637170385395538 0.020788420080073935 0.03676470588235292
10 0.05651370495842323 0.6470588235294118 0.020018478595626724 0.032961460446247474
11 0.9357868801971051 0.2610294117647059 0.018478595626732347 0.03930020283975662
12 0.8999846011703111 0.5824036511156188 0.022328303048968327 0.03803245436105477
13 0.43647982753310755 0.4112576064908723 0.02540806898675699 0.04310344827586207