0 0.037058292395512955 0.1364382131404281 0.02754694458472981 0.04350311979516246
1 0.48660912416020075 0.023951574812936624 0.03443368073091228 0.042260173515300654
2 0.9510812175749507 0.1059860292838144 0.020660208438547385 0.05468963631391849
3 0.054275132760969076 0.8735053570984661 0.025251365869335657 0.04101722723543899
4 0.49426105321151464 0.9567827578492059 0.035964066541175024 0.04847490491460957
5 0.9415163062608083 0.8592114748800556 0.030607716205255407 0.04474606607502433
6 0.06384004407511139 0.39372809307181744 0.018364629723153215 0.0310736569965446
7 0.9476378495018593 0.6590971238223085 0.016834243912890443 0.02734481815695926
14 0.9503160246698191 0.3999428244711264 0.017599436818021903 0.0310736569965446
15 0.5015303858102628 0.3235016282596266 0.021425401343678725 0.03728838839585351
16 0.9399859204505455 0.28807765928356577 0.016834243912890443 0.0310736569965446
17 0.3840732748725954 0.7554254605115966 0.022190594248810123 0.03355954955626812
18 0.06575302633793983 0.7790414398289707 0.019129822628284606 0.028587764436821074
19 0.6423258803544372 0.17621249409600517 0.022955787153941525 0.03853133467571532
20 0.3507873834993802 0.6528823924229995 0.022955787153941525 0.03728838839585356
21 0.8600232618643159 0.1364382131404281 0.019129822628284585 0.03355954955626817
8 0.20348774926158888 0.6802272105799586 0.022190594248810123 0.03231660327640641
9 0.3733605742007561 0.5205086136177195 0.023720980059072923 0.03853133467571527
10 0.8887179958067427 0.8387028612623363 0.016834243912890443 0.0310736569965446
11 0.09444776028036674 0.5366669152559226 0.019895015533415984 0.03355954955626812
12 0.26661616393492804 0.27440525020508616 0.021425401343678752 0.03604544211599175
13 0.4747486341306643 0.9101722723543889 0.022955787153941525 0.02983071071668269