0 0.07760416666666667 0.13287037037037036 0.028645833333333332 0.04722222222222222
1 0.4890625 0.03425925925925926 0.03802083333333333 0.05277777777777778
2 0.9119791666666667 0.12407407407407407 0.028125 0.053703703703703705
3 0.08958333333333333 0.8685185185185185 0.027604166666666666 0.05
4 0.4890625 0.9685185185185186 0.03697916666666667 0.05092592592592592
5 0.8997395833333334 0.8796296296296297 0.028645833333333332 0.04814814814814815
6 0.8877604166666667 0.24027777777777778 0.017708333333333333 0.03611111111111111
8 0.5447916666666667 0.4861111111111111 0.024479166666666666 0.041666666666666664
10 0.8955729166666667 0.21203703703703702 0.018229166666666668 0.03333333333333333
11 0.8486979166666667 0.2708333333333333 0.019270833333333334 0.037037037037037035
12 0.2864583333333333 0.888425925925926 0.019270833333333334 0.03981481481481482
13 0.82734375 0.30185185185185187 0.020833333333333332 0.041666666666666664
14 0.14479166666666668 0.6162037037037037 0.021354166666666667 0.03611111111111111
17 0.8169270833333333 0.725462962962963 0.0203125 0.03796296296296296
19 0.38333333333333336 0.9087962962962963 0.022395833333333334 0.03888888888888889
20 0.7325520833333333 0.5106481481481482 0.021875 0.03888888888888889
21 0.7018229166666666 0.3638888888888889 0.0234375 0.03981481481481482