0 0.07634654471544718 0.13414634146341464 0.031122967479674794 0.04290876242095754
1 0.48856707317073167 0.03195573622402892 0.03239329268292686 0.0530713640469738
2 0.9128556910569104 0.1285004516711834 0.029852642276422734 0.05194218608852755
3 0.08714430894308946 0.8675474254742546 0.02604166666666665 0.05307136404697385
4 0.48856707317073167 0.9691734417344172 0.03366361788617886 0.04403794037940374
5 0.9011051829268292 0.878274616079494 0.030487804878048762 0.047425474254742576
6 0.5527184959349594 0.30013550135501355 0.027311991869918728 0.04290876242095752
7 0.736280487804878 0.20076784101174344 0.020960365853658538 0.04290876242095754
8 0.0846036585365854 0.17253839205058719 0.01969004065040649 0.02935862691960251
13 0.8871316056910569 0.16463414634146342 0.02032520325203251 0.03613369467028001
15 0.7137322154471544 0.19060523938572718 0.02159552845528457 0.038392050587172516
16 0.20719004065040653 0.6806684733514001 0.024771341463414635 0.04065040650406502
17 0.5651041666666666 0.10422312556458899 0.026676829268292696 0.041779584462511295
18 0.8363185975609756 0.24988708220415537 0.02159552845528457 0.03952122854561874
19 0.4920604674796748 0.08785004516711835 0.024136178861788576 0.045167118337850046
20 0.6330665650406504 0.6146115627822945 0.026676829268292696 0.044037940379403846