0 0.07265625 0.1300925925925926 0.019791666666666666 0.041666666666666664
1 0.48854166666666665 0.03287037037037037 0.034895833333333334 0.04814814814814815
2 0.9140625 0.125 0.027083333333333334 0.05
3 0.08802083333333334 0.8671296296296296 0.023958333333333335 0.05462962962962963
5 0.8984375 0.8856481481481482 0.0265625 0.05277777777777778
6 0.8471354166666667 0.33564814814814814 0.019270833333333334 0.037037037037037035
8 0.10755208333333334 0.5203703703703704 0.020833333333333332 0.03148148148148148
9 0.8890625 0.24583333333333332 0.016666666666666666 0.03611111111111111
10 0.578125 0.17685185185185184 0.025 0.040740740740740744
11 0.22604166666666667 0.2449074074074074 0.021354166666666667 0.03796296296296296
13 0.8072916666666666 0.5273148148148148 0.022395833333333334 0.03796296296296296
14 0.3190104166666667 0.7796296296296297 0.026041666666666668 0.037037037037037035
16 0.88359375 0.20185185185185187 0.0171875 0.03425925925925926
17 0.5697916666666667 0.6625 0.0234375 0.040740740740740744
18 0.16901041666666666 0.25833333333333336 0.020833333333333332 0.03611111111111111
20 0.7286458333333333 0.4023148148148148 0.022395833333333334 0.041666666666666664
21 0.59296875 0.43148148148148147 0.023958333333333335 0.046296296296296294