0 0.078125 0.13425925925925927 0.022135416666666668 0.05092592592592592
1 0.4895833333333333 0.029513888888888888 0.03515625 0.05439814814814815
2 0.9130859375 0.12731481481481483 0.024088541666666668 0.05787037037037037
3 0.09049479166666667 0.8715277777777778 0.024739583333333332 0.05555555555555555
4 0.48965234374999994 0.9723379629629629 0.03789843749999999 0.05347222222222222
5 0.8994140625 0.8842592592592593 0.027994791666666668 0.046296296296296294
6 0.7506510416666666 0.11805555555555555 0.024739583333333332 0.03935185185185185
14 0.6162109375 0.16608796296296297 0.021484375 0.04050925925925926
17 0.5029296875 0.6846064814814815 0.025390625 0.04513888888888889
18 0.759765625 0.4832175925925926 0.020833333333333332 0.04513888888888889
20 0.7399088541666666 0.5109953703703703 0.022786458333333332 0.04050925925925926
9 0.2666015625 0.27141203703703703 0.021484375 0.047453703703703706
10 0.15234375 0.6516203703703703 0.020833333333333332 0.03935185185185185
12 0.3177083333333333 0.7847222222222222 0.024739583333333332 0.041666666666666664