0 0.078125 0.13541666666666666 0.022135416666666668 0.05092592592592592
1 0.4895833333333333 0.023148148148148147 0.03515625 0.041666666666666664
2 0.9117838541666666 0.1284722222222222 0.025390625 0.05092592592592592
3 0.09049479166666667 0.8709490740740741 0.022135416666666668 0.04976851851851852
4 0.4901978531504065 0.9758101851851851 0.03638528963414635 0.04652777777777778
5 0.900390625 0.8883101851851852 0.026041666666666668 0.052083333333333336
6 0.904296875 0.6018518518518519 0.015625 0.037037037037037035
7 0.89453125 0.7893518518518519 0.015625 0.037037037037037035
14 0.6370442708333334 0.10821759259259259 0.022786458333333332 0.03819444444444445
17 0.8323567708333334 0.1863425925925926 0.020182291666666668 0.041666666666666664
18 0.759765625 0.4826388888888889 0.022135416666666668 0.03935185185185185
20 0.7392578125 0.5115740740740741 0.024088541666666668 0.03935185185185185
9 0.4951171875 0.7094907407407407 0.024088541666666668 0.04398148148148148
10 0.15266927083333334 0.6527777777777778 0.020182291666666668 0.03935185185185185
12 0.3167317708333333 0.7853009259259259 0.024088541666666668 0.03819444444444445