1 0.23515625 0.5199074074074074 0.023958333333333335 0.06111111111111111
4 0.7638020833333333 0.5199074074074074 0.0234375 0.058333333333333334
7 0.31171875 0.003703703703703704 0.0203125 0.007407407407407408
8 0.5286458333333334 0.4305555555555556 0.023958333333333335 0.040740740740740744
10 0.34088541666666666 0.22175925925925927 0.025 0.04537037037037037
11 0.50546875 0.023148148148148147 0.020833333333333332 0.03425925925925926
14 0.4296875 0.13935185185185187 0.022395833333333334 0.04259259259259259
15 0.42630208333333336 0.40925925925925927 0.022916666666666665 0.04537037037037037
17 0.54296875 0.010185185185185186 0.0203125 0.020370370370370372
18 0.40260416666666665 0.05324074074074074 0.0234375 0.04259259259259259
21 0.43828125 0.09074074074074075 0.021354166666666667 0.040740740740740744