6 0.7080157520325202 0.10365853658536585 0.02159552845528457 0.04065040650406505
1 0.4895198170731707 0.030826558265582667 0.03556910569105689 0.0530713640469738
2 0.9144435975609755 0.12567750677506775 0.02794715447154476 0.0508130081300813
3 0.08968495934959352 0.8658536585365852 0.02477134146341462 0.05194218608852747
4 0.4882494918699187 0.9708672086720866 0.03175813008130082 0.04516711833785002
5 0.8991996951219512 0.8867434507678409 0.02921747967479682 0.05307136404697385
7 0.7950330284552846 0.1262420957542909 0.02032520325203251 0.03613369467028004
8 0.10842225609756098 0.5191960252935862 0.021595528455284556 0.03387533875338746
9 0.9026930894308942 0.6496160794941283 0.018419715447154417 0.037262872628726296
10 0.578125 0.17705510388437218 0.023501016260162544 0.04290876242095752
11 0.224974593495935 0.2459349593495935 0.023501016260162575 0.038392050587172516
13 0.8077362804878049 0.527664859981933 0.02159552845528457 0.037262872628726296
14 0.5813008130081301 0.6727642276422764 0.023501016260162544 0.04065040650406502
16 0.8957063008130081 0.5683152664859982 0.018419715447154417 0.037262872628726185
17 0.7870934959349593 0.5914634146341463 0.0222306910569106 0.03839205058717247
18 0.7505716463414633 0.3390921409214092 0.02286585365853663 0.03952122854561879
20 0.7909044715447154 0.5468608852755193 0.019690040650406478 0.03500451671183374
21 0.5920985772357723 0.43224932249322484 0.023501016260162544 0.04290876242095752