0 0.07831325301204822 0.13464970995091483 0.028865461847389553 0.04573850959393129
1 0.4883910642570281 0.035363676929942044 0.038278112449799194 0.04796965640339135
2 0.9116465863453815 0.1229361892012495 0.027610441767068276 0.053547523427041506
3 0.09086345381526108 0.8709281570727354 0.026355421686746983 0.04796965640339137
5 0.9000376506024097 0.8820838911200357 0.026982931726907702 0.05020080321285139
6 0.33810240963855426 0.5992860330209727 0.02133534136546184 0.04016064257028107
8 0.544866967871486 0.48605533244087457 0.024472891566265056 0.04350736278447116
10 0.8947038152610441 0.21106648817492193 0.01882530120481931 0.035698348951360995
11 0.8482680722891566 0.2690763052208836 0.020080321285140576 0.03569834895136102
12 0.28633283132530124 0.8876617581436859 0.020707831325301206 0.0345827755466309
13 0.8278739959839356 0.30142793395805445 0.019452811244979884 0.037929495760821046
14 0.14482931726907633 0.6149040606871933 0.018825301204819282 0.03569834895136092
17 0.8178338353413656 0.7247880410531012 0.019452811244979884 0.03681392235609104
19 0.3842243975903615 0.9082998661311914 0.02196285140562247 0.037929495760821046
20 0.7331199799196787 0.5105979473449352 0.02196285140562253 0.03681392235609104
21 0.7017444779116465 0.36501561802766624 0.02196285140562253 0.037929495760821046