0 0.07760416666666667 0.13333333333333333 0.027604166666666666 0.05
1 0.48828125 0.033796296296296297 0.0359375 0.05555555555555555
2 0.9114583333333334 0.12638888888888888 0.028125 0.04722222222222222
3 0.09088541666666666 0.8699074074074075 0.027604166666666666 0.05462962962962963
4 0.4903645833333333 0.9712962962962963 0.03333333333333333 0.04814814814814815
5 0.8979166666666667 0.8828703703703704 0.027604166666666666 0.053703703703703705
6 0.87265625 0.7694444444444445 0.017708333333333333 0.037037037037037035
7 0.7424479166666667 0.44583333333333336 0.020833333333333332 0.037037037037037035
8 0.6458333333333334 0.5615740740740741 0.0234375 0.03981481481481482
9 0.6143229166666667 0.6939814814814815 0.022395833333333334 0.03981481481481482
10 0.7252604166666666 0.20555555555555555 0.021354166666666667 0.03796296296296296
11 0.7638020833333333 0.5388888888888889 0.020833333333333332 0.03981481481481482
12 0.28671875 0.8870370370370371 0.0203125 0.03611111111111111
13 0.8265625 0.30185185185185187 0.019270833333333334 0.037037037037037035
14 0.1140625 0.6467592592592593 0.017708333333333333 0.032407407407407406
15 0.8466145833333333 0.8699074074074075 0.0171875 0.032407407407407406
16 0.8940104166666667 0.8726851851851852 0.015104166666666667 0.028703703703703703
17 0.8169270833333333 0.725925925925926 0.01875 0.032407407407407406
18 0.9018229166666667 0.29074074074074074 0.018229166666666668 0.03425925925925926
19 0.3841145833333333 0.9074074074074074 0.020833333333333332 0.03796296296296296
20 0.7330729166666666 0.5106481481481482 0.021875 0.03888888888888889
21 0.7026041666666667 0.36435185185185187 0.022395833333333334 0.03888888888888889