0 0.0791015625 0.13425925925925927 0.022786458333333332 0.04861111111111111
1 0.4895833333333333 0.027199074074074073 0.03515625 0.04976851851851852
2 0.9108072916666666 0.1388888888888889 0.0234375 0.041666666666666664
3 0.09049479166666667 0.8732638888888888 0.024739583333333332 0.04976851851851852
4 0.4901888020833333 0.9763888888888889 0.03636718750000002 0.04537037037037037
5 0.8990885416666666 0.8883101851851852 0.022135416666666668 0.052083333333333336
6 0.873046875 0.15393518518518517 0.01953125 0.03935185185185185
7 0.9052734375 0.5978009259259259 0.017578125 0.03587962962962963
14 0.6373697916666666 0.109375 0.0234375 0.04050925925925926
17 0.8317057291666666 0.1863425925925926 0.021484375 0.041666666666666664
18 0.7587890625 0.4826388888888889 0.022786458333333332 0.041666666666666664
20 0.7395833333333334 0.5121527777777778 0.01953125 0.04513888888888889
9 0.494140625 0.7071759259259259 0.0234375 0.041666666666666664
10 0.15234375 0.6521990740740741 0.020833333333333332 0.03819444444444445
12 0.3173828125 0.7864583333333334 0.022786458333333332 0.04282407407407408