0 0.07473958333333333 0.13425925925925927 0.025520833333333333 0.04259259259259259
1 0.48854166666666665 0.03194444444444444 0.033854166666666664 0.05092592592592592
2 0.9143229166666667 0.12407407407407407 0.028125 0.04537037037037037
3 0.09114583333333333 0.8708333333333333 0.023958333333333335 0.05740740740740741
4 0.48932291666666666 0.9722222222222222 0.03125 0.04722222222222222
5 0.8994791666666667 0.8851851851851852 0.026041666666666668 0.05
6 0.7489583333333333 0.75 0.020833333333333332 0.03981481481481482
7 0.78671875 0.16574074074074074 0.0203125 0.03796296296296296
8 0.5393229166666667 0.549074074074074 0.0234375 0.03981481481481482
9 0.9018229166666667 0.649537037037037 0.016666666666666666 0.03518518518518519
10 0.653125 0.21666666666666667 0.019791666666666666 0.04259259259259259
11 0.225 0.24351851851851852 0.022395833333333334 0.040740740740740744
13 0.80703125 0.5287037037037037 0.0203125 0.037037037037037035
14 0.6348958333333333 0.3375 0.023958333333333335 0.04259259259259259
15 0.5518229166666667 0.37083333333333335 0.025520833333333333 0.046296296296296294
16 0.8958333333333334 0.5699074074074074 0.0171875 0.03611111111111111
17 0.7877604166666666 0.5921296296296297 0.020833333333333332 0.041666666666666664
18 0.7528645833333333 0.3287037037037037 0.022395833333333334 0.037037037037037035
19 0.8846354166666667 0.7773148148148148 0.017708333333333333 0.032407407407407406
20 0.7916666666666666 0.5453703703703704 0.022395833333333334 0.03796296296296296
21 0.7140625 0.2759259259259259 0.0234375 0.03981481481481482