0 0.07845052083333333 0.13425925925925927 0.024088541666666668 0.04398148148148148
1 0.4879557291666667 0.026041666666666668 0.037109375 0.04976851851851852
2 0.9114583333333334 0.1267361111111111 0.02734375 0.04513888888888889
3 0.09114583333333333 0.8703703703703703 0.0234375 0.05324074074074074
5 0.8994140625 0.8825231481481481 0.026692708333333332 0.05439814814814815
6 0.8072916666666666 0.3072916666666667 0.020833333333333332 0.04050925925925926
7 0.904296875 0.5960648148148148 0.016927083333333332 0.03935185185185185
14 0.6380208333333334 0.109375 0.024739583333333332 0.04513888888888889
17 0.83203125 0.18460648148148148 0.022135416666666668 0.03819444444444445
18 0.7600911458333334 0.4832175925925926 0.021484375 0.04282407407407408
19 0.8938802083333334 0.16435185185185186 0.018229166666666668 0.03935185185185185
20 0.7392578125 0.5109953703703703 0.022786458333333332 0.03819444444444445
9 0.3619791666666667 0.2042824074074074 0.024739583333333332 0.04282407407407408
10 0.18522135416666666 0.5949074074074074 0.020182291666666668 0.041666666666666664
12 0.318359375 0.7853009259259259 0.0234375 0.03819444444444445