0 0.07507621951219515 0.13584010840108401 0.024771341463414635 0.046296296296296294
1 0.4888846544715447 0.029697380307136416 0.033028455284552886 0.0553297199638663
2 0.9134908536585366 0.12454832881662152 0.027311991869918728 0.0508130081300813
3 0.0893673780487805 0.8692411924119241 0.024136178861788603 0.049683830171635024
4 0.4888846544715447 0.9731255645889793 0.033028455284552886 0.04516711833785002
5 0.8995172764227642 0.8850496838301716 0.027311991869918728 0.049683830171635024
6 0.7439024390243901 0.8280261969286359 0.020960365853658538 0.03500451671183374
7 0.7880462398373983 0.1663279132791328 0.02032520325203251 0.03726287262872627
8 0.539697662601626 0.5485546522131887 0.02159552845528457 0.04290876242095757
9 0.9023755081300813 0.6507452574525745 0.017784552845528386 0.03500451671183384
10 0.6565675813008129 0.21714092140921412 0.019054878048780446 0.0440379403794038
11 0.22465701219512196 0.2442411924119241 0.02032520325203251 0.03726287262872624
13 0.8083714430894309 0.527664859981933 0.02032520325203251 0.037262872628726296
14 0.6349720528455284 0.33739837398373984 0.02159552845528457 0.04290876242095757
15 0.5495426829268292 0.36901535682023484 0.023501016260162662 0.04065040650406507
16 0.8947535569105691 0.5677506775067749 0.017784552845528503 0.033875338753387566
17 0.7867759146341463 0.5903342366757001 0.02032520325203251 0.03613369467028001
18 0.7505716463414633 0.32723577235772355 0.02032520325203251 0.03613369467028007
19 0.8753810975609755 0.8415763324299909 0.018419715447154417 0.030487804878048738
20 0.7924923780487805 0.5462962962962963 0.02286585365853663 0.04065040650406502
21 0.7130970528455284 0.2747289972899729 0.02159552845528457 0.03952122854561879