1 0.48984375 0.02546296296296296 0.03958333333333333 0.04814814814814815
2 0.9114583333333334 0.12731481481481483 0.028645833333333332 0.05092592592592592
3 0.090625 0.8726851851851852 0.027083333333333334 0.05092592592592592
4 0.4901041666666667 0.9722222222222222 0.03854166666666667 0.053703703703703705
5 0.90078125 0.8870370370370371 0.025520833333333333 0.05185185185185185
6 0.3963541666666667 0.09722222222222222 0.0234375 0.041666666666666664
14 0.6377604166666667 0.10833333333333334 0.022916666666666665 0.04259259259259259
17 0.5028645833333333 0.6861111111111111 0.022916666666666665 0.046296296296296294
18 0.759375 0.48148148148148145 0.021354166666666667 0.03888888888888889
20 0.7395833333333334 0.5111111111111111 0.021875 0.040740740740740744
9 0.2669270833333333 0.2708333333333333 0.025 0.041666666666666664
10 0.153125 0.6518518518518519 0.019791666666666666 0.03888888888888889
12 0.3171875 0.7861111111111111 0.0234375 0.041666666666666664