0 0.07779947916666667 0.13657407407407407 0.020182291666666668 0.05092592592592592
1 0.4899088541666667 0.029513888888888888 0.037109375 0.05439814814814815
2 0.9137369791666666 0.12731481481481483 0.024088541666666668 0.046296296296296294
3 0.0908203125 0.8738425925925926 0.025390625 0.05324074074074074
4 0.48935622577519383 0.9769675925925926 0.034702034883720916 0.04421296296296296
5 0.8990885416666666 0.8848379629629629 0.028645833333333332 0.04976851851851852
6 0.83203125 0.8634259259259259 0.018229166666666668 0.037037037037037035
17 0.5026041666666666 0.6863425925925926 0.0234375 0.04398148148148148
14 0.6383463541666666 0.1076388888888889 0.022786458333333332 0.041666666666666664
18 0.7607421875 0.4809027777777778 0.021484375 0.04282407407407408
20 0.73828125 0.5115740740740741 0.0234375 0.041666666666666664
9 0.4567057291666667 0.7800925925925926 0.022786458333333332 0.04398148148148148
10 0.15234375 0.6521990740740741 0.01953125 0.04050925925925926
12 0.3173828125 0.7841435185185185 0.021484375 0.04050925925925926