0 0.08777947154471546 0.1194670280036134 0.031122967479674794 0.04742547425474255
1 0.49904725609756095 0.029132791327913292 0.03175813008130082 0.038392050587172544
2 0.9195248983739838 0.11833785004516714 0.02032520325203251 0.04290876242095754
3 0.0966717479674797 0.8568202348690153 0.02858231707317073 0.04968383017163513
4 0.4955538617886179 0.9618337850045164 0.029852642276422793 0.040650406504064915
5 0.9033282520325204 0.8777100271002709 0.020960365853658538 0.04855465221318874
6 0.7607342479674796 0.8443992773261065 0.02286585365853663 0.03839205058717257
7 0.5739964430894309 0.38425925925925924 0.026676829268292696 0.0440379403794038
8 0.694677337398374 0.828590785907859 0.02286585365853663 0.04516711833785002
9 0.4564913617886179 0.17479674796747968 0.025406504065040695 0.04742547425474252
10 0.7172256097560975 0.8359304426377596 0.019690040650406596 0.041779584462511295
11 0.47014735772357724 0.42716802168021684 0.023501016260162603 0.04177958446251135
13 0.23100863821138212 0.702122854561879 0.02286585365853657 0.03839205058717247
14 0.24815802845528456 0.15164859981933151 0.022865853658536602 0.0440379403794038
15 0.49936483739837395 0.45483288166214986 0.024771341463414604 0.04742547425474252
16 0.12207825203252035 0.14882565492321592 0.02477134146341462 0.04065040650406505
17 0.8194867886178863 0.7337398373983738 0.020960365853658538 0.04065040650406502
18 0.3897992886178862 0.42886178861788615 0.02286585365853657 0.04065040650406502
19 0.29643038617886186 0.15616531165311653 0.024136178861788635 0.041779584462511295
20 0.6711763211382114 0.2566621499548329 0.022865853658536512 0.046296296296296294
21 0.8461636178861788 0.5457317073170731 0.020960365853658538 0.046296296296296294