0 0.07862700803212855 0.13409192324854982 0.02823795180722891 0.04685408299866132
1 0.48776355421686746 0.0375948237394021 0.038278112449799194 0.050200803212851405
2 0.9125878514056225 0.13018741633199468 0.02949297188755023 0.039045069165551095
3 0.09149096385542173 0.8686970102632753 0.027610441767068276 0.050200803212851496
4 0.4899598393574297 0.967425256581883 0.03639558232931724 0.05131637661758151
5 0.9003514056224898 0.8837572512271308 0.027610441767068276 0.05354752342704143
6 0.40712851405622497 0.6026327532351629 0.02259036144578316 0.04016064257028118
10 0.8812123493975903 0.248995983935743 0.01819779116465862 0.035698348951360995
11 0.7641817269076304 0.5401606425702811 0.02133534136546184 0.04016064257028118
12 0.28601907630522094 0.8887773315484159 0.020080321285140576 0.03681392235609104
13 0.8275602409638554 0.30254350736278446 0.022590361445783223 0.03569834895136097
8 0.544866967871486 0.48493975903614456 0.024472891566265056 0.04350736278447121
14 0.10372740963855426 0.7677376171352076 0.01819779116465862 0.03123605533244087
17 0.8168925702811244 0.7242302543507363 0.020080321285140576 0.03569834895136102
19 0.3842243975903615 0.9094154395359214 0.02196285140562247 0.04016064257028107
20 0.7331199799196787 0.5100401606425703 0.02196285140562253 0.037929495760821046
21 0.7017444779116465 0.3650156180276662 0.02196285140562253 0.040160642570281124