0 0.07571138211382115 0.13414634146341464 0.024771341463414635 0.04290876242095754
1 0.48856707317073167 0.03252032520325204 0.03239329268292686 0.049683830171635045
2 0.9128556910569104 0.12398373983739841 0.026041666666666668 0.04742547425474255
3 0.09000254065040653 0.8658536585365852 0.02286585365853657 0.04968383017163513
4 0.4892022357723577 0.9691734417344172 0.031122967479674794 0.03952122854561885
5 0.8995172764227642 0.8856142728093945 0.027311991869918728 0.0508130081300813
6 0.8286966463414633 0.40176151761517614 0.02032520325203251 0.038392050587172516
7 0.7870934959349593 0.16576332429990967 0.019690040650406478 0.03613369467028001
8 0.5187372967479675 0.31255645889792233 0.02286585365853657 0.04290876242095757
9 0.9020579268292683 0.6496160794941283 0.017149390243902354 0.03500451671183374
10 0.655614837398374 0.21657633242999097 0.022230691056910484 0.038392050587172516
11 0.768673780487805 0.5101626016260162 0.019690040650406478 0.04065040650406502
13 0.8115472560975608 0.5333107497741644 0.02159552845528457 0.037262872628726296
14 0.7019817073170731 0.3763550135501355 0.02096036585365842 0.03952122854561879
15 0.5501778455284553 0.3701445347786811 0.023501016260162544 0.04065040650406502
16 0.8957063008130081 0.5688798554652212 0.018419715447154417 0.03613369467028001
17 0.77978912601626 0.5767841011743451 0.020325203252032627 0.03613369467028001
18 0.7518419715447154 0.3278003613369467 0.02159552845528457 0.037262872628726296
19 0.9068216463414633 0.46386630532972 0.017784552845528386 0.03161698283649496
20 0.7918572154471544 0.5440379403794038 0.02032520325203251 0.03613369467028001
21 0.7292936991869917 0.3904697380307136 0.0222306910569106 0.03839205058717257