0 0.07747395833333333 0.13773148148148148 0.026041666666666668 0.04861111111111111
1 0.4892578125 0.030671296296296297 0.037109375 0.059027777777777776
2 0.9114583333333334 0.1255787037037037 0.024739583333333332 0.05439814814814815
3 0.0908203125 0.8709490740740741 0.022786458333333332 0.052083333333333336
4 0.48856026785714285 0.9752314814814815 0.03831845238095237 0.047685185185185185
5 0.8990885416666666 0.8859953703703703 0.026041666666666668 0.05439814814814815
6 0.3968098958333333 0.09837962962962964 0.022786458333333332 0.03935185185185185
14 0.63671875 0.1076388888888889 0.022135416666666668 0.041666666666666664
17 0.5022786458333334 0.6869212962962963 0.025390625 0.04282407407407408
18 0.7591145833333334 0.4826388888888889 0.0234375 0.046296296296296294
20 0.7392578125 0.5104166666666666 0.022786458333333332 0.03935185185185185
9 0.2662760416666667 0.24479166666666666 0.0234375 0.04282407407407408
10 0.15201822916666666 0.6533564814814815 0.021484375 0.03819444444444445
12 0.3180338541666667 0.7847222222222222 0.022786458333333332 0.041666666666666664