0 0.07708333333333334 0.13518518518518519 0.021354166666666667 0.053703703703703705
1 0.4890625 0.02824074074074074 0.035416666666666666 0.05648148148148148
2 0.91171875 0.12222222222222222 0.023958333333333335 0.05
3 0.09088541666666666 0.8699074074074075 0.023958333333333335 0.05185185185185185
4 0.4908854166666667 0.9722222222222222 0.0390625 0.053703703703703705
5 0.8989583333333333 0.8851851851851852 0.025 0.053703703703703705
6 0.2760416666666667 0.45 0.0234375 0.041666666666666664
14 0.6145833333333334 0.16712962962962963 0.025 0.04537037037037037
17 0.5026041666666666 0.6851851851851852 0.025 0.046296296296296294
18 0.7604166666666666 0.48148148148148145 0.021875 0.03888888888888889
20 0.7393229166666667 0.5115740740740741 0.023958333333333335 0.044444444444444446
9 0.26614583333333336 0.2712962962962963 0.025 0.04259259259259259
10 0.15260416666666668 0.6523148148148148 0.01875 0.03611111111111111
12 0.10807291666666667 0.7736111111111111 0.016666666666666666 0.03611111111111111