0 0.07942708333333333 0.1361111111111111 0.025 0.05
1 0.48854166666666665 0.024074074074074074 0.03854166666666667 0.04814814814814815
2 0.9143229166666667 0.12407407407407407 0.025520833333333333 0.05555555555555555
3 0.09114583333333333 0.8726851851851852 0.020833333333333332 0.053703703703703705
4 0.48932291666666666 0.975925925925926 0.03333333333333333 0.046296296296296294
5 0.8981770833333333 0.8865740740740741 0.025520833333333333 0.05555555555555555
6 0.8932291666666666 0.24027777777777778 0.016666666666666666 0.03796296296296296
7 0.9036458333333334 0.5962962962962963 0.019791666666666666 0.037037037037037035
14 0.6755208333333333 0.1259259259259259 0.022916666666666665 0.03888888888888889
17 0.83125 0.18564814814814815 0.021875 0.040740740740740744
18 0.7588541666666667 0.48148148148148145 0.023958333333333335 0.044444444444444446
19 0.8997395833333334 0.34444444444444444 0.018229166666666668 0.03611111111111111
20 0.7385416666666667 0.5111111111111111 0.023958333333333335 0.04259259259259259
8 0.77578125 0.5453703703703704 0.021354166666666667 0.041666666666666664
9 0.590625 0.9064814814814814 0.025 0.037037037037037035
10 0.18489583333333334 0.5949074074074074 0.020833333333333332 0.03888888888888889
12 0.3171875 0.7847222222222222 0.021875 0.041666666666666664
13 0.7916666666666666 0.287962962962963 0.021875 0.041666666666666664