0 0.07988202811244985 0.13520749665327983 0.02823795180722891 0.05577867023650156
1 0.4896460843373494 0.03536367692994204 0.03451305220883535 0.041276215975011146
2 0.9138428714859437 0.12572512271307457 0.028237951807228847 0.04350736278447121
3 0.0896084337349398 0.8714859437751004 0.027610441767068276 0.049085229808121376
4 0.4896460843373494 0.9685408299866132 0.035768072289156606 0.04685408299866135
5 0.9009789156626505 0.8804105310129405 0.026355421686746892 0.05131637661758151
6 0.7318649598393575 0.28078982597054886 0.020707831325301265 0.03904506916555111
8 0.6458960843373495 0.5613565372601518 0.023217871485943793 0.04016064257028107
9 0.613265562248996 0.6946675591253905 0.023217871485943675 0.04350736278447121
10 0.4733308232931727 0.4341811691209282 0.023217871485943793 0.0423917893797412
11 0.7651229919678715 0.5373717090584561 0.020707831325301147 0.04350736278447121
12 0.2857053212851406 0.8859883980365908 0.02196285140562247 0.037929495760821046
13 0.8269327309236947 0.30142793395805445 0.020080321285140576 0.037929495760821046
14 0.11408132530120486 0.6478134761267292 0.01882530120481927 0.032351628737170984
15 0.840737951807229 0.8480589022757697 0.018825301204819192 0.03123605533244087
17 0.8172063253012049 0.7236724676483713 0.020707831325301265 0.03904506916555106
19 0.3826556224899599 0.9066265060240964 0.02259036144578316 0.03681392235609104
20 0.7328062248995983 0.5100401606425702 0.01882530120481931 0.04016064257028118
21 0.7023719879518072 0.36445783132530124 0.02196285140562253 0.03904506916555111