0 0.07786458333333333 0.13240740740740742 0.023958333333333335 0.05185185185185185
1 0.48984375 0.025 0.03854166666666667 0.05
2 0.9114583333333334 0.12453703703703704 0.026041666666666668 0.05648148148148148
3 0.09114583333333333 0.8731481481481481 0.027083333333333334 0.05
4 0.48984375 0.975 0.03958333333333333 0.04814814814814815
5 0.8989583333333333 0.8814814814814815 0.027083333333333334 0.05
6 0.6421875 0.8851851851851852 0.021354166666666667 0.03888888888888889
7 0.90390625 0.5949074074074074 0.016145833333333335 0.03888888888888889
14 0.6375 0.10740740740740741 0.021875 0.041666666666666664
17 0.8322916666666667 0.18564814814814815 0.0203125 0.03796296296296296
18 0.759375 0.48194444444444445 0.021354166666666667 0.04259259259259259
19 0.8984375 0.34305555555555556 0.019791666666666666 0.03611111111111111
20 0.7390625 0.5101851851851852 0.020833333333333332 0.03888888888888889
9 0.5760416666666667 0.7430555555555556 0.0234375 0.041666666666666664
10 0.18489583333333334 0.5949074074074074 0.021875 0.037037037037037035
12 0.3177083333333333 0.7865740740740741 0.020833333333333332 0.040740740740740744