0 0.07845052083333333 0.13541666666666666 0.021484375 0.046296296296296294
1 0.4892578125 0.02662037037037037 0.035807291666666664 0.05092592592592592
2 0.9127604166666666 0.1244212962962963 0.0234375 0.04513888888888889
3 0.08951822916666667 0.8715277777777778 0.022786458333333332 0.05092592592592592
4 0.48996033187984495 0.9758101851851851 0.035910247093023234 0.04652777777777778
5 0.8997395833333334 0.8825231481481481 0.0234375 0.052083333333333336
6 0.7981770833333334 0.4994212962962963 0.020833333333333332 0.03819444444444445
7 0.9036458333333334 0.5960648148148148 0.016927083333333332 0.03935185185185185
14 0.6370442708333334 0.109375 0.024088541666666668 0.04050925925925926
17 0.8323567708333334 0.1840277777777778 0.018880208333333332 0.03935185185185185
18 0.759765625 0.4820601851851852 0.020833333333333332 0.04050925925925926
19 0.9052734375 0.16435185185185186 0.017578125 0.037037037037037035
20 0.7389322916666666 0.5115740740740741 0.0234375 0.041666666666666664
9 0.4947916666666667 0.7077546296296297 0.022135416666666668 0.04282407407407408
10 0.15299479166666666 0.6516203703703703 0.020833333333333332 0.037037037037037035
12 0.3173828125 0.7858796296296297 0.024088541666666668 0.03935185185185185