0 0.075 0.13472222222222222 0.027083333333333334 0.04814814814814815
1 0.48854166666666665 0.02962962962962963 0.034895833333333334 0.05277777777777778
2 0.9135416666666667 0.12546296296296297 0.03125 0.046296296296296294
3 0.08854166666666667 0.8675925925925926 0.022395833333333334 0.04814814814814815
4 0.48828125 0.9703703703703703 0.035416666666666666 0.05555555555555555
5 0.8989583333333333 0.8824074074074074 0.026041666666666668 0.04814814814814815
6 0.7692708333333333 0.13935185185185187 0.020833333333333332 0.03518518518518519
8 0.10807291666666667 0.5180555555555556 0.018229166666666668 0.02962962962962963
9 0.903125 0.649537037037037 0.017708333333333333 0.03518518518518519
10 0.5791666666666667 0.1787037037037037 0.023958333333333335 0.041666666666666664
11 0.22395833333333334 0.24351851851851852 0.022916666666666665 0.040740740740740744
13 0.8072916666666666 0.5300925925925926 0.020833333333333332 0.03981481481481482
14 0.5841145833333333 0.6731481481481482 0.022916666666666665 0.03981481481481482
16 0.8966145833333333 0.5694444444444444 0.019270833333333334 0.037037037037037035
17 0.7869791666666667 0.5907407407407408 0.022395833333333334 0.03981481481481482
18 0.7515625 0.33796296296296297 0.020833333333333332 0.03981481481481482
20 0.7908854166666667 0.5421296296296296 0.018229166666666668 0.037037037037037035
21 0.5908854166666667 0.43287037037037035 0.026041666666666668 0.044444444444444446