0 0.07634654471544718 0.1330171635049684 0.024771341463414635 0.04290876242095754
1 0.4882494918699187 0.03195573622402892 0.03556910569105689 0.0508130081300813
2 0.9134908536585366 0.1262420957542909 0.026041666666666668 0.04742547425474255
3 0.0928607723577236 0.8681120144534779 0.026041666666666668 0.047425474254742465
5 0.8985645325203251 0.8844850948509483 0.026676829268292696 0.0508130081300813
6 0.77978912601626 0.5383920505871724 0.022865853658536512 0.04065040650406512
8 0.10746951219512196 0.5191960252935862 0.01969004065040651 0.03387533875338746
9 0.8896722560975608 0.24649954832881665 0.019054878048780446 0.03500451671183379
10 0.578760162601626 0.17705510388437218 0.024771341463414604 0.04290876242095752
11 0.22560975609756098 0.243676603432701 0.020960365853658538 0.03613369467028001
13 0.8083714430894309 0.5259710930442637 0.02032520325203251 0.03839205058717257
14 0.3186610772357723 0.7794715447154471 0.02286585365853657 0.03952122854561874
16 0.8833206300813008 0.2024616079494128 0.017784552845528503 0.03274616079494126
17 0.5701854674796747 0.662037037037037 0.025406504065040636 0.03952122854561885
18 0.16844512195121952 0.26004968383017163 0.018419715447154476 0.03274616079494129
20 0.7289761178861788 0.4028906955736224 0.02286585365853663 0.04065040650406502
21 0.5920985772357723 0.43112014453477865 0.026041666666666668 0.04516711833785002