1 0.7614583333333333 0.48009259259259257 0.025520833333333333 0.06018518518518518
4 0.23489583333333333 0.4828703703703704 0.025520833333333333 0.06111111111111111
6 0.6354166666666666 0.9166666666666666 0.0203125 0.037037037037037035
8 0.46510416666666665 0.7587962962962963 0.020833333333333332 0.04259259259259259
9 0.3921875 0.700925925925926 0.0203125 0.03796296296296296
10 0.6169270833333333 0.725925925925926 0.021875 0.041666666666666664
11 0.4786458333333333 0.9694444444444444 0.021354166666666667 0.03796296296296296
12 0.28229166666666666 0.11898148148148148 0.01875 0.037037037037037035
19 0.27057291666666666 0.29212962962962963 0.019270833333333334 0.037037037037037035
20 0.4942708333333333 0.9143518518518519 0.021354166666666667 0.037037037037037035
21 0.5765625 0.8597222222222223 0.021354166666666667 0.03888888888888889