0 0.07779947916666667 0.1371527777777778 0.022786458333333332 0.03819444444444445
1 0.4889322916666667 0.03009259259259259 0.024739583333333332 0.05555555555555555
2 0.9088541666666666 0.1267361111111111 0.024739583333333332 0.03819444444444445
3 0.09114583333333333 0.8686342592592593 0.022135416666666668 0.04050925925925926
4 0.48828125 0.9693287037037037 0.026041666666666668 0.056712962962962965
5 0.8961588541666666 0.8778935185185185 0.022786458333333332 0.04282407407407408
15 0.7252604166666666 0.5572916666666666 0.01953125 0.03587962962962963
20 0.7333984375 0.5098379629629629 0.018880208333333332 0.03356481481481482
8 0.8919270833333334 0.5908564814814815 0.015625 0.03356481481481482
17 0.9033203125 0.28587962962962965 0.013671875 0.03009259259259259
14 0.7174479166666666 0.22395833333333334 0.022135416666666668 0.03587962962962963
10 0.24967447916666666 0.31712962962962965 0.018880208333333332 0.032407407407407406
7 0.4235026041666667 0.11284722222222222 0.020182291666666668 0.03587962962962963
16 0.3831380208333333 0.7719907407407407 0.020182291666666668 0.037037037037037035
18 0.3108723958333333 0.7135416666666666 0.020182291666666668 0.03587962962962963
12 0.8069661458333334 0.5584490740740741 0.017578125 0.03587962962962963
11 0.5813802083333334 0.34085648148148145 0.022135416666666668 0.03587962962962963
6 0.1064453125 0.6221064814814815 0.016276041666666668 0.03356481481481482
13 0.3095703125 0.5543981481481481 0.020182291666666668 0.034722222222222224