0 0.07507621951219515 0.1330171635049684 0.026041666666666668 0.05194218608852755
1 0.48856707317073167 0.033084914182475174 0.03239329268292686 0.0530713640469738
2 0.9131732723577234 0.12567750677506775 0.026676829268292696 0.0485546522131888
3 0.09000254065040653 0.8675474254742546 0.02286585365853657 0.04855465221318874
4 0.48983739837398377 0.9697380307136402 0.032393292682926796 0.047425474254742576
5 0.8979293699186992 0.8850496838301716 0.025406504065040636 0.047425474254742465
21 0.5927337398373983 0.432813911472448 0.024771341463414604 0.04177958446251124
20 0.7289761178861788 0.40232610659439927 0.02286585365853663 0.03952122854561874
18 0.16971544715447157 0.26004968383017163 0.018419715447154476 0.03274616079494129
17 0.5705030487804879 0.66260162601626 0.023501016260162662 0.04065040650406512
16 0.8836382113821137 0.1979448961156278 0.018419715447154535 0.03726287262872627
14 0.3856707317073171 0.7574525745257452 0.024771341463414604 0.04065040650406502
13 0.8080538617886179 0.5254065040650406 0.020960365853658538 0.037262872628726296
11 0.224974593495935 0.24367660343270095 0.02096036585365851 0.038392050587172516
10 0.578760162601626 0.17818428184281843 0.024771341463414604 0.04065040650406502
9 0.890307418699187 0.2459349593495935 0.019054878048780446 0.038392050587172516
8 0.10905741869918702 0.5214543812104787 0.020325203252032523 0.03613369467028001
6 0.77978912601626 0.5395212285456187 0.021595528455284452 0.04290876242095757