1 0.23541666666666666 0.5199074074074074 0.03125 0.058333333333333334
4 0.7661458333333333 0.5199074074074074 0.025520833333333333 0.058333333333333334
6 0.6846354166666667 0.06620370370370371 0.019791666666666666 0.037037037037037035
8 0.52734375 0.42962962962962964 0.023958333333333335 0.03796296296296296
10 0.34088541666666666 0.22175925925925927 0.025 0.03425925925925926
11 0.35625 0.9856481481481482 0.020833333333333332 0.028703703703703703
14 0.40859375 0.2601851851851852 0.023958333333333335 0.03796296296296296
15 0.42630208333333336 0.41203703703703703 0.022916666666666665 0.041666666666666664
17 0.55078125 0.004166666666666667 0.0203125 0.008333333333333333
18 0.40286458333333336 0.05462962962962963 0.0203125 0.03611111111111111
21 0.3731770833333333 0.12129629629629629 0.022395833333333334 0.03796296296296296