0 0.07864583333333333 0.13240740740740742 0.020833333333333332 0.04537037037037037
1 0.48932291666666666 0.02962962962962963 0.04114583333333333 0.05925925925925926
2 0.9127604166666666 0.1287037037037037 0.0234375 0.041666666666666664
3 0.09114583333333333 0.8694444444444445 0.019791666666666666 0.046296296296296294
4 0.4895833333333333 0.9736111111111111 0.040625 0.05092592592592592
5 0.8979166666666667 0.8805555555555555 0.0234375 0.053703703703703705
6 0.7921875 0.6615740740740741 0.020833333333333332 0.040740740740740744
7 0.9033854166666667 0.5930555555555556 0.0125 0.026851851851851852
14 0.7953125 0.27870370370370373 0.021354166666666667 0.037037037037037035
16 0.7067708333333333 0.7337962962962963 0.021354166666666667 0.041666666666666664
17 0.9052083333333333 0.22870370370370371 0.0203125 0.03796296296296296
18 0.7588541666666667 0.4824074074074074 0.0203125 0.044444444444444446
19 0.8989583333333333 0.3449074074074074 0.016666666666666666 0.03518518518518519
20 0.7393229166666667 0.5111111111111111 0.021354166666666667 0.040740740740740744
21 0.8135416666666667 0.5458333333333333 0.0203125 0.03796296296296296
8 0.775 0.5453703703703704 0.021354166666666667 0.03888888888888889
9 0.5908854166666667 0.9064814814814814 0.023958333333333335 0.037037037037037035
10 0.18489583333333334 0.5944444444444444 0.020833333333333332 0.040740740740740744
11 0.8484375 0.24537037037037038 0.019791666666666666 0.03888888888888889
12 0.31744791666666666 0.7828703703703703 0.022916666666666665 0.040740740740740744
13 0.7942708333333334 0.4824074074074074 0.025 0.044444444444444446