0 0.07447916666666667 0.1287037037037037 0.027604166666666666 0.06018518518518518
1 0.4861979166666667 0.02962962962962963 0.03333333333333333 0.05925925925925926
2 0.91328125 0.12453703703703704 0.028125 0.06018518518518518
3 0.09088541666666666 0.8712962962962963 0.033854166666666664 0.06944444444444445
4 0.48932291666666666 0.9708333333333333 0.03802083333333333 0.05648148148148148
5 0.8994791666666667 0.8828703703703704 0.027083333333333334 0.058333333333333334
6 0.7880208333333333 0.8699074074074075 0.022395833333333334 0.041666666666666664
7 0.6268229166666667 0.337037037037037 0.027604166666666666 0.04722222222222222
9 0.6807291666666667 0.5180555555555556 0.025 0.044444444444444446
10 0.58984375 0.6518518518518519 0.023958333333333335 0.04259259259259259
13 0.42291666666666666 0.8768518518518519 0.0265625 0.04259259259259259
15 0.7645833333333333 0.125 0.0234375 0.04259259259259259
18 0.86015625 0.837037037037037 0.021354166666666667 0.04259259259259259
19 0.6197916666666666 0.8763888888888889 0.025 0.04351851851851852
20 0.44427083333333334 0.43842592592592594 0.023958333333333335 0.044444444444444446
21 0.6046875 0.5949074074074074 0.025 0.04259259259259259