0 0.0765625 0.1287037037037037 0.0328125 0.06018518518518518
1 0.4895833333333333 0.03194444444444444 0.03854166666666667 0.06388888888888888
2 0.9119791666666667 0.12268518518518519 0.030729166666666665 0.06296296296296296
3 0.08802083333333334 0.874537037037037 0.03177083333333333 0.05740740740740741
4 0.4890625 0.9666666666666667 0.03697916666666667 0.06388888888888888
5 0.89765625 0.8837962962962963 0.0296875 0.058333333333333334
6 0.34036458333333336 0.24074074074074073 0.027083333333333334 0.04537037037037037
7 0.6861979166666666 0.4828703703703704 0.022395833333333334 0.040740740740740744
8 0.5546875 0.2791666666666667 0.027604166666666666 0.04722222222222222
9 0.7283854166666667 0.48333333333333334 0.025 0.044444444444444446
11 0.7666666666666667 0.17824074074074073 0.022395833333333334 0.04351851851851852
10 0.6809895833333334 0.5388888888888889 0.020833333333333332 0.03981481481481482
13 0.7536458333333333 0.4666666666666667 0.022916666666666665 0.037037037037037035
14 0.7307291666666667 0.5310185185185186 0.020833333333333332 0.03981481481481482
15 0.76484375 0.12407407407407407 0.025 0.04259259259259259
16 0.8497395833333333 0.8629629629629629 0.020833333333333332 0.041666666666666664
17 0.559375 0.7087962962962963 0.024479166666666666 0.04537037037037037
18 0.79296875 0.7513888888888889 0.023958333333333335 0.041666666666666664
19 0.38125 0.5921296296296297 0.024479166666666666 0.041666666666666664
20 0.7111979166666667 0.5152777777777777 0.0234375 0.041666666666666664
21 0.7265625 0.5893518518518519 0.021354166666666667 0.04259259259259259