1 0.23515625 0.5018518518518519 0.021354166666666667 0.05648148148148148
4 0.7598958333333333 0.5078703703703704 0.022916666666666665 0.05277777777777778
6 0.69375 0.03657407407407407 0.021354166666666667 0.040740740740740744
7 0.4348958333333333 0.3685185185185185 0.025 0.04722222222222222
8 0.6848958333333334 0.1537037037037037 0.025520833333333333 0.040740740740740744
9 0.3171875 0.5773148148148148 0.0265625 0.04537037037037037
10 0.6890625 0.11388888888888889 0.0234375 0.03518518518518519
11 0.4591145833333333 0.5532407407407407 0.0234375 0.041666666666666664
13 0.6138020833333333 0.9782407407407407 0.021354166666666667 0.040740740740740744
14 0.30416666666666664 0.9476851851851852 0.025 0.040740740740740744
15 0.4744791666666667 0.5009259259259259 0.0265625 0.044444444444444446
18 0.45989583333333334 0.6958333333333333 0.022916666666666665 0.040740740740740744
19 0.3065104166666667 0.862037037037037 0.0234375 0.04259259259259259
20 0.36302083333333335 0.19583333333333333 0.026041666666666668 0.040740740740740744