0 0.08619791666666667 0.12129629629629629 0.028125 0.05092592592592592
1 0.49947916666666664 0.03287037037037037 0.034895833333333334 0.046296296296296294
2 0.9197916666666667 0.11990740740740741 0.025 0.04814814814814815
3 0.09869791666666666 0.8532407407407407 0.026041666666666668 0.03796296296296296
4 0.4947916666666667 0.9638888888888889 0.03125 0.05
5 0.90390625 0.8782407407407408 0.0296875 0.05648148148148148
6 0.10807291666666667 0.31712962962962965 0.020833333333333332 0.040740740740740744
7 0.57421875 0.3837962962962963 0.026041666666666668 0.04537037037037037
8 0.6950520833333333 0.8263888888888888 0.026041666666666668 0.04259259259259259
9 0.4552083333333333 0.1712962962962963 0.025520833333333333 0.040740740740740744
10 0.7169270833333333 0.8361111111111111 0.021354166666666667 0.041666666666666664
11 0.46953125 0.4273148148148148 0.025 0.04814814814814815
14 0.24921875 0.15092592592592594 0.025 0.040740740740740744
15 0.49973958333333335 0.45416666666666666 0.028125 0.046296296296296294
16 0.6302083333333334 0.7699074074074074 0.0234375 0.04537037037037037
17 0.8184895833333333 0.7314814814814815 0.021354166666666667 0.03796296296296296
18 0.39010416666666664 0.43148148148148147 0.026041666666666668 0.03981481481481482
19 0.29713541666666665 0.15462962962962962 0.028125 0.04259259259259259
20 0.6716145833333333 0.25925925925925924 0.0234375 0.04537037037037037