0 0.075 0.1300925925925926 0.022395833333333334 0.041666666666666664
1 0.48932291666666666 0.03194444444444444 0.034895833333333334 0.05555555555555555
2 0.9138020833333333 0.125 0.028125 0.04722222222222222
3 0.09036458333333333 0.8675925925925926 0.027083333333333334 0.04814814814814815
4 0.48880208333333336 0.9712962962962963 0.0328125 0.044444444444444446
5 0.89921875 0.8861111111111111 0.028125 0.05185185185185185
21 0.7286458333333333 0.38981481481481484 0.0234375 0.03981481481481482
20 0.7908854166666667 0.5444444444444444 0.019791666666666666 0.032407407407407406
19 0.9065104166666667 0.4648148148148148 0.015625 0.02962962962962963
18 0.8130208333333333 0.43333333333333335 0.020833333333333332 0.03611111111111111
17 0.7791666666666667 0.5777777777777777 0.0203125 0.03611111111111111
16 0.8911458333333333 0.6208333333333333 0.015625 0.03611111111111111
15 0.5505208333333333 0.37083333333333335 0.022916666666666665 0.041666666666666664
14 0.7020833333333333 0.37453703703703706 0.0234375 0.03796296296296296
13 0.8119791666666667 0.5361111111111111 0.019791666666666666 0.03611111111111111
12 0.09166666666666666 0.1527777777777778 0.018229166666666668 0.030555555555555555
11 0.7682291666666666 0.5106481481481482 0.021354166666666667 0.03981481481481482
10 0.6557291666666667 0.21712962962962962 0.022395833333333334 0.041666666666666664
9 0.90234375 0.65 0.017708333333333333 0.03611111111111111
7 0.7869791666666667 0.1648148148148148 0.020833333333333332 0.040740740740740744
6 0.26796875 0.28055555555555556 0.021354166666666667 0.03981481481481482