0 0.078125 0.13518518518518519 0.020833333333333332 0.041666666666666664
1 0.48932291666666666 0.025 0.03854166666666667 0.05
2 0.9119791666666667 0.12777777777777777 0.021875 0.04537037037037037
3 0.09088541666666666 0.8726851851851852 0.025520833333333333 0.046296296296296294
4 0.48932291666666666 0.9736111111111111 0.03854166666666667 0.05092592592592592
5 0.8984375 0.8861111111111111 0.0234375 0.04537037037037037
6 0.546875 0.4125 0.025 0.04259259259259259
7 0.8971354166666666 0.5953703703703703 0.016666666666666666 0.03333333333333333
14 0.79453125 0.28055555555555556 0.0203125 0.040740740740740744
15 0.80703125 0.7398148148148148 0.0203125 0.037037037037037035
16 0.7119791666666667 0.7666666666666667 0.021354166666666667 0.03796296296296296
17 0.9049479166666666 0.22777777777777777 0.015625 0.037037037037037035
18 0.759375 0.48055555555555557 0.01875 0.037037037037037035
19 0.8997395833333334 0.34444444444444444 0.015625 0.03148148148148148
20 0.7390625 0.5097222222222222 0.019791666666666666 0.040740740740740744
21 0.8138020833333334 0.5439814814814815 0.019791666666666666 0.03888888888888889
8 0.775 0.5444444444444444 0.022916666666666665 0.03796296296296296
9 0.5908854166666667 0.9166666666666666 0.0203125 0.037037037037037035
10 0.19036458333333334 0.6185185185185185 0.022916666666666665 0.03796296296296296
11 0.8510416666666667 0.25092592592592594 0.019791666666666666 0.03888888888888889
12 0.24947916666666667 0.8314814814814815 0.020833333333333332 0.03611111111111111
13 0.7940104166666667 0.4861111111111111 0.0203125 0.037037037037037035