0 0.07602896341463415 0.13132339656729902 0.02540650406504065 0.0508130081300813
1 0.4895198170731707 0.03139114724480579 0.03556910569105689 0.045167118337850046
2 0.9112677845528455 0.12341915085817526 0.027947154471544642 0.0508130081300813
3 0.09032012195121952 0.8686766034327008 0.020960365853658524 0.044037940379403846
4 0.48856707317073167 0.9736901535682023 0.02858231707317073 0.04177958446251119
5 0.8985645325203251 0.882226738934056 0.024136178861788576 0.046296296296296405
7 0.6410060975609755 0.846657633242999 0.020960365853658538 0.03839205058717257
8 0.9017403455284553 0.17536133694670278 0.02032520325203251 0.03726287262872627
9 0.4298145325203252 0.6976061427280938 0.02286585365853657 0.04065040650406502
11 0.4031377032520325 0.7907633242999096 0.02286585365853657 0.037262872628726296
12 0.1595528455284553 0.5468608852755193 0.02223069105691057 0.03952122854561885
13 0.8814151422764227 0.5897696476964769 0.017784552845528386 0.03952122854561885
14 0.8595020325203251 0.2803748870822041 0.020960365853658538 0.03952122854561879
15 0.8398119918699187 0.5400858175248419 0.019690040650406478 0.03952122854561874
16 0.7978912601626017 0.6795392953929538 0.0222306910569106 0.03839205058717247
17 0.4279090447154471 0.8308491418247516 0.025406504065040695 0.04065040650406502
18 0.892212906504065 0.5112917795844624 0.019054878048780446 0.04065040650406502
19 0.8001143292682927 0.5875112917795845 0.02032520325203251 0.03952122854561874
20 0.6733993902439025 0.5621047877145438 0.0222306910569106 0.04065040650406502