1 0.23671875 0.5194444444444445 0.024479166666666666 0.06759259259259259
4 0.765625 0.5185185185185185 0.024479166666666666 0.06111111111111111
6 0.3390625 0.07314814814814814 0.020833333333333332 0.037037037037037035
8 0.5348958333333333 0.24074074074074073 0.021875 0.041666666666666664
9 0.60859375 0.29768518518518516 0.022395833333333334 0.03888888888888889
10 0.3489583333333333 0.15462962962962962 0.021875 0.041666666666666664
11 0.5213541666666667 0.031018518518518518 0.021354166666666667 0.037037037037037035
12 0.7177083333333333 0.8796296296296297 0.0203125 0.037037037037037035
19 0.7291666666666666 0.7074074074074074 0.022395833333333334 0.03981481481481482
20 0.5057291666666667 0.08611111111111111 0.021354166666666667 0.03611111111111111
21 0.4244791666666667 0.14074074074074075 0.020833333333333332 0.03796296296296296