0 0.07747395833333333 0.13425925925925927 0.022135416666666668 0.04861111111111111
1 0.4892578125 0.027777777777777776 0.035807291666666664 0.05324074074074074
2 0.9140625 0.1244212962962963 0.024739583333333332 0.04976851851851852
3 0.09212239583333333 0.8761574074074074 0.022786458333333332 0.05092592592592592
4 0.49070757113821134 0.9763888888888889 0.03610264227642273 0.04537037037037037
5 0.8990885416666666 0.8842592592592593 0.02734375 0.05092592592592592
6 0.8909505208333334 0.29282407407407407 0.017578125 0.037037037037037035
7 0.9039713541666666 0.5954861111111112 0.018880208333333332 0.03819444444444445
14 0.6363932291666666 0.109375 0.022786458333333332 0.04050925925925926
17 0.8317057291666666 0.1863425925925926 0.018880208333333332 0.03935185185185185
18 0.759765625 0.4820601851851852 0.020833333333333332 0.04050925925925926
19 0.8987630208333334 0.3431712962962963 0.017578125 0.03587962962962963
20 0.7392578125 0.5115740740740741 0.022786458333333332 0.037037037037037035
8 0.7760416666666666 0.5445601851851852 0.022135416666666668 0.04050925925925926
9 0.5908203125 0.9068287037037037 0.021484375 0.04050925925925926
10 0.18489583333333334 0.5954861111111112 0.022135416666666668 0.03819444444444445
12 0.3170572916666667 0.7853009259259259 0.0234375 0.04050925925925926
13 0.7913411458333334 0.28877314814814814 0.021484375 0.04050925925925926