0 0.07666412601626019 0.13188798554652212 0.02540650406504065 0.038392050587172544
1 0.4888846544715447 0.03195573622402892 0.03556910569105689 0.0508130081300813
2 0.9131732723577234 0.12341915085817526 0.026676829268292696 0.046296296296296294
3 0.09000254065040653 0.8664182475158083 0.02667682926829267 0.0508130081300813
4 0.4892022357723577 0.9725609756097557 0.032393292682926796 0.050813008130081196
5 0.8991996951219512 0.8844850948509483 0.02794715447154476 0.0508130081300813
6 0.8277439024390243 0.43902439024390244 0.019690040650406478 0.04065040650406502
7 0.7874110772357723 0.1663279132791328 0.02032520325203251 0.039521228545618764
8 0.27928099593495936 0.46556007226738927 0.02159552845528457 0.03726287262872624
9 0.9020579268292683 0.6507452574525745 0.018419715447154417 0.03500451671183384
10 0.6559324186991871 0.2171409214092141 0.022865853658536512 0.041779584462511295
11 0.7683561991869918 0.509598012646793 0.02159552845528457 0.037262872628726296
13 0.8112296747967479 0.5344399277326106 0.022230691056910484 0.037262872628726296
14 0.7019817073170731 0.37466124661246614 0.022230691056910484 0.04065040650406502
15 0.5508130081300813 0.36901535682023484 0.022230691056910484 0.04290876242095752
16 0.8957063008130081 0.5660569105691056 0.018419715447154417 0.037262872628726296
17 0.7794715447154471 0.5773486901535682 0.022230691056910484 0.037262872628726296
18 0.8007494918699187 0.41474706413730805 0.019054878048780567 0.037262872628726296
19 0.9068216463414633 0.464430894308943 0.0152439024390245 0.03274616079494113
20 0.7912220528455284 0.5434733514001806 0.019054878048780446 0.037262872628726296
21 0.7299288617886179 0.38990514905149054 0.0222306910569106 0.03952122854561879