0 0.07831325301204824 0.13297634984381976 0.02510040160642569 0.05354752342704149
1 0.48870481927710846 0.03424810352521201 0.03514056224899598 0.04796965640339134
2 0.9125878514056225 0.12572512271307457 0.026982931726907702 0.045738509593931276
3 0.08992218875502012 0.8698125836680053 0.02698293172690763 0.05020080321285139
4 0.48901857429718876 0.9679830432842481 0.03451305220883535 0.047969656403391264
5 0.899410140562249 0.8815261044176707 0.026982931726907584 0.05131637661758151
6 0.6418172690763053 0.105644801427934 0.018825301204819192 0.039045069165551095
8 0.5445532128514057 0.4854975457385096 0.025100401606425748 0.04239178937974115
10 0.8815261044176705 0.24788041053101298 0.017570281124498047 0.03569834895136102
11 0.7644954819277108 0.5390450691655512 0.020707831325301147 0.03569834895136092
12 0.28633283132530124 0.8882195448460508 0.020707831325301206 0.033467202141900895
13 0.8269327309236947 0.30087014725568945 0.018825301204819192 0.03681392235609104
14 0.11408132530120486 0.6478134761267292 0.01757028112449799 0.03458277554663101
17 0.8168925702811245 0.7253458277554663 0.02133534136546184 0.03569834895136092
19 0.3829693775100402 0.9071842927264614 0.024472891566265056 0.037929495760821046
20 0.7331199799196786 0.5105979473449352 0.020707831325301265 0.03681392235609104
21 0.7020582329317269 0.36445783132530124 0.02133534136546184 0.03681392235609098