0 0.07507621951219515 0.13019421860885277 0.023501016260162603 0.0440379403794038
1 0.4879319105691057 0.03139114724480579 0.03366361788617886 0.05420054200542005
2 0.9134908536585366 0.12285456187895212 0.027311991869918728 0.04742547425474255
3 0.09063770325203253 0.8675474254742546 0.024136178861788603 0.0508130081300813
4 0.4892022357723577 0.9680442637759711 0.03239329268292686 0.04403794037940395
5 0.8991996951219512 0.8844850948509483 0.02794715447154476 0.04629629629629619
6 0.8293318089430894 0.4028906955736224 0.02159552845528457 0.038392050587172516
7 0.7870934959349593 0.1663279132791328 0.019690040650406478 0.035004516711833765
8 0.5390625 0.5513775971093045 0.02286585365853663 0.041779584462511295
9 0.9020579268292683 0.6484869015356819 0.017149390243902354 0.037262872628726296
10 0.655614837398374 0.21770551038843722 0.024771341463414604 0.04065040650406502
11 0.7680386178861788 0.5101626016260162 0.023501016260162544 0.04065040650406502
13 0.8112296747967479 0.5355691056910569 0.022230691056910484 0.037262872628726296
14 0.7019817073170731 0.37522583559168926 0.022230691056910484 0.03952122854561879
15 0.5504954268292683 0.3701445347786811 0.025406504065040636 0.04065040650406502
16 0.8947535569105691 0.5688798554652212 0.017784552845528503 0.033875338753387566
17 0.7791539634146342 0.5767841011743451 0.02032520325203251 0.03839205058717257
18 0.7515243902439025 0.3294941282746161 0.023501016260162662 0.04065040650406507
19 0.9074568089430893 0.464430894308943 0.016514227642276443 0.03274616079494113
20 0.7915396341463413 0.5457317073170731 0.020960365853658538 0.037262872628726296
21 0.7302464430894309 0.3904697380307136 0.02286585365853663 0.04065040650406502