0 0.07864583333333333 0.13287037037037036 0.027083333333333334 0.04722222222222222
1 0.48828125 0.03425925925925926 0.03802083333333333 0.04814814814814815
2 0.9122395833333333 0.12453703703703704 0.027604166666666666 0.04537037037037037
3 0.08958333333333333 0.8712962962962963 0.028645833333333332 0.05092592592592592
4 0.4890625 0.9708333333333333 0.03697916666666667 0.049074074074074076
5 0.8984375 0.8837962962962963 0.0265625 0.05092592592592592
6 0.8049479166666667 0.4337962962962963 0.0203125 0.037037037037037035
10 0.8958333333333334 0.2111111111111111 0.01875 0.03333333333333333
11 0.8479166666666667 0.26944444444444443 0.020833333333333332 0.03425925925925926
12 0.2859375 0.8870370370370371 0.021354166666666667 0.03611111111111111
13 0.8278645833333333 0.30185185185185187 0.020833333333333332 0.037037037037037035
14 0.14401041666666667 0.6152777777777778 0.020833333333333332 0.037037037037037035
17 0.8169270833333333 0.7263888888888889 0.021354166666666667 0.03333333333333333
19 0.38333333333333336 0.9078703703703703 0.021354166666666667 0.037037037037037035
20 0.7330729166666666 0.5111111111111111 0.020833333333333332 0.03981481481481482
21 0.8768229166666667 0.1625 0.0171875 0.032407407407407406