0 0.07447916666666667 0.13657407407407407 0.026041666666666668 0.04722222222222222
1 0.4895833333333333 0.03009259259259259 0.035416666666666666 0.05
2 0.9135416666666667 0.12222222222222222 0.026041666666666668 0.044444444444444446
3 0.09010416666666667 0.8675925925925926 0.0265625 0.05277777777777778
4 0.48932291666666666 0.9703703703703703 0.033854166666666664 0.044444444444444446
5 0.8989583333333333 0.8861111111111111 0.027083333333333334 0.05185185185185185
6 0.8083333333333333 0.8245370370370371 0.0203125 0.03518518518518519
7 0.7861979166666667 0.16527777777777777 0.0203125 0.037037037037037035
8 0.590625 0.23333333333333334 0.023958333333333335 0.040740740740740744
9 0.9013020833333333 0.649074074074074 0.018229166666666668 0.03611111111111111
10 0.6557291666666667 0.21712962962962962 0.025 0.041666666666666664
11 0.22421875 0.24305555555555555 0.020833333333333332 0.037037037037037035
13 0.8091145833333333 0.5263888888888889 0.0203125 0.037037037037037035
14 0.6354166666666666 0.337037037037037 0.025 0.044444444444444446
15 0.55078125 0.36944444444444446 0.025 0.03981481481481482
16 0.8953125 0.5703703703703704 0.017708333333333333 0.037037037037037035
17 0.7869791666666667 0.5907407407407408 0.019791666666666666 0.037037037037037035
18 0.7515625 0.32546296296296295 0.0234375 0.041666666666666664
20 0.7921875 0.5435185185185185 0.020833333333333332 0.037037037037037035
21 0.7143229166666667 0.2763888888888889 0.022916666666666665 0.03796296296296296