1 0.23671875 0.5180555555555556 0.026041666666666668 0.062037037037037036
4 0.7630208333333334 0.5189814814814815 0.025520833333333333 0.05740740740740741
6 0.44895833333333335 0.8064814814814815 0.0234375 0.03796296296296296
8 0.35104166666666664 0.3375 0.022395833333333334 0.041666666666666664
10 0.34088541666666666 0.22407407407407406 0.022395833333333334 0.04259259259259259
11 0.3567708333333333 0.9851851851851852 0.020833333333333332 0.02962962962962963
14 0.4078125 0.2625 0.022916666666666665 0.040740740740740744
15 0.42630208333333336 0.4097222222222222 0.022916666666666665 0.044444444444444446
17 0.5502604166666667 0.004166666666666667 0.022395833333333334 0.008333333333333333
18 0.40286458333333336 0.05555555555555555 0.021354166666666667 0.040740740740740744
21 0.37421875 0.11851851851851852 0.021354166666666667 0.041666666666666664