1 0.23828125 0.5208333333333334 0.028645833333333332 0.05925925925925926
4 0.7635416666666667 0.5194444444444445 0.028645833333333332 0.05648148148148148
6 0.38645833333333335 0.059722222222222225 0.021354166666666667 0.037037037037037035
7 0.4703125 0.06759259259259259 0.020833333333333332 0.037037037037037035
8 0.53515625 0.24074074074074073 0.022395833333333334 0.041666666666666664
9 0.6078125 0.2967592592592593 0.022395833333333334 0.03981481481481482
10 0.33359375 0.09953703703703703 0.021354166666666667 0.03796296296296296
11 0.5216145833333333 0.02962962962962963 0.021875 0.037037037037037035
12 0.71796875 0.8796296296296297 0.020833333333333332 0.037037037037037035
19 0.7283854166666667 0.7092592592592593 0.021354166666666667 0.037037037037037035
20 0.5059895833333333 0.08657407407407407 0.021875 0.03888888888888889
21 0.4236979166666667 0.14074074074074075 0.021875 0.03981481481481482