0 0.07747395833333333 0.13425925925925927 0.0234375 0.04861111111111111
1 0.4892578125 0.022569444444444444 0.034505208333333336 0.04282407407407408
2 0.9104817708333334 0.1244212962962963 0.029296875 0.052083333333333336
3 0.091796875 0.8686342592592593 0.020833333333333332 0.052083333333333336
4 0.4898177083333334 0.9792824074074075 0.03562499999999999 0.03958333333333333
5 0.8987630208333334 0.8842592592592593 0.027994791666666668 0.05092592592592592
6 0.6826171875 0.2934027777777778 0.024088541666666668 0.04050925925925926
7 0.9036458333333334 0.5972222222222222 0.018229166666666668 0.037037037037037035
14 0.794921875 0.2789351851851852 0.020833333333333332 0.03935185185185185
17 0.83203125 0.1863425925925926 0.020833333333333332 0.03935185185185185
18 0.7600911458333334 0.48032407407407407 0.020182291666666668 0.03935185185185185
19 0.8994140625 0.3425925925925926 0.017578125 0.03935185185185185
20 0.7389322916666666 0.5115740740740741 0.022135416666666668 0.03935185185185185
21 0.814453125 0.5445601851851852 0.01953125 0.04050925925925926
8 0.7760416666666666 0.5439814814814815 0.022135416666666668 0.03935185185185185
9 0.5908203125 0.9068287037037037 0.021484375 0.04050925925925926
10 0.185546875 0.59375 0.022135416666666668 0.03935185185185185
12 0.3170572916666667 0.7847222222222222 0.024739583333333332 0.041666666666666664
13 0.7942708333333334 0.4832175925925926 0.020833333333333332 0.04050925925925926