0 0.07916666666666666 0.13657407407407407 0.021354166666666667 0.04814814814814815
1 0.4901041666666667 0.02546296296296296 0.0375 0.04814814814814815
2 0.9114583333333334 0.125 0.026041666666666668 0.053703703703703705
3 0.09140625 0.8740740740740741 0.025520833333333333 0.046296296296296294
4 0.48932291666666666 0.9763888888888889 0.03958333333333333 0.04537037037037037
5 0.8981770833333333 0.8888888888888888 0.0265625 0.05092592592592592
6 0.8736979166666666 0.1527777777777778 0.019791666666666666 0.03518518518518519
7 0.9036458333333334 0.5962962962962963 0.018229166666666668 0.037037037037037035
14 0.63828125 0.10925925925925926 0.021354166666666667 0.03796296296296296
17 0.8328125 0.18564814814814815 0.019791666666666666 0.040740740740740744
18 0.759375 0.48194444444444445 0.022916666666666665 0.040740740740740744
20 0.7390625 0.5111111111111111 0.0234375 0.040740740740740744
9 0.4947916666666667 0.7092592592592593 0.0234375 0.03888888888888889
10 0.15260416666666668 0.6523148148148148 0.0203125 0.03796296296296296
12 0.31666666666666665 0.7833333333333333 0.023958333333333335 0.03888888888888889