0 0.07838541666666667 0.13472222222222222 0.028645833333333332 0.04537037037037037
1 0.48828125 0.03518518518518519 0.03802083333333333 0.04814814814814815
2 0.91171875 0.12314814814814815 0.027604166666666666 0.053703703703703705
3 0.09088541666666666 0.8708333333333333 0.0265625 0.04814814814814815
5 0.9 0.8819444444444444 0.027083333333333334 0.05
6 0.3380208333333333 0.5990740740740741 0.021354166666666667 0.03981481481481482
8 0.5447916666666667 0.4861111111111111 0.024479166666666666 0.04351851851851852
10 0.8947916666666667 0.2111111111111111 0.01875 0.03611111111111111
11 0.8481770833333333 0.2689814814814815 0.0203125 0.03611111111111111
12 0.2864583333333333 0.8875 0.020833333333333332 0.03425925925925926
13 0.8278645833333333 0.3013888888888889 0.019270833333333334 0.03796296296296296
14 0.14479166666666668 0.6148148148148148 0.01875 0.03611111111111111
17 0.8177083333333334 0.725 0.019270833333333334 0.037037037037037035
19 0.3841145833333333 0.9083333333333333 0.021875 0.03796296296296296
20 0.7330729166666666 0.5106481481481482 0.021875 0.037037037037037035
21 0.7018229166666666 0.3648148148148148 0.021875 0.03796296296296296