0 0.07894076305220889 0.13576528335564486 0.026355421686746983 0.04573850959393126
1 0.48933232931726905 0.034805890227577026 0.038905622489959886 0.04685408299866131
2 0.9138428714859437 0.12405176260597951 0.02949297188755023 0.04462293618920124
3 0.08929467871485948 0.8714859437751004 0.025727911646586336 0.051316376617581407
4 0.4915286144578313 0.9702141900937081 0.03325803212851402 0.04350736278447121
6 0.5417294176706827 0.42079428826416776 0.024472891566265056 0.040160642570281124
8 0.6590737951807228 0.5211958946898706 0.02196285140562253 0.03792949576082115
10 0.19973644578313257 0.17146363230700581 0.020707831325301206 0.03681392235609101
11 0.7638679718875501 0.5401606425702811 0.020707831325301265 0.04016064257028118
12 0.28664658634538154 0.8871039714413209 0.02133534136546184 0.03569834895136092
13 0.8278739959839357 0.30142793395805445 0.020707831325301147 0.037929495760821046
14 0.11439508032128518 0.6489290495314591 0.01945281124497993 0.03458277554663101
15 0.8410517068273092 0.8475011155734047 0.01819779116465862 0.03458277554663101
17 0.8181475903614458 0.7236724676483713 0.01882530120481931 0.03235162873717088
19 0.3845381526104418 0.9077420794288263 0.02133534136546184 0.03681392235609104
20 0.7331199799196786 0.5111557340473003 0.020707831325301265 0.037929495760821046
21 0.7017444779116465 0.36445783132530124 0.02196285140562253 0.03904506916555111