0 0.0796875 0.13425925925925927 0.0265625 0.044444444444444446
1 0.4890625 0.031018518518518518 0.0359375 0.04351851851851852
2 0.9130208333333333 0.1259259259259259 0.0265625 0.04814814814814815
3 0.09114583333333333 0.8699074074074075 0.025520833333333333 0.04814814814814815
4 0.48984375 0.9712962962962963 0.033854166666666664 0.04814814814814815
5 0.89921875 0.8819444444444444 0.0265625 0.04814814814814815
6 0.8877604166666667 0.5092592592592593 0.017708333333333333 0.03425925925925926
8 0.6455729166666667 0.562962962962963 0.023958333333333335 0.03888888888888889
9 0.6135416666666667 0.6925925925925925 0.021354166666666667 0.03888888888888889
10 0.7255208333333333 0.20555555555555555 0.021875 0.03796296296296296
11 0.7653645833333333 0.538425925925926 0.0203125 0.03888888888888889
12 0.28567708333333336 0.8875 0.021875 0.03425925925925926
13 0.8265625 0.30092592592592593 0.019270833333333334 0.037037037037037035
14 0.11380208333333333 0.649074074074074 0.018229166666666668 0.03425925925925926
15 0.840625 0.8486111111111111 0.017708333333333333 0.03425925925925926
17 0.8182291666666667 0.725 0.0203125 0.037037037037037035
18 0.90078125 0.2884259259259259 0.018229166666666668 0.03425925925925926
19 0.38255208333333335 0.9083333333333333 0.022395833333333334 0.03981481481481482
20 0.7330729166666666 0.5111111111111111 0.021875 0.03796296296296296
21 0.70234375 0.3648148148148148 0.021875 0.03981481481481482