0 0.07845052083333333 0.13483796296296297 0.024088541666666668 0.04976851851851852
1 0.4899088541666667 0.03009259259259259 0.035807291666666664 0.05324074074074074
2 0.9108072916666666 0.1267361111111111 0.0234375 0.05439814814814815
3 0.09147135416666667 0.8738425925925926 0.024088541666666668 0.04861111111111111
4 0.48828125 0.9728009259259259 0.041666666666666664 0.052083333333333336
5 0.8990885416666666 0.8854166666666666 0.024739583333333332 0.04861111111111111
6 0.8746744791666666 0.1527777777777778 0.017578125 0.037037037037037035
7 0.904296875 0.5954861111111112 0.016927083333333332 0.03587962962962963
14 0.6376953125 0.10821759259259259 0.022786458333333332 0.04050925925925926
17 0.8326822916666666 0.1857638888888889 0.022135416666666668 0.03819444444444445
18 0.7587890625 0.48148148148148145 0.022786458333333332 0.041666666666666664
20 0.7392578125 0.5115740740740741 0.020182291666666668 0.03935185185185185
9 0.4951171875 0.7083333333333334 0.021484375 0.04398148148148148
10 0.15266927083333334 0.6516203703703703 0.020182291666666668 0.03935185185185185
12 0.3167317708333333 0.7835648148148148 0.024088541666666668 0.03935185185185185