0 0.07768574297188759 0.13241856314145473 0.027610441767068276 0.045738509593931276
1 0.48933232931726905 0.033690316822847 0.0376506024096385 0.04685408299866132
2 0.9129016064257027 0.12237840249888447 0.030120481927710805 0.04796965640339133
3 0.08929467871485948 0.8698125836680053 0.028237951807228923 0.04796965640339137
4 0.48933232931726905 0.9707719767960732 0.03639558232931724 0.05354752342704143
5 0.9003514056224898 0.8831994645247657 0.027610441767068276 0.04796965640339137
6 0.887801204819277 0.24007139669790273 0.017570281124498047 0.035698348951360995
8 0.5458082329317269 0.4854975457385096 0.023845381526104367 0.04239178937974115
10 0.896586345381526 0.21050870147255693 0.016315261044176785 0.03235162873717091
11 0.8482680722891566 0.2696340919232486 0.018825301204819192 0.03458277554663101
12 0.28664658634538154 0.8882195448460509 0.02133534136546184 0.03569834895136102
13 0.827246485943775 0.30031236055332444 0.020707831325301147 0.040160642570281124
14 0.14482931726907633 0.6149040606871933 0.018825301204819282 0.037929495760821046
17 0.8168925702811244 0.7253458277554663 0.020080321285140576 0.037929495760821046
19 0.3835968875502008 0.9071842927264614 0.024472891566265056 0.037929495760821046
20 0.7328062248995983 0.5117135207496654 0.02133534136546184 0.03904506916555106
21 0.7017444779116465 0.3650156180276662 0.02196285140562253 0.040160642570281124