0 0.07737198795180728 0.1335341365461848 0.02823795180722891 0.045738509593931276
1 0.48933232931726905 0.034805890227577026 0.038905622489959886 0.04685408299866131
2 0.9129016064257027 0.12572512271307457 0.027610441767068276 0.045738509593931276
3 0.0896084337349398 0.8720437304774653 0.030120481927710833 0.05466309683177144
4 0.49027359437751006 0.9702141900937081 0.03325803212851402 0.045738509593931234
5 0.9003514056224898 0.8831994645247657 0.027610441767068276 0.052431950022311415
6 0.8940763052208834 0.3867692994199018 0.017570281124498047 0.03458277554663096
8 0.6458960843373495 0.5624721106648818 0.023217871485943793 0.04016064257028107
9 0.613265562248996 0.6913208389112004 0.023217871485943675 0.041276215975011084
10 0.47364457831325296 0.4341811691209282 0.023845381526104426 0.04016064257028107
11 0.7654367469879518 0.536813922356091 0.02133534136546184 0.04016064257028107
12 0.28664658634538154 0.8871039714413209 0.02133534136546184 0.03792949576082115
13 0.8278739959839356 0.30198572066041945 0.019452811244979884 0.03681392235609104
14 0.11439508032128518 0.6489290495314591 0.01945281124497993 0.03458277554663101
15 0.8404241967871485 0.8480589022757697 0.020707831325301265 0.033467202141900895
17 0.8168925702811245 0.7253458277554663 0.02133534136546184 0.03569834895136092
19 0.3832831325301205 0.9082998661311914 0.02259036144578316 0.037929495760821046
20 0.7318649598393575 0.5094823739402053 0.020707831325301265 0.03681392235609104
21 0.701116967871486 0.36501561802766624 0.020707831325301265 0.037929495760821046