0 0.07894076305220889 0.1335341365461848 0.027610441767068263 0.047969656403391354
1 0.4887048192771084 0.03871039714413213 0.03890562248995983 0.050200803212851405
2 0.912274096385542 0.12572512271307457 0.02886546184738954 0.05020080321285139
3 0.09023594377510043 0.8692547969656403 0.027610441767068263 0.049085229808121376
4 0.48901857429718876 0.9707719767960732 0.035768072289156606 0.040160642570281284
5 0.8987826305220883 0.8820838911200357 0.02949297188755023 0.04796965640339137
6 0.48305722891566266 0.7376171352074967 0.0225903614457831 0.04016064257028118
10 0.907254016064257 0.2657295850066934 0.016315261044176785 0.03569834895136097
11 0.848581827309237 0.2707496653279787 0.019452811244979884 0.03458277554663096
12 0.28539156626506024 0.8882195448460509 0.020080321285140517 0.03569834895136102
13 0.8266189759036144 0.30254350736278446 0.020707831325301265 0.0379294957608211
14 0.14420180722891568 0.6165774207942882 0.020080321285140576 0.03681392235609104
17 0.8168925702811245 0.7264614011601964 0.01882530120481931 0.037929495760821046
19 0.4839984939759036 0.4308344489067381 0.023217871485943793 0.040160642570281124
20 0.7331199799196787 0.5128290941543953 0.02196285140562253 0.03904506916555106
21 0.9019201807228915 0.176483712628291 0.01819779116465862 0.033467202141900944