0 0.07584635416666667 0.13483796296296297 0.022786458333333332 0.04513888888888889
1 0.4899088541666667 0.027199074074074073 0.038411458333333336 0.05439814814814815
2 0.9111328125 0.12731481481481483 0.024088541666666668 0.046296296296296294
3 0.08951822916666667 0.8692129629629629 0.021484375 0.05092592592592592
4 0.4879557291666667 0.9775462962962963 0.037109375 0.043055555555555555
5 0.8984375 0.8819444444444444 0.0234375 0.05092592592592592
6 0.689453125 0.6475694444444444 0.0234375 0.03819444444444445
7 0.904296875 0.5960648148148148 0.016927083333333332 0.037037037037037035
14 0.7945963541666666 0.28125 0.021484375 0.03935185185185185
16 0.4850260416666667 0.9542824074074074 0.020833333333333332 0.03356481481481482
17 0.9055989583333334 0.2309027777777778 0.016927083333333332 0.03356481481481482
18 0.7594401041666666 0.48148148148148145 0.018880208333333332 0.03935185185185185
19 0.8990885416666666 0.3414351851851852 0.016927083333333332 0.034722222222222224
20 0.7386067708333334 0.5104166666666666 0.022786458333333332 0.03935185185185185
21 0.8128255208333334 0.5439814814814815 0.020182291666666668 0.03935185185185185
8 0.7750651041666666 0.5445601851851852 0.021484375 0.03819444444444445
9 0.5911458333333334 0.9085648148148148 0.022135416666666668 0.037037037037037035
10 0.18587239583333334 0.5949074074074074 0.020182291666666668 0.03935185185185185
11 0.8479817708333334 0.24421296296296297 0.018880208333333332 0.03935185185185185
12 0.3177083333333333 0.7841435185185185 0.0234375 0.04050925925925926
13 0.7936197916666666 0.4832175925925926 0.022135416666666668 0.04050925925925926