0 0.07682291666666667 0.13333333333333333 0.0234375 0.05092592592592592
1 0.48984375 0.02824074074074074 0.0359375 0.05185185185185185
2 0.9114583333333334 0.12268518518518519 0.026041666666666668 0.046296296296296294
3 0.09140625 0.8703703703703703 0.023958333333333335 0.05092592592592592
4 0.4908854166666667 0.9703703703703703 0.034895833333333334 0.05740740740740741
5 0.8994791666666667 0.8861111111111111 0.023958333333333335 0.05185185185185185
6 0.7494791666666667 0.11990740740740741 0.0234375 0.03796296296296296
14 0.6151041666666667 0.1675925925925926 0.0234375 0.044444444444444446
17 0.5020833333333333 0.6851851851851852 0.0234375 0.041666666666666664
18 0.76015625 0.48148148148148145 0.022916666666666665 0.041666666666666664
20 0.7401041666666667 0.5115740740740741 0.021875 0.044444444444444446
9 0.2669270833333333 0.2722222222222222 0.0234375 0.046296296296296294
10 0.15208333333333332 0.6518518518518519 0.022916666666666665 0.037037037037037035
12 0.31640625 0.7842592592592592 0.021875 0.04259259259259259