0 0.07630208333333334 0.13518518518518519 0.028645833333333332 0.04259259259259259
1 0.48932291666666666 0.03148148148148148 0.033854166666666664 0.05462962962962963
2 0.9140625 0.12453703703703704 0.028645833333333332 0.05092592592592592
3 0.08932291666666667 0.8680555555555556 0.025520833333333333 0.05462962962962963
4 0.48854166666666665 0.9708333333333333 0.033854166666666664 0.04722222222222222
5 0.89921875 0.8851851851851852 0.029166666666666667 0.05185185185185185
6 0.8127604166666667 0.44166666666666665 0.021354166666666667 0.03981481481481482
8 0.10911458333333333 0.5199074074074074 0.0203125 0.03518518518518519
9 0.9033854166666667 0.649074074074074 0.018229166666666668 0.03611111111111111
10 0.5783854166666667 0.17685185185185184 0.023958333333333335 0.040740740740740744
11 0.22473958333333333 0.24305555555555555 0.022916666666666665 0.041666666666666664
13 0.8078125 0.5273148148148148 0.019270833333333334 0.03611111111111111
14 0.5815104166666667 0.674074074074074 0.022916666666666665 0.040740740740740744
16 0.8953125 0.5694444444444444 0.017708333333333333 0.03981481481481482
17 0.7875 0.5916666666666667 0.022916666666666665 0.03796296296296296
18 0.6010416666666667 0.7444444444444445 0.0234375 0.03981481481481482
20 0.790625 0.5458333333333333 0.021354166666666667 0.041666666666666664
21 0.5924479166666666 0.4324074074074074 0.023958333333333335 0.04259259259259259