0 0.075 0.13518518518518519 0.0234375 0.04537037037037037
1 0.48880208333333336 0.033796296296296297 0.034375 0.05185185185185185
2 0.9127604166666666 0.125 0.028645833333333332 0.05
3 0.09192708333333334 0.8657407407407407 0.022916666666666665 0.05185185185185185
4 0.4901041666666667 0.9722222222222222 0.03177083333333333 0.04537037037037037
5 0.8984375 0.8851851851851852 0.0265625 0.04722222222222222
6 0.08307291666666666 0.3541666666666667 0.019270833333333334 0.03425925925925926
7 0.78671875 0.16574074074074074 0.021354166666666667 0.03611111111111111
8 0.5908854166666667 0.23333333333333334 0.025 0.03611111111111111
9 0.9026041666666667 0.65 0.015625 0.03611111111111111
10 0.6557291666666667 0.21898148148148147 0.0234375 0.040740740740740744
11 0.22630208333333332 0.2462962962962963 0.020833333333333332 0.041666666666666664
13 0.8072916666666666 0.5287037037037037 0.020833333333333332 0.037037037037037035
14 0.6348958333333333 0.33611111111111114 0.025520833333333333 0.04537037037037037
16 0.89609375 0.5694444444444444 0.017708333333333333 0.03981481481481482
17 0.7869791666666667 0.5921296296296297 0.022395833333333334 0.037037037037037035
18 0.7505208333333333 0.32731481481481484 0.0203125 0.040740740740740744
20 0.7911458333333333 0.5444444444444444 0.022916666666666665 0.037037037037037035
21 0.7143229166666667 0.27685185185185185 0.021354166666666667 0.044444444444444446