0 0.0771484375 0.13599537037037038 0.022786458333333332 0.047453703703703706
1 0.490234375 0.029513888888888888 0.03515625 0.05439814814814815
2 0.912109375 0.1267361111111111 0.0234375 0.04976851851851852
3 0.09114583333333333 0.8709490740740741 0.024739583333333332 0.04513888888888889
4 0.4894775390625 0.9729166666666667 0.03494466145833333 0.052314814814814814
5 0.8984375 0.8859953703703703 0.0234375 0.052083333333333336
6 0.6689453125 0.7905092592592593 0.021484375 0.041666666666666664
7 0.9039713541666666 0.5960648148148148 0.016276041666666668 0.03935185185185185
14 0.6373697916666666 0.1099537037037037 0.0234375 0.041666666666666664
17 0.8330078125 0.1869212962962963 0.020182291666666668 0.04050925925925926
18 0.759765625 0.4809027777777778 0.0234375 0.04050925925925926
19 0.9059244791666666 0.16666666666666666 0.020182291666666668 0.034722222222222224
20 0.7395833333333334 0.5104166666666666 0.020833333333333332 0.041666666666666664
9 0.4951171875 0.7083333333333334 0.022786458333333332 0.041666666666666664
10 0.15201822916666666 0.6504629629629629 0.020182291666666668 0.03935185185185185
12 0.3177083333333333 0.7835648148148148 0.022135416666666668 0.041666666666666664