0 0.07838541666666667 0.13518518518518519 0.022916666666666665 0.046296296296296294
1 0.48984375 0.025925925925925925 0.03958333333333333 0.05185185185185185
2 0.9111979166666667 0.1259259259259259 0.0265625 0.05092592592592592
3 0.0921875 0.8708333333333333 0.022916666666666665 0.05462962962962963
4 0.4901041666666667 0.9740740740740741 0.034895833333333334 0.05
5 0.8981770833333333 0.8865740740740741 0.0265625 0.053703703703703705
6 0.4239583333333333 0.43287037037037035 0.025 0.044444444444444446
14 0.6377604166666667 0.10833333333333334 0.022916666666666665 0.040740740740740744
17 0.5028645833333333 0.6851851851851852 0.023958333333333335 0.046296296296296294
18 0.759375 0.48148148148148145 0.023958333333333335 0.03888888888888889
20 0.7390625 0.5111111111111111 0.0234375 0.040740740740740744
9 0.21067708333333332 0.37916666666666665 0.0203125 0.03796296296296296
10 0.15260416666666668 0.6518518518518519 0.0203125 0.03888888888888889
12 0.3171875 0.7861111111111111 0.020833333333333332 0.041666666666666664