0 0.07864583333333333 0.13518518518518519 0.021875 0.046296296296296294
1 0.4890625 0.027314814814814816 0.0375 0.05462962962962963
2 0.9125 0.12546296296296297 0.025520833333333333 0.05185185185185185
3 0.09166666666666666 0.8722222222222222 0.0234375 0.05185185185185185
4 0.4903645833333333 0.9763888888888889 0.043229166666666666 0.04537037037037037
5 0.8989583333333333 0.8870370370370371 0.026041666666666668 0.05
6 0.890625 0.2935185185185185 0.018229166666666668 0.03796296296296296
7 0.9041666666666667 0.5972222222222222 0.016666666666666666 0.037037037037037035
14 0.6369791666666667 0.10833333333333334 0.022916666666666665 0.04259259259259259
17 0.8328125 0.18472222222222223 0.019791666666666666 0.040740740740740744
18 0.759375 0.48333333333333334 0.022916666666666665 0.040740740740740744
19 0.8989583333333333 0.3421296296296296 0.018229166666666668 0.03796296296296296
20 0.7393229166666667 0.5101851851851852 0.023958333333333335 0.03888888888888889
8 0.77578125 0.5444444444444444 0.022916666666666665 0.04259259259259259
9 0.5908854166666667 0.9069444444444444 0.023958333333333335 0.03796296296296296
10 0.18515625 0.5949074074074074 0.021354166666666667 0.037037037037037035
12 0.3182291666666667 0.7861111111111111 0.0234375 0.03888888888888889
13 0.7911458333333333 0.287962962962963 0.025 0.041666666666666664