0 0.0859375 0.12268518518518519 0.028645833333333332 0.04537037037037037
1 0.49765625 0.028703703703703703 0.03177083333333333 0.03981481481481482
2 0.9205729166666666 0.11851851851851852 0.027083333333333334 0.05185185185185185
3 0.09453125 0.8555555555555555 0.028125 0.04722222222222222
4 0.49453125 0.962037037037037 0.029166666666666667 0.04537037037037037
5 0.9046875 0.8833333333333333 0.026041666666666668 0.05092592592592592
6 0.6901041666666666 0.8967592592592593 0.0203125 0.037037037037037035
7 0.5059895833333333 0.7435185185185185 0.022916666666666665 0.041666666666666664
8 0.6940104166666666 0.8273148148148148 0.021354166666666667 0.03611111111111111
10 0.71796875 0.837037037037037 0.022395833333333334 0.044444444444444446
11 0.46875 0.4287037037037037 0.026041666666666668 0.04259259259259259
14 0.24869791666666666 0.15 0.022916666666666665 0.040740740740740744
15 0.4973958333333333 0.4546296296296296 0.025 0.04537037037037037
16 0.6388020833333333 0.75 0.023958333333333335 0.03981481481481482
17 0.81953125 0.7333333333333333 0.019791666666666666 0.03981481481481482
18 0.38984375 0.4310185185185185 0.0265625 0.04259259259259259
19 0.29635416666666664 0.15462962962962962 0.022916666666666665 0.040740740740740744
20 0.6716145833333333 0.25787037037037036 0.025 0.041666666666666664