0 0.07864583333333333 0.13425925925925927 0.028125 0.04722222222222222
1 0.48776041666666664 0.0375 0.03802083333333333 0.05
2 0.9125 0.1300925925925926 0.0296875 0.03888888888888889
3 0.09140625 0.8685185185185185 0.027604166666666666 0.05
4 0.48984375 0.9675925925925926 0.036458333333333336 0.05092592592592592
5 0.9002604166666667 0.8837962962962963 0.027604166666666666 0.053703703703703705
6 0.40703125 0.6027777777777777 0.022395833333333334 0.03981481481481482
10 0.88125 0.2490740740740741 0.018229166666666668 0.03611111111111111
11 0.7640625 0.5402777777777777 0.021354166666666667 0.03981481481481482
12 0.2859375 0.8888888888888888 0.0203125 0.037037037037037035
13 0.8276041666666667 0.3023148148148148 0.022395833333333334 0.03611111111111111
8 0.5447916666666667 0.4847222222222222 0.024479166666666666 0.04351851851851852
14 0.10364583333333334 0.7675925925925926 0.018229166666666668 0.03148148148148148
17 0.8169270833333333 0.7240740740740741 0.0203125 0.03611111111111111
19 0.3841145833333333 0.9092592592592592 0.021875 0.03981481481481482
20 0.7330729166666666 0.5101851851851852 0.021875 0.03796296296296296
21 0.7018229166666666 0.3648148148148148 0.021875 0.03981481481481482