0 0.0738058943089431 0.13132339656729902 0.020960365853658538 0.041779584462511295
1 0.4879319105691057 0.031391147244805795 0.036204268292682924 0.05645889792231256
2 0.9141260162601625 0.12680668473351403 0.027311991869918728 0.0508130081300813
3 0.0890497967479675 0.8692411924119241 0.027311991869918683 0.049683830171635024
4 0.4882494918699187 0.9719963866305328 0.03175813008130082 0.047425474254742576
5 0.8985645325203251 0.8850496838301716 0.026676829268292696 0.047425474254742465
21 0.621951219512195 0.6411472448057812 0.023501016260162662 0.04290876242095757
20 0.7788363821138212 0.5169376693766937 0.020960365853658538 0.03839205058717247
19 0.9099974593495934 0.4796747967479674 0.015243902439024381 0.03161698283649496
18 0.7893165650406504 0.4853206865401987 0.02159552845528457 0.03613369467028007
17 0.7794715447154471 0.5779132791327912 0.020960365853658538 0.03839205058717247
16 0.9033282520325202 0.5570234869015356 0.017149390243902475 0.032746160794941186
15 0.5524009146341463 0.36957994579945797 0.024136178861788576 0.0440379403794038
14 0.6959476626016259 0.3661924119241193 0.024136178861788576 0.03952122854561879
13 0.8090066056910569 0.5350045167118337 0.02032520325203251 0.03839205058717257
12 0.13446392276422764 0.36449864498644985 0.01905487804878049 0.03387533875338752
11 0.7245299796747967 0.5389566395663956 0.02159552845528457 0.03952122854561885
10 0.6552972560975608 0.21827009936766037 0.022865853658536512 0.041779584462511295
9 0.9017403455284553 0.6507452574525745 0.016514227642276325 0.037262872628726296
8 0.775978150406504 0.8545618789521227 0.02159552845528457 0.036133694670280124
7 0.7880462398373983 0.1663279132791328 0.02032520325203251 0.03726287262872627
6 0.3170731707317073 0.16745709123757907 0.022230691056910543 0.039521228545618764