0 0.07942708333333333 0.13599537037037038 0.020833333333333332 0.04976851851851852
1 0.4892578125 0.02662037037037037 0.035807291666666664 0.05324074074074074
2 0.9143880208333334 0.1261574074074074 0.026692708333333332 0.05092592592592592
3 0.09049479166666667 0.8697916666666666 0.024739583333333332 0.047453703703703706
4 0.4908854166666667 0.9756944444444444 0.037760416666666664 0.04398148148148148
5 0.896484375 0.8871527777777778 0.028645833333333332 0.05439814814814815
6 0.6826171875 0.2916666666666667 0.022786458333333332 0.04398148148148148
7 0.9049479166666666 0.5960648148148148 0.016927083333333332 0.041666666666666664
14 0.7952473958333334 0.2806712962962963 0.022786458333333332 0.04050925925925926
17 0.8326822916666666 0.18518518518518517 0.022135416666666668 0.037037037037037035
18 0.7594401041666666 0.4826388888888889 0.021484375 0.037037037037037035
19 0.8990885416666666 0.3431712962962963 0.016927083333333332 0.03819444444444445
20 0.7399088541666666 0.5115740740740741 0.021484375 0.037037037037037035
21 0.8138020833333334 0.5445601851851852 0.01953125 0.03819444444444445
8 0.7747395833333334 0.5434027777777778 0.0234375 0.03819444444444445
9 0.5908203125 0.9068287037037037 0.021484375 0.03819444444444445
10 0.18522135416666666 0.5960648148148148 0.021484375 0.03935185185185185
12 0.3180338541666667 0.7847222222222222 0.021484375 0.041666666666666664
13 0.7939453125 0.484375 0.020182291666666668 0.04050925925925926