0 0.07894076305220889 0.13186077643908972 0.026355421686746983 0.04239178937974119
1 0.4887048192771084 0.03313253012048198 0.037650602409638564 0.05243195002231147
2 0.9119603413654619 0.12349397590361451 0.02949297188755023 0.050200803212851405
3 0.08992218875502012 0.8692547969656403 0.02698293172690763 0.049085229808121376
4 0.48901857429718876 0.9713297634984382 0.035768072289156606 0.047969656403391264
5 0.9000376506024097 0.8831994645247657 0.026982931726907702 0.05020080321285139
6 0.8492093373493976 0.4419901829540384 0.01819779116465862 0.03569834895136097
10 0.9069402610441767 0.2640562248995984 0.01819779116465862 0.03235162873717088
11 0.8488955823293173 0.2696340919232486 0.020080321285140458 0.03681392235609104
12 0.28601907630522094 0.8887773315484159 0.0225903614457831 0.03681392235609104
13 0.827246485943775 0.3019857206604195 0.020707831325301147 0.03904506916555111
14 0.14420180722891568 0.6160196340919233 0.02133534136546184 0.04016064257028107
17 0.8172063253012049 0.7264614011601964 0.019452811244979884 0.03569834895136092
19 0.3832831325301205 0.9082998661311914 0.02259036144578316 0.037929495760821046
20 0.7337474899598393 0.5111557340473003 0.020707831325301265 0.04016064257028107
21 0.9022339357429718 0.177041499330656 0.016315261044176785 0.030120481927710857