0 0.07845052083333333 0.13541666666666666 0.022786458333333332 0.046296296296296294
1 0.4899088541666667 0.026041666666666668 0.039713541666666664 0.052083333333333336
2 0.9111328125 0.1261574074074074 0.026692708333333332 0.05092592592592592
3 0.09212239583333333 0.8709490740740741 0.022786458333333332 0.05439814814814815
4 0.4901626275510204 0.9740740740740741 0.03501275510204079 0.05
5 0.8981119791666666 0.8865740740740741 0.026692708333333332 0.05324074074074074
6 0.423828125 0.43287037037037035 0.024739583333333332 0.04398148148148148
14 0.6376953125 0.10821759259259259 0.022786458333333332 0.04050925925925926
17 0.5029296875 0.6851851851851852 0.024088541666666668 0.046296296296296294
18 0.7594401041666666 0.48148148148148145 0.024088541666666668 0.03935185185185185
20 0.7389322916666666 0.5109953703703703 0.0234375 0.04050925925925926
9 0.21061197916666666 0.37905092592592593 0.020182291666666668 0.03819444444444445
10 0.15266927083333334 0.6516203703703703 0.020182291666666668 0.03935185185185185
12 0.3170572916666667 0.7858796296296297 0.020833333333333332 0.041666666666666664