1 0.7645833333333333 0.475462962962963 0.03333333333333333 0.05925925925925926
4 0.23515625 0.4810185185185185 0.03177083333333333 0.06759259259259259
6 0.29192708333333334 0.9958333333333333 0.0234375 0.008333333333333333
7 0.5916666666666667 0.725462962962963 0.0265625 0.049074074074074076
9 0.48984375 0.8212962962962963 0.025 0.044444444444444446
10 0.41458333333333336 0.6597222222222222 0.023958333333333335 0.04259259259259259
13 0.28802083333333334 0.362962962962963 0.023958333333333335 0.04722222222222222
15 0.7109375 0.9703703703703703 0.023958333333333335 0.041666666666666664
19 0.28828125 0.7129629629629629 0.024479166666666666 0.044444444444444446
20 0.5346354166666667 0.4009259259259259 0.025 0.04259259259259259
21 0.4466145833333333 0.6861111111111111 0.023958333333333335 0.044444444444444446