0 0.07507621951219515 0.13132339656729902 0.023501016260162603 0.0440379403794038
1 0.4888846544715447 0.03195573622402892 0.03429878048780483 0.0530713640469738
2 0.9131732723577234 0.12567750677506775 0.026676829268292696 0.0485546522131888
3 0.09000254065040653 0.8709349593495934 0.02286585365853657 0.046296296296296294
4 0.4892022357723577 0.9719963866305328 0.031122967479674794 0.04516711833785002
5 0.8985645325203251 0.8844850948509483 0.02794715447154476 0.0508130081300813
6 0.7569232723577236 0.6434056007226738 0.02286585365853663 0.04065040650406502
7 0.7867759146341463 0.16576332429990967 0.02159552845528457 0.03613369467028001
8 0.5396976626016259 0.5513775971093043 0.024136178861788576 0.03952122854561885
9 0.9017403455284553 0.6501806684733513 0.017784552845528386 0.03613369467028001
10 0.6549796747967479 0.2193992773261066 0.022230691056910484 0.046296296296296294
11 0.22465701219512196 0.24311201445347788 0.021595528455284542 0.041779584462511295
13 0.8080538617886179 0.5304878048780486 0.019690040650406478 0.04065040650406502
14 0.6346544715447154 0.33683378500451666 0.023501016260162544 0.041779584462511295
15 0.5511305894308942 0.3684507678410117 0.024136178861788576 0.0440379403794038
16 0.8957063008130081 0.5683152664859982 0.018419715447154417 0.037262872628726185
17 0.7877286585365854 0.5914634146341463 0.020960365853658538 0.04065040650406502
18 0.7518419715447154 0.3266711833785005 0.02159552845528457 0.037262872628726296
19 0.8394944105691057 0.6897018970189701 0.02032520325203251 0.03839205058717257
20 0.7902693089430893 0.5440379403794038 0.020960365853658538 0.03839205058717257
21 0.7137322154471544 0.2764227642276422 0.02159552845528457 0.04065040650406507