0 0.07877604166666667 0.13599537037037038 0.020833333333333332 0.05439814814814815
1 0.4912109375 0.02546296296296296 0.033203125 0.05092592592592592
2 0.9134114583333334 0.1232638888888889 0.024739583333333332 0.05439814814814815
3 0.09114583333333333 0.8726851851851852 0.024739583333333332 0.05092592592592592
4 0.48817657271241827 0.9717592592592592 0.034946895424836616 0.05462962962962963
5 0.8984375 0.8848379629629629 0.02734375 0.05439814814814815
6 0.4495442708333333 0.7563657407407407 0.024088541666666668 0.04050925925925926
14 0.63671875 0.1076388888888889 0.0234375 0.041666666666666664
17 0.5022786458333334 0.6851851851851852 0.024088541666666668 0.041666666666666664
18 0.7594401041666666 0.4826388888888889 0.021484375 0.041666666666666664
20 0.7395833333333334 0.5109953703703703 0.020833333333333332 0.04050925925925926
9 0.1708984375 0.8327546296296297 0.018880208333333332 0.03819444444444445
10 0.15201822916666666 0.6527777777777778 0.020182291666666668 0.037037037037037035
12 0.3167317708333333 0.7847222222222222 0.024088541666666668 0.041666666666666664