0 0.07877604166666667 0.13368055555555555 0.022135416666666668 0.047453703703703706
1 0.490234375 0.028356481481481483 0.037760416666666664 0.05439814814814815
2 0.9127604166666666 0.12384259259259259 0.024739583333333332 0.04861111111111111
3 0.09016927083333333 0.8709490740740741 0.021484375 0.04282407407407408
4 0.4895071138211382 0.9769675925925926 0.03760797764227644 0.04421296296296296
5 0.8984375 0.8865740740740741 0.02734375 0.05787037037037037
6 0.5504557291666666 0.7592592592592593 0.022786458333333332 0.04398148148148148
7 0.904296875 0.5972222222222222 0.018229166666666668 0.037037037037037035
14 0.6373697916666666 0.1087962962962963 0.022135416666666668 0.041666666666666664
17 0.8326822916666666 0.1857638888888889 0.018229166666666668 0.04050925925925926
18 0.7594401041666666 0.48148148148148145 0.021484375 0.03935185185185185
19 0.904296875 0.16435185185185186 0.016927083333333332 0.037037037037037035
20 0.7395833333333334 0.5115740740740741 0.020833333333333332 0.03935185185185185
9 0.4130859375 0.8229166666666666 0.022786458333333332 0.03935185185185185
10 0.173828125 0.8524305555555556 0.01953125 0.03819444444444445
12 0.318359375 0.7841435185185185 0.0234375 0.04282407407407408