0 0.07666412601626019 0.1352755194218609 0.03137471807730809 0.05577727658188106
1 0.4895833333333333 0.029166666666666667 0.034895833333333334 0.058333333333333334
2 0.9125381097560975 0.12059620596205962 0.03418095540415062 0.06076614294071237
3 0.09000254065040653 0.8681120144534779 0.031374718077307996 0.055777276581880884
4 0.48880208333333336 0.9717592592592592 0.034375 0.05648148148148148
6 0.9119029471544715 0.5203252032520325 0.01875612685497122 0.03334422551994904
8 0.6444994918699187 0.5621047877145438 0.024402150295094554 0.04338160052461275
9 0.6133765243902439 0.6930894308943089 0.025054729323318033 0.04454174101923185
10 0.7264354674796748 0.2041553748870822 0.023423639373203523 0.04164202555236161
11 0.7651803861788617 0.5395212285456188 0.022617497224040762 0.04020888395385024
12 0.2837271341463415 0.8884372177055103 0.022221615452916527 0.03950509413851827
13 0.8280614837398373 0.3012646793134598 0.023354644703824097 0.04151936836235385
14 0.11350355691056913 0.6479223125564588 0.020679396082443714 0.036763370813233213
15 0.8401295731707317 0.8477868112014453 0.020679396082443683 0.036763370813233005
17 0.8198043699186992 0.72583559168925 0.021929213035609744 0.03898526761886198
18 0.9017403455284553 0.2922312556458898 0.019883734556019543 0.03534886143292342
19 0.3828125 0.9053748870822041 0.022185275910280685 0.03944049050716566
20 0.7334222560975608 0.5112917795844625 0.021558133572760596 0.038325570796019046
21 0.7016641260162602 0.3633694670280036 0.02335464470382386 0.04151936836235353