0 0.078125 0.13541666666666666 0.020833333333333332 0.046296296296296294
1 0.4908854166666667 0.02662037037037037 0.03515625 0.05324074074074074
2 0.9124348958333334 0.1232638888888889 0.022786458333333332 0.047453703703703706
3 0.09016927083333333 0.8703703703703703 0.021484375 0.05092592592592592
4 0.4889322916666667 0.9717592592592592 0.036458333333333336 0.05462962962962963
5 0.8971354166666666 0.8871527777777778 0.0234375 0.04976851851851852
6 0.5686848958333334 0.43344907407407407 0.024088541666666668 0.04282407407407408
7 0.7529296875 0.5873842592592593 0.020182291666666668 0.04282407407407408
14 0.7897135416666666 0.3020833333333333 0.020833333333333332 0.03935185185185185
15 0.8004557291666666 0.7181712962962963 0.018880208333333332 0.03587962962962963
16 0.2737630208333333 0.14814814814814814 0.020182291666666668 0.03935185185185185
17 0.8671875 0.29224537037037035 0.016927083333333332 0.03819444444444445
18 0.759765625 0.4826388888888889 0.020833333333333332 0.041666666666666664
19 0.7171223958333334 0.45601851851851855 0.022786458333333332 0.04398148148148148
20 0.7395833333333334 0.5109953703703703 0.022135416666666668 0.04050925925925926
21 0.8147786458333334 0.5462962962962963 0.020182291666666668 0.04398148148148148
8 0.7760416666666666 0.5451388888888888 0.022135416666666668 0.03935185185185185
9 0.6100260416666666 0.4681712962962963 0.024739583333333332 0.04050925925925926
10 0.4583333333333333 0.5295138888888888 0.0234375 0.04050925925925926
11 0.9013671875 0.36863425925925924 0.016276041666666668 0.03819444444444445
12 0.5143229166666666 0.4131944444444444 0.0234375 0.041666666666666664
13 0.79296875 0.4832175925925926 0.022135416666666668 0.03819444444444445