1 0.7643229166666666 0.4787037037037037 0.03229166666666667 0.04537037037037037
4 0.23541666666666666 0.48148148148148145 0.03229166666666667 0.046296296296296294
15 0.46875 0.9004629629629629 0.019791666666666666 0.03518518518518519
20 0.49453125 0.9138888888888889 0.01875 0.03611111111111111
10 0.6325520833333333 0.887962962962963 0.021354166666666667 0.037037037037037035
7 0.7177083333333333 0.3638888888888889 0.021354166666666667 0.03611111111111111
16 0.34661458333333334 0.29074074074074074 0.0203125 0.03888888888888889
18 0.3802083333333333 0.16296296296296298 0.018229166666666668 0.037037037037037035
11 0.5895833333333333 0.6476851851851851 0.021354166666666667 0.03796296296296296
6 0.3372395833333333 0.07314814814814814 0.019791666666666666 0.037037037037037035
13 0.46822916666666664 0.1597222222222222 0.020833333333333332 0.037037037037037035