0 0.07779947916666667 0.13483796296296297 0.024088541666666668 0.052083333333333336
1 0.4886067708333333 0.027199074074074073 0.037109375 0.04976851851851852
2 0.9130859375 0.1284722222222222 0.027994791666666668 0.04861111111111111
3 0.09114583333333333 0.8709490740740741 0.026041666666666668 0.04976851851851852
4 0.4893243634259259 0.9746527777777778 0.03724247685185187 0.04884259259259259
5 0.8990885416666666 0.8865740740740741 0.024739583333333332 0.05092592592592592
6 0.873046875 0.15219907407407407 0.01953125 0.03819444444444445
7 0.9046223958333334 0.5960648148148148 0.017578125 0.037037037037037035
14 0.6376953125 0.1087962962962963 0.024088541666666668 0.03935185185185185
17 0.83203125 0.1857638888888889 0.020833333333333332 0.04282407407407408
18 0.759765625 0.4832175925925926 0.022135416666666668 0.04282407407407408
20 0.7395833333333334 0.5115740740740741 0.0234375 0.03935185185185185
9 0.4954427083333333 0.7089120370370371 0.022135416666666668 0.04513888888888889
10 0.15234375 0.6516203703703703 0.018229166666666668 0.037037037037037035
12 0.3167317708333333 0.7853009259259259 0.024088541666666668 0.04282407407407408