1 0.23671875 0.5199074074074074 0.027083333333333334 0.06296296296296296
4 0.7651041666666667 0.5189814814814815 0.028645833333333332 0.062037037037037036
7 0.31197916666666664 0.004629629629629629 0.020833333333333332 0.009259259259259259
8 0.2638020833333333 0.4726851851851852 0.021354166666666667 0.037037037037037035
10 0.3411458333333333 0.22268518518518518 0.021354166666666667 0.03796296296296296
11 0.35494791666666664 0.9856481481481482 0.0203125 0.028703703703703703
14 0.4083333333333333 0.26064814814814813 0.025 0.044444444444444446
15 0.4270833333333333 0.4097222222222222 0.022916666666666665 0.03981481481481482
17 0.5510416666666667 0.004166666666666667 0.020833333333333332 0.008333333333333333
18 0.40286458333333336 0.050462962962962966 0.022916666666666665 0.037037037037037035
21 0.37421875 0.12037037037037036 0.022916666666666665 0.03981481481481482