0 0.07737198795180728 0.13297634984381976 0.028237951807228923 0.049085229808121356
1 0.48839106425702816 0.03480589022757702 0.03451305220883535 0.04908522980812137
2 0.9116465863453814 0.12516733601070956 0.02886546184738954 0.04908522980812137
3 0.09023594377510043 0.8714859437751004 0.02510040160642572 0.05354752342704143
4 0.48933232931726905 0.970771976796073 0.03388554216867471 0.04908522980812096
5 0.9000376506024097 0.8837572512271308 0.02698293172690782 0.05800981704596169
6 0.8162650602409638 0.48884426595269964 0.020080321285140694 0.03792949576082094
7 0.7434738955823295 0.4458946898705935 0.0225903614457831 0.03904506916555106
8 0.6462098393574297 0.5619143239625167 0.02259036144578334 0.03904506916555106
9 0.613265562248996 0.6924364123159304 0.02196285140562253 0.03904506916555096
10 0.7262173694779115 0.2060464078536368 0.02196285140562265 0.03904506916555114
11 0.7641817269076303 0.5384872824631861 0.020080321285140576 0.04127621597501119
12 0.2872740963855422 0.8871039714413209 0.020080321285140576 0.03569834895136092
13 0.8259914658634538 0.30087014725568934 0.019452811244979884 0.03681392235609104
14 0.11376757028112454 0.6472556894243642 0.018197791164658635 0.03569834895136102
15 0.8401104417670683 0.8463855421686748 0.01882530120481943 0.036813922356090927
17 0.8168925702811245 0.7259036144578314 0.01882530120481931 0.03235162873717088
18 0.9012926706827308 0.29027219991075415 0.016942771084337473 0.03123605533244092
19 0.3839106425702811 0.9049531459170013 0.021335341365461898 0.04016064257028118
20 0.7328062248995983 0.5100401606425702 0.023845381526104485 0.04016064257028118
21 0.7020582329317269 0.3650156180276662 0.022590361445783223 0.040160642570281124