0 0.07768574297188759 0.1335341365461848 0.026355421686746983 0.04350736278447121
1 0.48901857429718876 0.03201695671575194 0.038278112449799194 0.04350736278447122
2 0.9116465863453815 0.12572512271307457 0.025100401606425748 0.047969656403391354
3 0.08992218875502012 0.8703703703703703 0.02698293172690763 0.049085229808121376
4 0.4896460843373494 0.9724453369031681 0.03451305220883535 0.04350736278447121
5 0.9000376506024097 0.8843150379294958 0.021962851405622413 0.0591253904506917
6 0.7400225903614458 0.21385542168674704 0.020707831325301147 0.03681392235609104
8 0.6458960843373495 0.5619143239625167 0.023217871485943793 0.03904506916555106
9 0.6138930722891566 0.6929941990182954 0.021962851405622413 0.04016064257028107
10 0.6942143574297188 0.23170459616242753 0.023217871485943793 0.03904506916555109
11 0.7638679718875501 0.537929495760821 0.020707831325301265 0.037929495760821046
12 0.28633283132530124 0.8871039714413209 0.020707831325301206 0.03569834895136092
13 0.8278739959839356 0.30254350736278446 0.019452811244979884 0.0379294957608211
14 0.11408132530120486 0.6478134761267292 0.01757028112449799 0.03458277554663101
15 0.8404241967871486 0.8469433288710397 0.01819779116465862 0.03569834895136102
17 0.8165788152610441 0.7253458277554663 0.01819779116465862 0.03569834895136092
19 0.3832831325301205 0.9071842927264613 0.02259036144578316 0.04016064257028118
20 0.7328062248995983 0.5100401606425703 0.020080321285140576 0.037929495760821046
21 0.7020582329317269 0.36557340473003125 0.02133534136546184 0.03681392235609104