1 0.7643229166666666 0.49953703703703706 0.025520833333333333 0.05462962962962963
4 0.2421875 0.49166666666666664 0.0265625 0.04722222222222222
7 0.5651041666666666 0.6319444444444444 0.0234375 0.046296296296296294
8 0.3145833333333333 0.8546296296296296 0.025520833333333333 0.044444444444444446
9 0.6846354166666667 0.4212962962962963 0.022395833333333334 0.04259259259259259
11 0.5393229166666667 0.4486111111111111 0.025520833333333333 0.04537037037037037
12 0.68125 0.30972222222222223 0.026041666666666668 0.04537037037037037
13 0.37578125 0.02175925925925926 0.0234375 0.04259259259259259
14 0.6963541666666667 0.05324074074074074 0.023958333333333335 0.03796296296296296
15 0.5247395833333334 0.49722222222222223 0.023958333333333335 0.04259259259259259
18 0.5390625 0.30277777777777776 0.026041666666666668 0.04537037037037037
19 0.6919270833333333 0.20092592592592592 0.023958333333333335 0.03981481481481482
20 0.6369791666666667 0.8050925925925926 0.0234375 0.046296296296296294