0 0.07539380081300816 0.13358175248419152 0.024136178861788617 0.0485546522131888
1 0.4888846544715447 0.030826558265582667 0.033028455284552886 0.0485546522131888
2 0.9125381097560975 0.12511291779584463 0.025406504065040636 0.045167118337850046
3 0.09000254065040653 0.8686766034327008 0.025406504065040636 0.05307136404697385
4 0.48856707317073167 0.9686088527551941 0.03239329268292686 0.047425474254742576
5 0.8988821138211381 0.8850496838301716 0.027311991869918728 0.047425474254742465
6 0.8598196138211381 0.8545618789521227 0.017784552845528386 0.036133694670280124
8 0.10937500000000001 0.5203252032520324 0.01969004065040651 0.031616982836495014
9 0.9023755081300813 0.6507452574525745 0.017784552845528386 0.037262872628726296
10 0.5784425813008129 0.17592592592592593 0.02159552845528457 0.04065040650406502
11 0.22592733739837398 0.243676603432701 0.021595528455284542 0.04065040650406502
13 0.8071011178861788 0.527664859981933 0.02159552845528457 0.037262872628726296
14 0.582888719512195 0.6733288166214993 0.024136178861788576 0.041779584462511295
16 0.8972942073170731 0.5711382113821137 0.02159552845528457 0.03839205058717257
17 0.7864583333333334 0.5925925925925924 0.020960365853658538 0.03613369467028001
18 0.16939786585365854 0.2594850948509485 0.019054878048780477 0.033875338753387566
20 0.7909044715447154 0.5446025293586267 0.0222306910569106 0.03952122854561874
21 0.5924161585365854 0.4311201445347787 0.022865853658536512 0.04290876242095757