0 0.07475863821138212 0.13584010840108401 0.026676829268292682 0.0485546522131888
1 0.4888846544715447 0.03026196928635954 0.03556910569105689 0.05194218608852755
2 0.9128556910569104 0.12285456187895212 0.024771341463414604 0.045167118337850046
3 0.08968495934959352 0.8698057813911472 0.02477134146341462 0.04855465221318885
4 0.4892022357723577 0.9719963866305328 0.03366361788617886 0.047425474254742576
5 0.8988821138211381 0.8850496838301716 0.02858231707317079 0.05420054200542002
6 0.47840447154471544 0.12285456187895212 0.023501016260162603 0.04065040650406505
7 0.7042047764227642 0.11212737127371275 0.02032520325203251 0.039521228545618764
8 0.10842225609756098 0.5203252032520325 0.020325203252032523 0.03387533875338746
9 0.9023755081300813 0.6473577235772356 0.019054878048780446 0.037262872628726296
10 0.5784425813008129 0.17592592592592593 0.02286585365853663 0.04065040650406502
11 0.22433943089430894 0.24254742547425479 0.022230691056910543 0.038392050587172516
13 0.8074186991869917 0.5287940379403793 0.020960365853658538 0.03952122854561885
14 0.5822535569105691 0.6733288166214993 0.024136178861788576 0.03952122854561874
16 0.8963414634146342 0.5688798554652212 0.019690040650406478 0.033875338753387566
17 0.7874110772357723 0.5914634146341463 0.02159552845528457 0.04065040650406502
18 0.7515243902439025 0.3357046070460704 0.023501016260162662 0.0440379403794038
20 0.7909044715447154 0.5440379403794038 0.0222306910569106 0.03613369467028001
21 0.5927337398373983 0.432813911472448 0.024771341463414604 0.0440379403794038