0 0.07786458333333333 0.13518518518518519 0.022916666666666665 0.046296296296296294
1 0.4895833333333333 0.027314814814814816 0.0390625 0.05462962962962963
2 0.9127604166666666 0.12407407407407407 0.026041666666666668 0.053703703703703705
3 0.08958333333333333 0.8703703703703703 0.028125 0.05092592592592592
4 0.4890625 0.9740740740740741 0.03802083333333333 0.05
5 0.8984375 0.8851851851851852 0.027083333333333334 0.05555555555555555
6 0.603125 0.3537037037037037 0.022916666666666665 0.04259259259259259
7 0.90390625 0.5949074074074074 0.017708333333333333 0.037037037037037035
14 0.6377604166666667 0.10925925925925926 0.021354166666666667 0.04259259259259259
17 0.8322916666666667 0.18564814814814815 0.0203125 0.040740740740740744
18 0.7591145833333334 0.48194444444444445 0.021875 0.04259259259259259
19 0.8986979166666667 0.34305555555555556 0.01875 0.04259259259259259
20 0.7390625 0.5115740740740741 0.021875 0.041666666666666664
9 0.590625 0.9069444444444444 0.0234375 0.03796296296296296
10 0.18489583333333334 0.5935185185185186 0.021875 0.037037037037037035
12 0.31744791666666666 0.7861111111111111 0.023958333333333335 0.041666666666666664