1 0.48932291666666666 0.03287037037037037 0.036458333333333336 0.05092592592592592
2 0.9140625 0.125 0.026041666666666668 0.04722222222222222
3 0.08854166666666667 0.8685185185185185 0.0234375 0.046296296296296294
4 0.48854166666666665 0.9708333333333333 0.033854166666666664 0.04537037037037037
5 0.8994791666666667 0.8856481481481482 0.0296875 0.04814814814814815
6 0.5489583333333333 0.12129629629629629 0.022395833333333334 0.041666666666666664
7 0.7036458333333333 0.11342592592592593 0.021354166666666667 0.03981481481481482
8 0.10833333333333334 0.5189814814814815 0.021354166666666667 0.03148148148148148
9 0.9020833333333333 0.6513888888888889 0.019791666666666666 0.03611111111111111
10 0.578125 0.1763888888888889 0.025 0.041666666666666664
11 0.22604166666666667 0.2412037037037037 0.021354166666666667 0.03796296296296296
13 0.8078125 0.5277777777777778 0.0203125 0.03518518518518519
14 0.58203125 0.6759259259259259 0.026041666666666668 0.040740740740740744
16 0.8966145833333333 0.5685185185185185 0.019270833333333334 0.03518518518518519
17 0.7864583333333334 0.5921296296296297 0.022395833333333334 0.044444444444444446
18 0.75078125 0.3375 0.022395833333333334 0.040740740740740744
20 0.7919270833333333 0.5421296296296296 0.0203125 0.037037037037037035
21 0.5927083333333333 0.43287037037037035 0.025 0.041666666666666664