0 0.07845052083333333 0.13483796296296297 0.022786458333333332 0.052083333333333336
1 0.4908854166666667 0.031828703703703706 0.037760416666666664 0.059027777777777776
2 0.9130859375 0.1267361111111111 0.027994791666666668 0.05439814814814815
3 0.09147135416666667 0.8692129629629629 0.025390625 0.05092592592592592
4 0.4896763392857143 0.9746527777777778 0.039248511904761925 0.04884259259259259
5 0.8997395833333334 0.8836805555555556 0.024739583333333332 0.059027777777777776
6 0.7496744791666666 0.11921296296296297 0.021484375 0.041666666666666664
14 0.7327473958333334 0.18055555555555555 0.024088541666666668 0.041666666666666664
17 0.5026041666666666 0.6863425925925926 0.026041666666666668 0.04398148148148148
18 0.7591145833333334 0.48148148148148145 0.022135416666666668 0.041666666666666664
20 0.7395833333333334 0.5115740740740741 0.022135416666666668 0.03935185185185185
9 0.2659505208333333 0.27141203703703703 0.022786458333333332 0.04282407407407408
10 0.15234375 0.6516203703703703 0.01953125 0.041666666666666664
12 0.3170572916666667 0.7835648148148148 0.0234375 0.041666666666666664