0 0.0771484375 0.1394675925925926 0.029296875 0.04976851851851852
1 0.4889322916666667 0.028356481481481483 0.037760416666666664 0.05439814814814815
2 0.9137369791666666 0.12384259259259259 0.021484375 0.05324074074074074
3 0.09212239583333333 0.8686342592592593 0.022786458333333332 0.04976851851851852
4 0.48802747661564627 0.9734953703703704 0.034648703231292544 0.05115740740740741
5 0.8994140625 0.8917824074074074 0.027994791666666668 0.04513888888888889
6 0.4554036458333333 0.48726851851851855 0.024088541666666668 0.046296296296296294
7 0.9039713541666666 0.5949074074074074 0.020182291666666668 0.037037037037037035
14 0.6373697916666666 0.10821759259259259 0.022135416666666668 0.04282407407407408
17 0.83203125 0.18460648148148148 0.01953125 0.03819444444444445
18 0.7587890625 0.48148148148148145 0.022786458333333332 0.041666666666666664
19 0.9059244791666666 0.16435185185185186 0.018880208333333332 0.032407407407407406
20 0.7389322916666666 0.5115740740740741 0.0234375 0.04398148148148148
9 0.17122395833333334 0.4965277777777778 0.020833333333333332 0.03935185185185185
10 0.185546875 0.5960648148148148 0.020833333333333332 0.037037037037037035
12 0.3173828125 0.7853009259259259 0.022786458333333332 0.04050925925925926