0 0.0765625 0.13518518518518519 0.01875 0.04814814814814815
1 0.48854166666666665 0.028703703703703703 0.0359375 0.053703703703703705
2 0.91171875 0.1259259259259259 0.022916666666666665 0.053703703703703705
3 0.08984375 0.8731481481481481 0.028645833333333332 0.05185185185185185
5 0.8984375 0.887962962962963 0.025 0.05092592592592592
6 0.7671875 0.6087962962962963 0.021354166666666667 0.041666666666666664
7 0.90390625 0.5953703703703703 0.017708333333333333 0.03796296296296296
14 0.6369791666666667 0.1087962962962963 0.021354166666666667 0.041666666666666664
17 0.8317708333333333 0.18564814814814815 0.0203125 0.04259259259259259
18 0.7591145833333334 0.48194444444444445 0.021875 0.03796296296296296
19 0.8997395833333334 0.3435185185185185 0.018229166666666668 0.03888888888888889
20 0.7393229166666667 0.5111111111111111 0.021354166666666667 0.040740740740740744
9 0.3609375 0.2037037037037037 0.022916666666666665 0.03888888888888889
10 0.18515625 0.5949074074074074 0.0203125 0.041666666666666664
12 0.31666666666666665 0.7851851851851852 0.022916666666666665 0.040740740740740744