0 0.07571138211382115 0.13245257452574527 0.023501016260162603 0.0485546522131888
1 0.48856707317073167 0.03139114724480579 0.03239329268292686 0.05194218608852755
2 0.9144435975609755 0.12680668473351403 0.025406504065040636 0.0485546522131888
3 0.0893673780487805 0.8686766034327008 0.02667682926829267 0.044037940379403846
4 0.4892022357723577 0.9703026196928635 0.03366361788617886 0.046296296296296294
5 0.8995172764227642 0.8850496838301716 0.027311991869918728 0.049683830171635024
6 0.8290142276422763 0.40176151761517614 0.019690040650406478 0.04065040650406502
7 0.7877286585365854 0.16576332429990967 0.019690040650406478 0.03387533875338752
8 0.5298526422764227 0.4864498644986449 0.023501016260162544 0.04516711833784997
9 0.9023755081300813 0.6496160794941283 0.016514227642276443 0.03500451671183374
10 0.655614837398374 0.21883468834688347 0.023501016260162544 0.04290876242095752
11 0.7683561991869918 0.5101626016260162 0.02032520325203251 0.04065040650406502
13 0.810912093495935 0.5344399277326106 0.019054878048780567 0.037262872628726296
14 0.7022992886178863 0.37409665763324296 0.021595528455284452 0.03952122854561879
15 0.5514481707317073 0.36901535682023484 0.023501016260162544 0.04516711833785007
16 0.8947535569105691 0.5688798554652212 0.017784552845528503 0.03839205058717247
17 0.7810594512195121 0.5762195121951219 0.02032520325203251 0.03952122854561885
18 0.7521595528455284 0.3278003613369467 0.0222306910569106 0.03952122854561879
19 0.9065040650406504 0.46499548328816614 0.017149390243902354 0.03161698283649496
20 0.7909044715447154 0.54516711833785 0.018419715447154535 0.04065040650406502
21 0.7299288617886179 0.38877597109304424 0.023501016260162662 0.037262872628726296