0 0.07571138211382115 0.13471093044263777 0.026041666666666668 0.041779584462511295
1 0.4901549796747967 0.030826558265582667 0.03556910569105695 0.0530713640469738
2 0.9119029471544715 0.12454832881662152 0.026676829268292578 0.0440379403794038
3 0.0893673780487805 0.8714995483288165 0.025406504065040636 0.051942186088527575
4 0.48856707317073167 0.9731255645889793 0.031122967479674794 0.04516711833785002
5 0.8982469512195121 0.8850496838301716 0.026041666666666668 0.051942186088527575
6 0.18781758130081302 0.8607723577235771 0.02286585365853657 0.03952122854561885
7 0.7042047764227642 0.11382113821138212 0.02286585365853663 0.04065040650406502
8 0.16908028455284554 0.45200993676603435 0.023501016260162603 0.03500451671183374
9 0.9023755081300813 0.6507452574525745 0.019054878048780446 0.037262872628726296
10 0.5790777439024389 0.17705510388437218 0.02286585365853663 0.038392050587172516
11 0.22529217479674798 0.2442411924119241 0.021595528455284542 0.03952122854561879
13 0.8074186991869917 0.5287940379403793 0.020960365853658538 0.03952122854561885
14 0.5803480691056909 0.8799683830171634 0.025406504065040636 0.037262872628726296
16 0.8957063008130081 0.5694444444444444 0.018419715447154417 0.03274616079494129
17 0.7874110772357723 0.5903342366757001 0.02159552845528457 0.03839205058717257
18 0.7505716463414633 0.33739837398373984 0.02286585365853663 0.03839205058717257
20 0.7909044715447154 0.5440379403794038 0.018419715447154535 0.03839205058717257
21 0.5924161585365854 0.43337850045167114 0.024136178861788576 0.04065040650406502