0 0.07475863821138212 0.13358175248419152 0.024136178861788617 0.0440379403794038
1 0.49047256097560976 0.0336495031616983 0.034933943089430916 0.05420054200542006
2 0.9131732723577234 0.12398373983739841 0.026676829268292696 0.04742547425474255
3 0.09032012195121952 0.8692411924119241 0.02350101626016259 0.049683830171635024
4 0.4901549796747967 0.9714317976513097 0.033028455284552824 0.046296296296296294
5 0.9004700203252033 0.882791327913279 0.02794715447154476 0.04742547425474268
6 0.7159552845528455 0.3955510388437218 0.0222306910569106 0.041779584462511295
7 0.7867759146341463 0.16689250225835592 0.019054878048780446 0.03613369467028001
8 0.5396976626016259 0.5491192411924118 0.024136178861788576 0.041779584462511295
9 0.9023755081300813 0.6496160794941283 0.016514227642276443 0.03274616079494129
10 0.6552972560975608 0.21883468834688347 0.022865853658536512 0.04065040650406507
11 0.2605436991869919 0.1330171635049684 0.02223069105691057 0.038392050587172544
13 0.8074186991869917 0.5287940379403793 0.019690040650406478 0.03952122854561885
14 0.6346544715447154 0.33683378500451666 0.022230691056910484 0.041779584462511295
15 0.5498602642276423 0.3712737127371274 0.02286585365853663 0.04065040650406507
16 0.8957063008130082 0.5700090334236675 0.01587906504065041 0.03387533875338746
17 0.7791539634146342 0.5779132791327912 0.02159552845528457 0.04065040650406502
18 0.7502540650406504 0.3283649503161698 0.019690040650406478 0.03613369467028001
19 0.7991615853658537 0.616869918699187 0.020960365853658538 0.037262872628726296
20 0.7912220528455284 0.5434733514001806 0.019054878048780446 0.037262872628726296
21 0.7130970528455284 0.2769873532068654 0.02159552845528457 0.03952122854561879