1 0.7622395833333333 0.4828703703703704 0.030729166666666665 0.062037037037037036
4 0.23489583333333333 0.4824074074074074 0.026041666666666668 0.058333333333333334
6 0.5588541666666667 0.8837962962962963 0.0234375 0.03981481481481482
7 0.6872395833333333 0.9962962962962963 0.0203125 0.007407407407407408
8 0.47239583333333335 0.5703703703703704 0.0234375 0.04259259259259259
10 0.6580729166666667 0.7759259259259259 0.022916666666666665 0.040740740740740744
11 0.7065104166666667 0.07407407407407407 0.021354166666666667 0.03981481481481482
14 0.5916666666666667 0.7393518518518518 0.0234375 0.03981481481481482
15 0.5723958333333333 0.5884259259259259 0.022916666666666665 0.040740740740740744
17 0.45625 0.9884259259259259 0.022916666666666665 0.023148148148148147
18 0.5966145833333333 0.9449074074074074 0.0203125 0.03518518518518519
21 0.6255208333333333 0.8787037037037037 0.022395833333333334 0.03796296296296296