1 0.23697916666666666 0.5180555555555556 0.03229166666666667 0.05185185185185185
4 0.7645833333333333 0.5212962962962963 0.03229166666666667 0.04722222222222222
7 0.27734375 0.3962962962962963 0.019791666666666666 0.03611111111111111
14 0.546875 0.050462962962962966 0.019791666666666666 0.03611111111111111
15 0.5325520833333334 0.09907407407407408 0.019791666666666666 0.03333333333333333
18 0.5700520833333333 0.03287037037037037 0.0203125 0.040740740740740744
19 0.6341145833333334 0.16805555555555557 0.021875 0.037037037037037035
20 0.5041666666666667 0.08703703703703704 0.0203125 0.03518518518518519
10 0.278125 0.6824074074074075 0.020833333333333332 0.03796296296296296
13 0.60625 0.08981481481481482 0.018229166666666668 0.03796296296296296
6 0.3572916666666667 0.34305555555555556 0.020833333333333332 0.03796296296296296