1 0.7638020833333333 0.48009259259259257 0.0296875 0.06111111111111111
4 0.234375 0.48148148148148145 0.025520833333333333 0.058333333333333334
7 0.68671875 0.9958333333333333 0.021354166666666667 0.008333333333333333
8 0.6567708333333333 0.6527777777777778 0.0203125 0.040740740740740744
10 0.6588541666666666 0.7777777777777778 0.022916666666666665 0.03981481481481482
11 0.64375 0.014814814814814815 0.019791666666666666 0.02962962962962963
14 0.5911458333333334 0.7393518518518518 0.0234375 0.03981481481481482
15 0.5739583333333333 0.5893518518518519 0.025 0.041666666666666664
17 0.44817708333333334 0.9962962962962963 0.0203125 0.007407407407407408
18 0.596875 0.9476851851851852 0.020833333333333332 0.03796296296296296
21 0.6255208333333333 0.8800925925925925 0.0234375 0.04259259259259259