0 0.0771484375 0.13657407407407407 0.021484375 0.03935185185185185
1 0.4886067708333333 0.03125 0.027994791666666668 0.05787037037037037
2 0.9108072916666666 0.1261574074074074 0.024739583333333332 0.041666666666666664
3 0.0908203125 0.8668981481481481 0.022786458333333332 0.041666666666666664
4 0.4899088541666667 0.9715277777777778 0.025390625 0.05694444444444444
5 0.8971354166666666 0.8807870370370371 0.022135416666666668 0.041666666666666664
15 0.7252604166666666 0.5578703703703703 0.020833333333333332 0.034722222222222224
16 0.8121744791666666 0.5734953703703703 0.020182291666666668 0.03587962962962963
20 0.7314453125 0.5092592592592593 0.021484375 0.034722222222222224
8 0.8929036458333334 0.5931712962962963 0.016276041666666668 0.03356481481481482
12 0.8707682291666666 0.4050925925925926 0.016276041666666668 0.034722222222222224
13 0.6735026041666666 0.8854166666666666 0.018880208333333332 0.032407407407407406
17 0.9029947916666666 0.2847222222222222 0.015625 0.032407407407407406
11 0.8994140625 0.20717592592592593 0.013671875 0.03009259259259259
18 0.7109375 0.8501157407407407 0.018229166666666668 0.03356481481481482
14 0.744140625 0.1423611111111111 0.01953125 0.037037037037037035
6 0.21321614583333334 0.8582175925925926 0.016276041666666668 0.03356481481481482
7 0.22102864583333334 0.2974537037037037 0.020182291666666668 0.034722222222222224
10 0.095703125 0.4253472222222222 0.016927083333333332 0.03125