1 0.7638020833333333 0.48148148148148145 0.03229166666666667 0.06111111111111111
4 0.23515625 0.48148148148148145 0.025520833333333333 0.06111111111111111
7 0.6875 0.9953703703703703 0.020833333333333332 0.009259259259259259
8 0.671875 0.6268518518518519 0.022395833333333334 0.03611111111111111
10 0.6591145833333333 0.7777777777777778 0.0234375 0.03981481481481482
11 0.64375 0.01712962962962963 0.020833333333333332 0.03425925925925926
14 0.5916666666666667 0.7393518518518518 0.025 0.041666666666666664
15 0.5736979166666667 0.5898148148148148 0.023958333333333335 0.03796296296296296
17 0.44817708333333334 0.9953703703703703 0.0203125 0.009259259259259259
18 0.5958333333333333 0.9490740740740741 0.021354166666666667 0.03611111111111111
21 0.6255208333333333 0.8787037037037037 0.022395833333333334 0.040740740740740744