0 0.07666412601626019 0.1330171635049684 0.026676829268292682 0.04742547425474255
1 0.48856707317073167 0.029697380307136416 0.03239329268292686 0.0575880758807588
2 0.9115853658536585 0.12116079494128276 0.02858231707317067 0.046296296296296294
3 0.08650914634146342 0.8686766034327008 0.031122967479674794 0.04855465221318874
4 0.4895198170731707 0.9669150858175246 0.03683943089430895 0.04855465221318864
5 0.89697662601626 0.8816621499548328 0.031122967479674794 0.047425474254742576
6 0.7550177845528455 0.8302845528455283 0.02159552845528457 0.03952122854561874
7 0.3110391260162602 0.6021906052393856 0.024136178861788635 0.041779584462511295
8 0.6222688008130082 0.3549006323396567 0.027947154471544642 0.04177958446251124
12 0.38471798780487804 0.47233514001806687 0.025406504065040636 0.04177958446251124
13 0.776295731707317 0.7890695573622402 0.020960365853658538 0.04290876242095757
14 0.6248094512195121 0.5434733514001806 0.024136178861788576 0.046296296296296294
15 0.7134146341463413 0.1911698283649503 0.0222306910569106 0.04177958446251127
16 0.24529979674796748 0.7422086720867208 0.02223069105691057 0.037262872628726296
17 0.5631986788617886 0.10478771454381211 0.025406504065040636 0.04742547425474255
18 0.694677337398374 0.33288166214995485 0.024136178861788694 0.04290876242095757
19 0.38884654471544716 0.5609756097560975 0.026041666666666668 0.042908762420957466
20 0.6883257113821137 0.5666214995483286 0.024136178861788694 0.04065040650406502
21 0.22719766260162602 0.8506097560975608 0.024136178861788635 0.041779584462511295