0 0.07737198795180728 0.13241856314145473 0.02823795180722891 0.045738509593931276
1 0.4883910642570281 0.03647925033467207 0.037023092369477935 0.0502008032128514
2 0.9122740963855421 0.12349397590361451 0.027610441767068276 0.050200803212851405
3 0.08992218875502012 0.8692547969656402 0.02572791164658635 0.044622936189201226
4 0.48933232931726905 0.969098616688978 0.0376506024096385 0.05020080321285129
5 0.8997238955823293 0.8809683177153056 0.030120481927710805 0.050200803212851496
6 0.6822916666666666 0.1441320838911201 0.020707831325301147 0.037929495760821046
8 0.5458082329317269 0.4854975457385096 0.023845381526104367 0.04239178937974115
10 0.8959588353413656 0.21050870147255693 0.017570281124498047 0.03458277554663096
11 0.847640562248996 0.2696340919232486 0.01882530120481931 0.03458277554663101
12 0.28601907630522094 0.8882195448460509 0.02133534136546184 0.03569834895136102
13 0.8269327309236947 0.30142793395805445 0.020080321285140576 0.037929495760821046
14 0.14451556224899603 0.6149040606871933 0.019452811244979915 0.033467202141900895
17 0.8168925702811245 0.7247880410531012 0.01882530120481931 0.03681392235609104
19 0.3829693775100402 0.9077420794288263 0.023217871485943793 0.03904506916555106
20 0.732492469879518 0.5111557340473003 0.020707831325301147 0.037929495760821046
21 0.7017444779116466 0.3661311914323963 0.023217871485943793 0.040160642570281124