0 0.076171875 0.13773148148148148 0.022135416666666668 0.04861111111111111
1 0.4899088541666667 0.02662037037037037 0.039713541666666664 0.05324074074074074
2 0.9124348958333334 0.1267361111111111 0.025390625 0.04513888888888889
3 0.09049479166666667 0.8663194444444444 0.01953125 0.04050925925925926
4 0.4908854166666667 0.9722222222222222 0.037760416666666664 0.053703703703703705
5 0.8994140625 0.8859953703703703 0.024088541666666668 0.04282407407407408
6 0.546875 0.41203703703703703 0.024739583333333332 0.046296296296296294
7 0.8815104166666666 0.5949074074074074 0.01953125 0.032407407407407406
14 0.7955729166666666 0.2795138888888889 0.022135416666666668 0.03819444444444445
15 0.8069661458333334 0.7407407407407407 0.021484375 0.034722222222222224
16 0.7180989583333334 0.8159722222222222 0.022135416666666668 0.037037037037037035
17 0.9055989583333334 0.22800925925925927 0.018229166666666668 0.034722222222222224
18 0.7594401041666666 0.4820601851851852 0.021484375 0.04050925925925926
19 0.8990885416666666 0.3443287037037037 0.016927083333333332 0.03587962962962963
20 0.7392578125 0.5127314814814815 0.021484375 0.03935185185185185
21 0.814453125 0.5439814814814815 0.01953125 0.03935185185185185
8 0.7750651041666666 0.5451388888888888 0.022786458333333332 0.037037037037037035
9 0.5927734375 0.8854166666666666 0.022786458333333332 0.03935185185185185
10 0.20475260416666666 0.6556712962962963 0.022786458333333332 0.04050925925925926
11 0.8629557291666666 0.2673611111111111 0.021484375 0.037037037037037035
12 0.20572916666666666 0.8518518518518519 0.01953125 0.03935185185185185
13 0.7936197916666666 0.484375 0.020833333333333332 0.04050925925925926