0 0.07760416666666667 0.1361111111111111 0.021875 0.05
1 0.4890625 0.027777777777777776 0.035416666666666666 0.05092592592592592
2 0.91171875 0.12407407407407407 0.023958333333333335 0.05092592592592592
3 0.090625 0.8726851851851852 0.025 0.05092592592592592
4 0.48984375 0.975925925925926 0.0359375 0.046296296296296294
5 0.8984375 0.8837962962962963 0.027083333333333334 0.05185185185185185
6 0.8963541666666667 0.37962962962962965 0.018229166666666668 0.03888888888888889
7 0.9046875 0.5962962962962963 0.016145833333333335 0.037037037037037035
14 0.63828125 0.10833333333333334 0.022916666666666665 0.040740740740740744
17 0.8317708333333333 0.18611111111111112 0.0203125 0.037037037037037035
18 0.7591145833333334 0.48148148148148145 0.021875 0.041666666666666664
20 0.7393229166666667 0.5115740740740741 0.0203125 0.041666666666666664
9 0.4947916666666667 0.7087962962962963 0.0234375 0.04259259259259259
10 0.153125 0.6509259259259259 0.020833333333333332 0.03796296296296296
12 0.31666666666666665 0.7847222222222222 0.023958333333333335 0.041666666666666664