0 0.078125 0.13368055555555555 0.0234375 0.04282407407407408
1 0.4889322916666667 0.026041666666666668 0.03515625 0.052083333333333336
2 0.912109375 0.1232638888888889 0.026041666666666668 0.047453703703703706
3 0.09147135416666667 0.8726851851851852 0.022786458333333332 0.05092592592592592
4 0.48976562500000004 0.9740740740740741 0.03812500000000003 0.05
5 0.9000651041666666 0.8854166666666666 0.025390625 0.05324074074074074
6 0.7613932291666666 0.6209490740740741 0.021484375 0.04050925925925926
7 0.9036458333333334 0.5960648148148148 0.018229166666666668 0.03935185185185185
14 0.6373697916666666 0.1076388888888889 0.022135416666666668 0.04398148148148148
17 0.8326822916666666 0.1857638888888889 0.020833333333333332 0.03587962962962963
18 0.7594401041666666 0.4832175925925926 0.021484375 0.04282407407407408
19 0.8997395833333334 0.3443287037037037 0.018229166666666668 0.03587962962962963
20 0.7395833333333334 0.5104166666666666 0.022135416666666668 0.03935185185185185
9 0.4436848958333333 0.14351851851851852 0.025390625 0.046296296296296294
10 0.185546875 0.5954861111111112 0.0234375 0.03819444444444445
12 0.3173828125 0.7858796296296297 0.021484375 0.03935185185185185