0 0.07708333333333334 0.13287037037037036 0.03125 0.05648148148148148
1 0.48854166666666665 0.03287037037037037 0.03125 0.04814814814814815
2 0.9114583333333334 0.11898148148148148 0.03229166666666667 0.05740740740740741
3 0.08567708333333333 0.8703703703703703 0.03177083333333333 0.05648148148148148
4 0.48828125 0.9680555555555556 0.029166666666666667 0.041666666666666664
5 0.8984375 0.8856481481481482 0.03177083333333333 0.05740740740740741
6 0.7825520833333334 0.7648148148148148 0.022395833333333334 0.041666666666666664
7 0.7794270833333333 0.2986111111111111 0.022395833333333334 0.044444444444444446
8 0.384375 0.5199074074074074 0.025 0.044444444444444446
9 0.5346354166666667 0.7023148148148148 0.022916666666666665 0.04537037037037037
10 0.2559895833333333 0.1787037037037037 0.0296875 0.044444444444444446
11 0.7338541666666667 0.49444444444444446 0.025 0.040740740740740744
12 0.35859375 0.6884259259259259 0.0265625 0.03796296296296296
14 0.6708333333333333 0.7851851851851852 0.025 0.046296296296296294
16 0.33489583333333334 0.6990740740740741 0.022395833333333334 0.044444444444444446
19 0.7442708333333333 0.8657407407407407 0.0203125 0.040740740740740744