0 0.07779947916666667 0.13425925925925927 0.022786458333333332 0.05092592592592592
1 0.4908854166666667 0.030671296296296297 0.0390625 0.04976851851851852
2 0.9117838541666666 0.12384259259259259 0.025390625 0.06481481481481481
3 0.091796875 0.8732638888888888 0.026041666666666668 0.05439814814814815
4 0.4899088541666667 0.9745370370370371 0.038411458333333336 0.04861111111111111
5 0.9010416666666666 0.8877314814814815 0.0234375 0.04861111111111111
6 0.28515625 0.5931712962962963 0.024739583333333332 0.04282407407407408
14 0.6149088541666666 0.16608796296296297 0.022786458333333332 0.04513888888888889
17 0.5026041666666666 0.6863425925925926 0.024739583333333332 0.041666666666666664
18 0.759765625 0.48148148148148145 0.0234375 0.041666666666666664
20 0.7395833333333334 0.5104166666666666 0.022135416666666668 0.03935185185185185
9 0.2662760416666667 0.27141203703703703 0.0234375 0.04050925925925926
10 0.15266927083333334 0.6516203703703703 0.021484375 0.03935185185185185
12 0.10872395833333333 0.8165509259259259 0.020833333333333332 0.03125