0 0.075 0.13564814814814816 0.025 0.046296296296296294
1 0.48880208333333336 0.02962962962962963 0.0328125 0.05555555555555555
2 0.9135416666666667 0.12453703703703704 0.027083333333333334 0.05092592592592592
3 0.08932291666666667 0.8694444444444445 0.023958333333333335 0.05
4 0.48880208333333336 0.9731481481481481 0.0328125 0.04537037037037037
5 0.8994791666666667 0.8851851851851852 0.027083333333333334 0.05
6 0.7440104166666667 0.8282407407407407 0.020833333333333332 0.03518518518518519
7 0.7880208333333333 0.16620370370370371 0.0203125 0.037037037037037035
8 0.5395833333333333 0.5486111111111112 0.021354166666666667 0.04259259259259259
9 0.90234375 0.6509259259259259 0.017708333333333333 0.03518518518518519
10 0.6565104166666667 0.21712962962962962 0.019270833333333334 0.044444444444444446
11 0.22473958333333333 0.24444444444444444 0.0203125 0.037037037037037035
13 0.8083333333333333 0.5277777777777778 0.0203125 0.037037037037037035
14 0.6348958333333333 0.3375 0.021354166666666667 0.04259259259259259
15 0.5494791666666666 0.36898148148148147 0.0234375 0.040740740740740744
16 0.8947916666666667 0.5675925925925925 0.017708333333333333 0.03425925925925926
17 0.78671875 0.5902777777777778 0.0203125 0.03611111111111111
18 0.7505208333333333 0.32731481481481484 0.0203125 0.03611111111111111
19 0.8752604166666667 0.8416666666666667 0.018229166666666668 0.030555555555555555
20 0.7924479166666667 0.5462962962962963 0.022916666666666665 0.040740740740740744
21 0.7130208333333333 0.274537037037037 0.021354166666666667 0.03981481481481482