1 0.7645833333333333 0.500462962962963 0.025 0.06111111111111111
4 0.23984375 0.49444444444444446 0.025 0.04814814814814815
7 0.5645833333333333 0.6319444444444444 0.0234375 0.044444444444444446
8 0.31484375 0.8541666666666666 0.022395833333333334 0.03796296296296296
9 0.6838541666666667 0.4199074074074074 0.025 0.044444444444444446
11 0.5403645833333334 0.4476851851851852 0.0234375 0.04259259259259259
12 0.6799479166666667 0.30972222222222223 0.025 0.040740740740740744
13 0.38515625 0.020833333333333332 0.021354166666666667 0.040740740740740744
14 0.6966145833333334 0.05277777777777778 0.022395833333333334 0.044444444444444446
15 0.5260416666666666 0.49583333333333335 0.025520833333333333 0.04259259259259259
18 0.5393229166666667 0.3023148148148148 0.023958333333333335 0.03981481481481482
19 0.7260416666666667 0.1675925925925926 0.022916666666666665 0.04722222222222222
20 0.6369791666666667 0.8050925925925926 0.025 0.03981481481481482