0 0.07708333333333334 0.13425925925925927 0.022916666666666665 0.053703703703703705
1 0.48984375 0.02962962962962963 0.0359375 0.05185185185185185
2 0.9130208333333333 0.12731481481481483 0.0265625 0.04814814814814815
3 0.09114583333333333 0.8685185185185185 0.026041666666666668 0.04537037037037037
4 0.4901041666666667 0.975925925925926 0.040625 0.046296296296296294
5 0.9005208333333333 0.8865740740740741 0.028645833333333332 0.04814814814814815
6 0.8302083333333333 0.8009259259259259 0.019791666666666666 0.03518518518518519
14 0.6375 0.1087962962962963 0.0234375 0.03888888888888889
17 0.5026041666666666 0.6856481481481481 0.0234375 0.04259259259259259
18 0.7591145833333334 0.48148148148148145 0.0234375 0.041666666666666664
20 0.7393229166666667 0.5101851851851852 0.022916666666666665 0.041666666666666664
9 0.434375 0.8194444444444444 0.025 0.041666666666666664
10 0.15234375 0.6518518518518519 0.020833333333333332 0.041666666666666664
12 0.31640625 0.7851851851851852 0.0234375 0.04259259259259259