0 0.07602896341463418 0.1330171635049684 0.02880026435151076 0.051200469958241346
1 0.4869791666666667 0.03287037037037037 0.04114583333333333 0.06574074074074074
2 0.9125381097560975 0.12059620596205962 0.03420455289084406 0.06080809402816731
3 0.09190802845528458 0.8726287262872628 0.03683943089430886 0.06549232158988237
4 0.4875 0.9708333333333333 0.0359375 0.058333333333333334
5 0.8979293699186992 0.8861788617886178 0.03504348126050208 0.06229952224089259
6 0.5409679878048781 0.4198283649503161 0.025564801572024957 0.04544853612804437
8 0.6597433943089431 0.5248419150858175 0.023320070821501324 0.041457903682669016
10 0.8820503048780488 0.24932249322493225 0.019349017037255816 0.034398252510677005
11 0.7651803861788617 0.5383920505871724 0.02272426806402213 0.040398698780484
12 0.28563262195121947 0.887308039747064 0.023354644703824097 0.04151936836235395
13 0.8274263211382114 0.3012646793134598 0.022474347069301594 0.03995439478986951
14 0.1128683943089431 0.6479223125564588 0.022221615452916618 0.039505094138518486
15 0.8420350609756098 0.8477868112014453 0.020950739967569375 0.03724575994234556
17 0.817263719512195 0.7247064137308039 0.021707326588713254 0.038590802824379114
19 0.38217733739837395 0.9076332429990964 0.02332007082150156 0.04145790368266944
20 0.732151930894309 0.5124209575429087 0.025215235316665505 0.04482708500740555
21 0.7029344512195121 0.3656278229448961 0.022901113284197076 0.04071309028301713