0 0.07862700803212855 0.13409192324854982 0.02823795180722891 0.04685408299866132
1 0.48901857429718876 0.03313253012048197 0.03702309236947787 0.050200803212851405
2 0.9107053212851405 0.12516733601070956 0.026982931726907702 0.05354752342704149
3 0.08929467871485948 0.8675814368585453 0.028237951807228923 0.05243195002231152
4 0.48839106425702816 0.9657518964747881 0.03451305220883535 0.05689424364123147
5 0.9000376506024097 0.8815261044176707 0.02949297188755023 0.053547523427041534
6 0.7058232931726908 0.40294511378848724 0.021335341365461957 0.040160642570281124
10 0.8956450803212851 0.21050870147255693 0.016942771084337355 0.03235162873717091
11 0.8482680722891566 0.2696340919232486 0.02133534136546184 0.03904506916555106
12 0.28664658634538154 0.8887773315484159 0.02133534136546184 0.03681392235609104
13 0.8281877510040161 0.3031012940651495 0.020080321285140576 0.03681392235609104
14 0.14482931726907633 0.6160196340919233 0.020080321285140545 0.03569834895136102
17 0.8175200803212851 0.7247880410531014 0.020080321285140576 0.0345827755466309
19 0.3832831325301205 0.9071842927264613 0.02259036144578316 0.04016064257028118
20 0.7328062248995983 0.5111557340473003 0.02133534136546184 0.04016064257028107
21 0.7409638554216866 0.30867916108879967 0.020080321285140576 0.03681392235609098