0 0.07473958333333333 0.13240740740740742 0.0265625 0.05555555555555555
1 0.4903645833333333 0.031018518518518518 0.036458333333333336 0.044444444444444446
2 0.9114583333333334 0.12407407407407407 0.0296875 0.05462962962962963
3 0.0890625 0.8685185185185185 0.027083333333333334 0.046296296296296294
4 0.48802083333333335 0.9680555555555556 0.028645833333333332 0.04814814814814815
5 0.9010416666666666 0.8833333333333333 0.029166666666666667 0.05555555555555555
6 0.7822916666666667 0.5018518518518519 0.021354166666666667 0.041666666666666664
7 0.64140625 0.8462962962962963 0.022916666666666665 0.041666666666666664
8 0.903125 0.17037037037037037 0.0203125 0.040740740740740744
11 0.4036458333333333 0.7902777777777777 0.022916666666666665 0.040740740740740744
14 0.8578125 0.2810185185185185 0.017708333333333333 0.03796296296296296
15 0.7565104166666666 0.5560185185185185 0.026041666666666668 0.044444444444444446
16 0.7794270833333333 0.7037037037037037 0.022395833333333334 0.03518518518518519
17 0.4276041666666667 0.8287037037037037 0.022395833333333334 0.03796296296296296
18 0.8661458333333333 0.8578703703703704 0.017708333333333333 0.03611111111111111
19 0.8013020833333333 0.5875 0.021354166666666667 0.03981481481481482
20 0.621875 0.5236111111111111 0.026041666666666668 0.04259259259259259