0 0.07786458333333333 0.13518518518518519 0.025520833333333333 0.05555555555555555
1 0.48932291666666666 0.030555555555555555 0.03854166666666667 0.05185185185185185
2 0.9125 0.12453703703703704 0.0265625 0.05185185185185185
3 0.090625 0.8694444444444445 0.020833333333333332 0.05740740740740741
4 0.4901041666666667 0.9745370370370371 0.034895833333333334 0.049074074074074076
5 0.8997395833333334 0.887962962962963 0.025 0.05555555555555555
6 0.396875 0.09814814814814815 0.025520833333333333 0.041666666666666664
14 0.6375 0.10925925925925926 0.020833333333333332 0.04259259259259259
17 0.5013020833333334 0.687037037037037 0.025 0.04259259259259259
18 0.7598958333333333 0.48148148148148145 0.021875 0.044444444444444446
20 0.7390625 0.5115740740740741 0.0234375 0.041666666666666664
9 0.26614583333333336 0.2712962962962963 0.0234375 0.04259259259259259
10 0.1515625 0.6527777777777778 0.020833333333333332 0.03888888888888889
12 0.31666666666666665 0.7847222222222222 0.022916666666666665 0.03888888888888889