0 0.08671875 0.12129629629629629 0.03177083333333333 0.04814814814814815
1 0.4973958333333333 0.03009259259259259 0.0296875 0.04259259259259259
2 0.92109375 0.11666666666666667 0.028645833333333332 0.05092592592592592
3 0.09375 0.8541666666666666 0.0265625 0.05092592592592592
4 0.4953125 0.9587962962962963 0.028125 0.04814814814814815
5 0.90234375 0.8773148148148148 0.025520833333333333 0.05185185185185185
6 0.09869791666666666 0.2351851851851852 0.0171875 0.03518518518518519
7 0.5747395833333333 0.3851851851851852 0.023958333333333335 0.046296296296296294
8 0.6986979166666667 0.8282407407407407 0.026041666666666668 0.046296296296296294
9 0.4546875 0.17175925925925925 0.028125 0.044444444444444446
10 0.7809895833333333 0.888425925925926 0.023958333333333335 0.03611111111111111
11 0.46927083333333336 0.4263888888888889 0.025520833333333333 0.04537037037037037
12 0.3953125 0.17777777777777778 0.027083333333333334 0.044444444444444446
13 0.23072916666666668 0.7032407407407407 0.020833333333333332 0.03796296296296296
14 0.24791666666666667 0.14953703703703702 0.025 0.03981481481481482
15 0.4973958333333333 0.4537037037037037 0.0234375 0.04537037037037037
16 0.12265625 0.14675925925925926 0.0234375 0.03425925925925926
17 0.8065104166666667 0.8013888888888889 0.022916666666666665 0.03796296296296296
18 0.38958333333333334 0.4310185185185185 0.025 0.040740740740740744
19 0.2984375 0.14537037037037037 0.023958333333333335 0.040740740740740744
20 0.6716145833333333 0.25555555555555554 0.0234375 0.041666666666666664
21 0.8458333333333333 0.5472222222222223 0.021354166666666667 0.04259259259259259