1 0.23645833333333333 0.5185185185185185 0.03229166666666667 0.046296296296296294
4 0.76328125 0.5194444444444445 0.03333333333333333 0.04351851851851852
15 0.5317708333333333 0.09768518518518518 0.018229166666666668 0.03611111111111111
20 0.50546875 0.08703703703703704 0.01875 0.03518518518518519
14 0.2994791666666667 0.06527777777777778 0.019791666666666666 0.03333333333333333
7 0.2825520833333333 0.6361111111111111 0.020833333333333332 0.03611111111111111
16 0.6526041666666667 0.7083333333333334 0.0203125 0.03518518518518519
18 0.6203125 0.8356481481481481 0.019791666666666666 0.030555555555555555
11 0.41015625 0.35462962962962963 0.020833333333333332 0.040740740740740744
6 0.32421875 0.7083333333333334 0.021875 0.037037037037037035
13 0.5302083333333333 0.8388888888888889 0.01875 0.037037037037037035