0 0.07291666666666667 0.13194444444444445 0.023958333333333335 0.03796296296296296
1 0.48880208333333336 0.031018518518518518 0.034375 0.05277777777777778
2 0.9140625 0.12407407407407407 0.027083333333333334 0.04722222222222222
3 0.08932291666666667 0.8671296296296296 0.022916666666666665 0.05
4 0.48932291666666666 0.9726851851851852 0.03125 0.041666666666666664
5 0.8997395833333334 0.8828703703703704 0.025520833333333333 0.05
21 0.7296875 0.38981481481481484 0.022916666666666665 0.041666666666666664
20 0.7908854166666667 0.5439814814814815 0.019791666666666666 0.03611111111111111
19 0.9075520833333334 0.4666666666666667 0.019270833333333334 0.03518518518518519
18 0.8140625 0.43333333333333335 0.021354166666666667 0.03425925925925926
17 0.7791666666666667 0.5768518518518518 0.021354166666666667 0.03796296296296296
16 0.8908854166666667 0.6212962962962963 0.019270833333333334 0.03518518518518519
15 0.55078125 0.36944444444444446 0.0234375 0.03981481481481482
14 0.7020833333333333 0.3763888888888889 0.022395833333333334 0.03981481481481482
13 0.8122395833333333 0.5351851851851852 0.021354166666666667 0.03796296296296296
12 0.09010416666666667 0.15185185185185185 0.016666666666666666 0.030555555555555555
11 0.76796875 0.5097222222222222 0.022395833333333334 0.03518518518518519
10 0.6559895833333333 0.21712962962962962 0.022916666666666665 0.044444444444444446
9 0.90234375 0.649537037037037 0.017708333333333333 0.03518518518518519
8 0.77578125 0.8550925925925926 0.0234375 0.03981481481481482
7 0.7864583333333334 0.16666666666666666 0.020833333333333332 0.03796296296296296
6 0.103125 0.16527777777777777 0.015625 0.030555555555555555