0 0.07475863821138212 0.13414634146341464 0.02540650406504065 0.04290876242095754
1 0.48856707317073167 0.03195573622402892 0.03366361788617886 0.0508130081300813
2 0.9144435975609755 0.12398373983739841 0.02794715447154476 0.045167118337850046
3 0.09127286585365856 0.8709349593495934 0.024136178861788603 0.05758807588075886
4 0.4892022357723577 0.9719963866305328 0.031122967479674794 0.047425474254742576
5 0.8995172764227642 0.8850496838301716 0.026041666666666668 0.049683830171635024
6 0.7489837398373983 0.7501129177958445 0.020960365853658538 0.03952122854561885
7 0.7867759146341463 0.16576332429990967 0.02032520325203251 0.038392050587172516
8 0.5393800813008129 0.5491192411924118 0.023501016260162662 0.03952122854561874
9 0.9017403455284553 0.6496160794941283 0.016514227642276325 0.03500451671183374
10 0.6530741869918699 0.21657633242999097 0.019690040650406478 0.04290876242095752
11 0.224974593495935 0.243676603432701 0.02223069105691057 0.04065040650406502
13 0.8071011178861788 0.5287940379403793 0.02032520325203251 0.037262872628726296
14 0.6349720528455284 0.33739837398373984 0.024136178861788576 0.04290876242095757
15 0.5517657520325204 0.37070912375790427 0.025406504065040636 0.046296296296296294
16 0.8957063008130082 0.5700090334236675 0.017149390243902475 0.03613369467028001
17 0.7877286585365854 0.5920280036133694 0.020960365853658538 0.041779584462511295
18 0.7527947154471545 0.328929539295393 0.0222306910569106 0.037262872628726296
19 0.8845909552845529 0.7772131887985545 0.017784552845528503 0.03274616079494129
20 0.7915396341463413 0.54516711833785 0.0222306910569106 0.03839205058717247
21 0.7140497967479675 0.2758581752484191 0.023501016260162662 0.03952122854561879