0 0.07634654471544718 0.13358175248419152 0.024771341463414635 0.0440379403794038
1 0.4876143292682927 0.03308491418247517 0.03429878048780489 0.0485546522131888
2 0.9141260162601625 0.12567750677506775 0.026041666666666668 0.0530713640469738
3 0.08746189024390245 0.8698057813911472 0.02286585365853657 0.046296296296296294
4 0.48824162795199383 0.9753726287262874 0.03301272744870308 0.04740289069557367
5 0.8991996951219512 0.8844850948509483 0.025406504065040636 0.0508130081300813
6 0.24148882113821138 0.5191960252935863 0.02223069105691057 0.04065040650406502
7 0.7978912601626017 0.45088075880758804 0.018419715447154417 0.03500451671183374
8 0.7963033536585367 0.5654923215898825 0.016514227642276443 0.03613369467028001
9 0.8128175813008129 0.5462962962962963 0.017784552845528386 0.033875338753387566
10 0.7823297764227642 0.46781842818428176 0.02032520325203251 0.03500451671183369
11 0.7648628048780488 0.527664859981933 0.018419715447154535 0.037262872628726296
12 0.7461255081300813 0.509598012646793 0.02032520325203251 0.03500451671183374
13 0.7969385162601625 0.5265356820234868 0.017784552845528386 0.03500451671183384
14 0.810912093495935 0.5841237579042456 0.017784552845528503 0.03500451671183374
15 0.7658155487804877 0.4892728093947606 0.02032520325203251 0.03500451671183379
16 0.7975736788617885 0.48870822041553746 0.016514227642276325 0.03387533875338752
17 0.7807418699186992 0.5479900632339656 0.018419715447154535 0.037262872628726296
18 0.8134527439024389 0.4700767841011743 0.0152439024390245 0.03500451671183369
19 0.8131351626016259 0.5084688346883468 0.017149390243902354 0.037262872628726185
20 0.7823297764227642 0.5056458897922311 0.0152439024390245 0.03387533875338746
21 0.8134527439024389 0.4305555555555556 0.019054878048780446 0.03500451671183384
22 0.732787093495935 0.5112917795844625 0.8223450203252032 0.3983739837398374 0.8191692073170731 0.6151761517615175