0 0.08523882113821139 0.12059620596205962 0.024771341463414635 0.05194218608852755
1 0.499682418699187 0.025180668473351413 0.03175813008130082 0.041779584462511295
2 0.9220655487804877 0.1217253839205059 0.030487804878048762 0.05194218608852755
3 0.09508384146341467 0.8523035230352303 0.027947154471544715 0.047425474254742576
4 0.4961890243902439 0.9612691960252935 0.02858231707317073 0.0553297199638663
5 0.9011051829268292 0.8782746160794941 0.025406504065040636 0.051942186088527575
6 0.19480436991869918 0.15334236675700091 0.021595528455284542 0.038392050587172544
7 0.5749491869918698 0.3836946702800361 0.026041666666666668 0.04290876242095757
8 0.698805894308943 0.8302845528455284 0.023501016260162662 0.04403794037940374
9 0.46252540650406504 0.18326558265582657 0.027311991869918728 0.04403794037940377
10 0.7042047764227642 0.8929539295392953 0.024136178861788694 0.04065040650406502
11 0.48539126016260165 0.44241192411924113 0.02858231707317073 0.04290876242095752
12 0.4485518292682927 0.13414634146341464 0.022230691056910543 0.045167118337850046
13 0.27578760162601623 0.819557362240289 0.020960365853658538 0.04065040650406512
14 0.3329522357723577 0.14600271002710027 0.024771341463414604 0.041779584462511295
15 0.5079395325203252 0.4254742547425474 0.024136178861788635 0.04516711833785007
16 0.2300558943089431 0.14092140921409213 0.02223069105691057 0.04290876242095754
17 0.8150406504065041 0.8353658536585366 0.019690040650406478 0.03613369467028001
18 0.40250254065040647 0.44410569105691056 0.025406504065040636 0.046296296296296245
19 0.46284298780487804 0.5846883468834687 0.025406504065040636 0.047425474254742576
20 0.6727642276422764 0.2577913279132791 0.024771341463414604 0.0440379403794038
21 0.8458460365853658 0.5502484191508582 0.02159552845528457 0.03952122854561874