0 0.07779947916666667 0.13425925925925927 0.022786458333333332 0.04398148148148148
1 0.4892578125 0.02546296296296296 0.038411458333333336 0.04861111111111111
2 0.9143880208333334 0.1267361111111111 0.024088541666666668 0.05439814814814815
4 0.48837607563405794 0.9746527777777778 0.034043817934782616 0.04884259259259259
5 0.8987630208333334 0.8848379629629629 0.024088541666666668 0.047453703703703706
6 0.5934244791666666 0.5549768518518519 0.022786458333333332 0.04282407407407408
7 0.9039713541666666 0.5954861111111112 0.016276041666666668 0.03819444444444445
14 0.6376953125 0.109375 0.021484375 0.04050925925925926
17 0.8330078125 0.1857638888888889 0.020182291666666668 0.03819444444444445
18 0.7591145833333334 0.4820601851851852 0.01953125 0.03819444444444445
19 0.8987630208333334 0.34375 0.017578125 0.034722222222222224
20 0.7395833333333334 0.5115740740740741 0.020833333333333332 0.03935185185185185
9 0.5911458333333334 0.90625 0.020833333333333332 0.037037037037037035
10 0.185546875 0.5954861111111112 0.01953125 0.04050925925925926
12 0.3180338541666667 0.7916666666666666 0.018880208333333332 0.02546296296296296
13 0.7919921875 0.28761574074074076 0.021484375 0.04050925925925926