0 0.07779947916666667 0.13541666666666666 0.021484375 0.046296296296296294
1 0.4899088541666667 0.02662037037037037 0.035807291666666664 0.04861111111111111
2 0.9127604166666666 0.1255787037037037 0.022135416666666668 0.052083333333333336
3 0.0908203125 0.8715277777777778 0.024088541666666668 0.05092592592592592
4 0.4877299423758865 0.9734953703703704 0.03795988475177303 0.05115740740740741
5 0.8990885416666666 0.8842592592592593 0.0234375 0.06018518518518518
6 0.8740234375 0.15219907407407407 0.018880208333333332 0.04050925925925926
7 0.904296875 0.5972222222222222 0.020833333333333332 0.037037037037037035
14 0.6370442708333334 0.1087962962962963 0.024088541666666668 0.03935185185185185
17 0.8317057291666666 0.18518518518518517 0.021484375 0.041666666666666664
18 0.7594401041666666 0.4809027777777778 0.022786458333333332 0.04513888888888889
20 0.7386067708333334 0.5109953703703703 0.022786458333333332 0.04050925925925926
9 0.4954427083333333 0.7089120370370371 0.0234375 0.047453703703703706
10 0.15299479166666666 0.6516203703703703 0.020833333333333332 0.03935185185185185
12 0.3180338541666667 0.7858796296296297 0.024088541666666668 0.041666666666666664