1 0.234375 0.5194444444444445 0.03125 0.06759259259259259
4 0.7661458333333333 0.5194444444444445 0.029166666666666667 0.06666666666666667
6 0.47760416666666666 0.3236111111111111 0.023958333333333335 0.040740740740740744
7 0.5489583333333333 0.05092592592592592 0.020833333333333332 0.03518518518518519
14 0.4114583333333333 0.0125 0.022916666666666665 0.025
18 0.4895833333333333 0.03796296296296296 0.021875 0.03518518518518519
19 0.4765625 0.1162037037037037 0.021875 0.040740740740740744
20 0.50625 0.07407407407407407 0.021354166666666667 0.037037037037037035
8 0.5244791666666667 0.015277777777777777 0.020833333333333332 0.030555555555555555
9 0.48723958333333334 0.28055555555555556 0.023958333333333335 0.04259259259259259
10 0.371875 0.3962962962962963 0.0234375 0.04259259259259259
12 0.359375 0.12037037037037036 0.020833333333333332 0.03888888888888889