1 0.4899088541666667 0.02546296296296296 0.039713541666666664 0.04861111111111111
2 0.9114583333333334 0.12731481481481483 0.028645833333333332 0.05092592592592592
3 0.09049479166666667 0.8726851851851852 0.02734375 0.05092592592592592
4 0.4900803786057692 0.9723379629629629 0.03875450721153844 0.05347222222222222
5 0.9007161458333334 0.8871527777777778 0.025390625 0.052083333333333336
6 0.396484375 0.09722222222222222 0.0234375 0.041666666666666664
14 0.6376953125 0.10821759259259259 0.022786458333333332 0.04282407407407408
17 0.5029296875 0.6863425925925926 0.022786458333333332 0.046296296296296294
18 0.7594401041666666 0.48148148148148145 0.021484375 0.03935185185185185
20 0.7395833333333334 0.5109953703703703 0.022135416666666668 0.04050925925925926
9 0.2669270833333333 0.2708333333333333 0.024739583333333332 0.041666666666666664
10 0.15299479166666666 0.6516203703703703 0.01953125 0.03935185185185185
12 0.3170572916666667 0.7858796296296297 0.0234375 0.041666666666666664