0 0.07786458333333333 0.12916666666666668 0.0265625 0.032407407407407406
1 0.48854166666666665 0.03194444444444444 0.033854166666666664 0.05555555555555555
2 0.9135416666666667 0.12407407407407407 0.027083333333333334 0.05185185185185185
3 0.09036458333333333 0.8694444444444445 0.025 0.05185185185185185
4 0.48932291666666666 0.9708333333333333 0.033854166666666664 0.04259259259259259
5 0.8981770833333333 0.8842592592592593 0.027083333333333334 0.05092592592592592
6 0.815625 0.85 0.0171875 0.03148148148148148
7 0.7877604166666666 0.16620370370370371 0.020833333333333332 0.03518518518518519
8 0.590625 0.2361111111111111 0.022916666666666665 0.03981481481481482
9 0.9026041666666667 0.6509259259259259 0.0171875 0.03518518518518519
10 0.6559895833333333 0.21898148148148147 0.022916666666666665 0.040740740740740744
11 0.22526041666666666 0.24259259259259258 0.0203125 0.03611111111111111
13 0.8078125 0.5287037037037037 0.021354166666666667 0.037037037037037035
14 0.634375 0.337037037037037 0.022916666666666665 0.03981481481481482
15 0.5502604166666667 0.37037037037037035 0.0234375 0.040740740740740744
16 0.8947916666666667 0.5694444444444444 0.017708333333333333 0.037037037037037035
17 0.7869791666666667 0.5916666666666667 0.020833333333333332 0.03611111111111111
18 0.7515625 0.3277777777777778 0.020833333333333332 0.03981481481481482
20 0.7919270833333333 0.5453703703703704 0.021354166666666667 0.03796296296296296
21 0.7138020833333333 0.27546296296296297 0.021354166666666667 0.040740740740740744