0 0.07604166666666666 0.13425925925925927 0.025520833333333333 0.04259259259259259
1 0.48828125 0.03009259259259259 0.034375 0.05
2 0.91484375 0.12407407407407407 0.025 0.04537037037037037
3 0.08854166666666667 0.8671296296296296 0.028645833333333332 0.04722222222222222
4 0.48854166666666665 0.9708333333333333 0.03229166666666667 0.04722222222222222
5 0.8994791666666667 0.8856481481481482 0.027083333333333334 0.04814814814814815
6 0.384375 0.2175925925925926 0.022395833333333334 0.040740740740740744
7 0.7875 0.16620370370370371 0.021354166666666667 0.037037037037037035
8 0.5921875 0.23425925925925925 0.026041666666666668 0.041666666666666664
9 0.9026041666666667 0.6486111111111111 0.020833333333333332 0.037037037037037035
10 0.6557291666666667 0.21898148148148147 0.0234375 0.04259259259259259
11 0.22604166666666667 0.24444444444444444 0.021354166666666667 0.03981481481481482
13 0.8078125 0.5277777777777778 0.022916666666666665 0.037037037037037035
14 0.6348958333333333 0.337037037037037 0.022916666666666665 0.03981481481481482
16 0.8953125 0.5689814814814815 0.017708333333333333 0.03796296296296296
17 0.7875 0.5921296296296297 0.0203125 0.037037037037037035
18 0.7513020833333334 0.3296296296296296 0.023958333333333335 0.03796296296296296
20 0.7919270833333333 0.5453703703703704 0.0203125 0.03796296296296296
21 0.7130208333333333 0.2763888888888889 0.022916666666666665 0.040740740740740744