0 0.07708333333333334 0.13333333333333333 0.0203125 0.044444444444444446
1 0.4890625 0.027777777777777776 0.0375 0.05555555555555555
2 0.9109375 0.12546296296296297 0.026041666666666668 0.04722222222222222
3 0.09010416666666667 0.8703703703703703 0.021354166666666667 0.04814814814814815
4 0.4890625 0.9731481481481481 0.0375 0.05185185185185185
5 0.8984375 0.8842592592592593 0.0234375 0.05092592592592592
6 0.59921875 0.4601851851851852 0.022916666666666665 0.04259259259259259
7 0.7526041666666666 0.587037037037037 0.019791666666666666 0.037037037037037035
14 0.7770833333333333 0.34305555555555556 0.0203125 0.040740740740740744
15 0.790625 0.6768518518518518 0.021354166666666667 0.03888888888888889
16 0.17864583333333334 0.5699074074074074 0.01875 0.03796296296296296
17 0.8369791666666667 0.33611111111111114 0.017708333333333333 0.03611111111111111
18 0.7598958333333333 0.48148148148148145 0.019791666666666666 0.03888888888888889
19 0.7158854166666667 0.4583333333333333 0.022916666666666665 0.03888888888888889
20 0.7395833333333334 0.5111111111111111 0.020833333333333332 0.03796296296296296
21 0.8075520833333333 0.5444444444444444 0.01875 0.03796296296296296
8 0.7744791666666667 0.5439814814814815 0.021354166666666667 0.037037037037037035
9 0.6234375 0.4773148148148148 0.023958333333333335 0.04259259259259259
10 0.5583333333333333 0.2722222222222222 0.023958333333333335 0.041666666666666664
11 0.8671875 0.39861111111111114 0.018229166666666668 0.03796296296296296
12 0.7135416666666666 0.25 0.021875 0.037037037037037035
13 0.7940104166666667 0.48518518518518516 0.0203125 0.03888888888888889