0 0.0765625 0.13287037037037036 0.025520833333333333 0.04537037037037037
1 0.4895833333333333 0.03194444444444444 0.034375 0.046296296296296294
2 0.9143229166666667 0.125 0.0265625 0.04259259259259259
3 0.08958333333333333 0.8699074074074075 0.028645833333333332 0.046296296296296294
4 0.48984375 0.9699074074074074 0.03125 0.04259259259259259
5 0.89765625 0.8851851851851852 0.027083333333333334 0.04537037037037037
6 0.34427083333333336 0.40324074074074073 0.022395833333333334 0.044444444444444446
7 0.78671875 0.16527777777777777 0.0203125 0.03518518518518519
8 0.590625 0.23425925925925925 0.023958333333333335 0.03518518518518519
9 0.9013020833333333 0.649537037037037 0.015625 0.032407407407407406
10 0.6557291666666667 0.21898148148148147 0.025 0.03796296296296296
11 0.22421875 0.24351851851851852 0.020833333333333332 0.03425925925925926
13 0.80703125 0.5273148148148148 0.0203125 0.03796296296296296
14 0.6346354166666667 0.33611111111111114 0.0234375 0.040740740740740744
15 0.55078125 0.3685185185185185 0.022395833333333334 0.041666666666666664
16 0.8953125 0.5689814814814815 0.016666666666666666 0.03611111111111111
17 0.7869791666666667 0.5921296296296297 0.019791666666666666 0.037037037037037035
18 0.7513020833333334 0.3296296296296296 0.0203125 0.03611111111111111
19 0.8481770833333333 0.8379629629629629 0.015625 0.032407407407407406
20 0.7921875 0.5453703703703704 0.019791666666666666 0.03611111111111111
21 0.7138020833333333 0.2763888888888889 0.023958333333333335 0.040740740740740744