0 0.07630208333333334 0.13472222222222222 0.025 0.041666666666666664
1 0.48854166666666665 0.03194444444444444 0.034895833333333334 0.05092592592592592
2 0.91328125 0.12407407407407407 0.0265625 0.04722222222222222
3 0.09088541666666666 0.8685185185185185 0.026041666666666668 0.04814814814814815
4 0.48984375 0.9699074074074074 0.033854166666666664 0.04722222222222222
5 0.8989583333333333 0.8842592592592593 0.026041666666666668 0.05277777777777778
6 0.7161458333333334 0.3939814814814815 0.022916666666666665 0.040740740740740744
7 0.7875 0.1675925925925926 0.017708333333333333 0.037037037037037035
8 0.5401041666666667 0.5486111111111112 0.0234375 0.04259259259259259
9 0.9036458333333334 0.649537037037037 0.0203125 0.037037037037037035
10 0.6559895833333333 0.2199074074074074 0.022916666666666665 0.040740740740740744
11 0.2296875 0.21666666666666667 0.022916666666666665 0.040740740740740744
13 0.8078125 0.5277777777777778 0.0203125 0.03981481481481482
14 0.6361979166666667 0.337037037037037 0.023958333333333335 0.041666666666666664
15 0.55078125 0.36944444444444446 0.0234375 0.03981481481481482
16 0.8966145833333333 0.5699074074074074 0.017708333333333333 0.03611111111111111
17 0.7791666666666667 0.5768518518518518 0.021354166666666667 0.03796296296296296
18 0.75078125 0.3282407407407407 0.020833333333333332 0.040740740740740744
19 0.8 0.6148148148148148 0.019270833333333334 0.037037037037037035
20 0.7908854166666667 0.5453703703703704 0.020833333333333332 0.03796296296296296
21 0.7138020833333333 0.27546296296296297 0.021354166666666667 0.03796296296296296