0 0.07845052083333333 0.13599537037037038 0.022786458333333332 0.047453703703703706
1 0.490234375 0.028935185185185185 0.036458333333333336 0.05787037037037037
2 0.912109375 0.1284722222222222 0.026041666666666668 0.046296296296296294
3 0.09147135416666667 0.8715277777777778 0.020182291666666668 0.05092592592592592
4 0.48892169331395346 0.9769675925925926 0.03643713662790695 0.04421296296296296
5 0.8977864583333334 0.8877314814814815 0.026041666666666668 0.05324074074074074
6 0.8795572916666666 0.16087962962962962 0.018229166666666668 0.03935185185185185
7 0.904296875 0.5960648148148148 0.016927083333333332 0.041666666666666664
14 0.6373697916666666 0.10821759259259259 0.0234375 0.04282407407407408
18 0.7591145833333334 0.4826388888888889 0.020833333333333332 0.041666666666666664
17 0.8323567708333334 0.1863425925925926 0.018880208333333332 0.037037037037037035
20 0.7395833333333334 0.5115740740740741 0.01953125 0.03935185185185185
9 0.4951171875 0.7089120370370371 0.024088541666666668 0.04050925925925926
10 0.15234375 0.6516203703703703 0.01953125 0.03935185185185185
12 0.3173828125 0.7841435185185185 0.022786458333333332 0.04050925925925926