1 0.23776041666666667 0.5226851851851851 0.027604166666666666 0.06111111111111111
4 0.7651041666666667 0.5194444444444445 0.0296875 0.06111111111111111
6 0.38645833333333335 0.059722222222222225 0.021354166666666667 0.037037037037037035
7 0.4703125 0.06666666666666667 0.020833333333333332 0.037037037037037035
8 0.53515625 0.24166666666666667 0.022395833333333334 0.041666666666666664
9 0.6088541666666667 0.2986111111111111 0.024479166666666666 0.041666666666666664
10 0.33359375 0.09861111111111111 0.021354166666666667 0.03796296296296296
11 0.5213541666666667 0.029166666666666667 0.021354166666666667 0.03796296296296296
12 0.71796875 0.8796296296296297 0.020833333333333332 0.037037037037037035
19 0.7296875 0.7092592592592593 0.021354166666666667 0.037037037037037035
20 0.50625 0.08611111111111111 0.021354166666666667 0.03796296296296296
21 0.42552083333333335 0.14074074074074075 0.021875 0.03981481481481482