0 0.08492123983739838 0.12116079494128276 0.026676829268292682 0.0485546522131888
1 0.5 0.02800361336946704 0.029852642276422734 0.045167118337850046
2 0.9204776422764226 0.11833785004516714 0.031122967479674794 0.04742547425474255
3 0.09508384146341467 0.8568202348690153 0.024136178861788617 0.05194218608852747
4 0.4958714430894309 0.9612691960252935 0.033028455284552824 0.046296296296296294
5 0.9052337398373983 0.8833559168925023 0.031122967479674794 0.059846431797651305
6 0.10556402439024391 0.22956187895212285 0.020960365853658538 0.03500451671183379
7 0.5743140243902438 0.383130081300813 0.02858231707317067 0.041779584462511295
8 0.6978531504065041 0.828590785907859 0.025406504065040636 0.042908762420957466
9 0.45522103658536583 0.17310298102981028 0.02286585365853663 0.03726287262872627
10 0.8572789634146342 0.8624661246612465 0.02032520325203251 0.04516711833785002
11 0.47014735772357724 0.4266034327009937 0.024771341463414663 0.04742547425474252
12 0.39233993902439024 0.1798780487804878 0.024136178861788635 0.04629629629629627
13 0.23672510162601626 0.7551942186088526 0.022865853658536602 0.03839205058717257
14 0.25577997967479676 0.14939024390243902 0.024136178861788603 0.03952122854561879
15 0.4980945121951219 0.45539747064137304 0.02731199186991867 0.046296296296296245
16 0.1401803861788618 0.1397922312556459 0.02159552845528457 0.03613369467028004
17 0.8125 0.8257678410117434 0.020960365853658538 0.037262872628726296
18 0.3888465447154471 0.4299909665763324 0.024771341463414663 0.038392050587172516
19 0.3561356707317073 0.23915989159891596 0.024136178861788635 0.04516711833785007
20 0.6724466463414633 0.2566621499548329 0.02159552845528457 0.041779584462511295
21 0.8455284552845529 0.5474254742547424 0.0222306910569106 0.042908762420957466