0 0.07666412601626019 0.13188798554652212 0.029217479674796747 0.05871725383920505
1 0.48824949186991873 0.02800361336946704 0.03429878048780489 0.049683830171635045
2 0.9125381097560975 0.12285456187895212 0.03175813008130082 0.05871725383920505
3 0.08841463414634147 0.8669828364950315 0.029852642276422762 0.047425474254742576
4 0.4869791666666667 0.9674796747967479 0.03429878048780489 0.05194218608852747
5 0.8982469512195121 0.8810975609756097 0.027311991869918728 0.057588075880758746
6 0.14621443089430894 0.581865401987353 0.02223069105691057 0.03500451671183384
7 0.7801067073170731 0.2967479674796748 0.023501016260162544 0.04516711833785002
8 0.7734375 0.5841237579042456 0.024136178861788576 0.04403794037940374
9 0.7642276422764227 0.5508130081300812 0.023501016260162544 0.04290876242095757
10 0.3186610772357723 0.5440379403794038 0.024136178861788635 0.04290876242095757
11 0.732787093495935 0.4943541102077687 0.025406504065040636 0.04290876242095752
12 0.8023373983739838 0.47233514001806687 0.0222306910569106 0.0440379403794038
14 0.6695884146341463 0.7868112014453477 0.024771341463414604 0.03839205058717257
16 0.3361280487804878 0.6953477868112014 0.026041666666666668 0.04516711833785002
19 0.7547002032520325 0.7269647696476964 0.019690040650406478 0.04065040650406502