0 0.07786458333333333 0.13148148148148148 0.0296875 0.06018518518518518
1 0.4895833333333333 0.034722222222222224 0.029166666666666667 0.05648148148148148
2 0.9114583333333334 0.12453703703703704 0.027604166666666666 0.053703703703703705
3 0.09036458333333333 0.8699074074074075 0.03125 0.05277777777777778
4 0.4895833333333333 0.9703703703703703 0.030729166666666665 0.04814814814814815
5 0.8986979166666667 0.8847222222222222 0.034895833333333334 0.049074074074074076
6 0.1421875 0.638425925925926 0.0203125 0.03888888888888889
14 0.534375 0.22824074074074074 0.026041666666666668 0.03796296296296296
16 0.6723958333333333 0.2740740740740741 0.025520833333333333 0.040740740740740744
17 0.7057291666666666 0.6208333333333333 0.022395833333333334 0.03796296296296296
18 0.4440104166666667 0.774074074074074 0.0234375 0.03888888888888889
20 0.7276041666666667 0.2324074074074074 0.021875 0.040740740740740744
8 0.44088541666666664 0.18518518518518517 0.025 0.049074074074074076
9 0.7299479166666667 0.8518518518518519 0.019791666666666666 0.03518518518518519
10 0.51484375 0.524074074074074 0.024479166666666666 0.044444444444444446
11 0.3736979166666667 0.5912037037037037 0.024479166666666666 0.046296296296296294
12 0.5208333333333334 0.13194444444444445 0.022395833333333334 0.03796296296296296
13 0.5638020833333334 0.8490740740740741 0.023958333333333335 0.03888888888888889