0 0.07552083333333333 0.13240740740740742 0.022916666666666665 0.044444444444444446
1 0.48880208333333336 0.033796296296296297 0.0328125 0.05185185185185185
2 0.9127604166666666 0.12268518518518519 0.026041666666666668 0.04722222222222222
3 0.08958333333333333 0.8694444444444445 0.020833333333333332 0.05185185185185185
4 0.48880208333333336 0.9736111111111111 0.033854166666666664 0.05092592592592592
5 0.8989583333333333 0.8856481481481482 0.026041666666666668 0.04814814814814815
6 0.84609375 0.15833333333333333 0.018229166666666668 0.037037037037037035
8 0.10807291666666667 0.5203703703703704 0.018229166666666668 0.03425925925925926
9 0.89453125 0.2361111111111111 0.018229166666666668 0.032407407407407406
10 0.5783854166666667 0.1763888888888889 0.025520833333333333 0.041666666666666664
11 0.22473958333333333 0.2449074074074074 0.022916666666666665 0.03611111111111111
13 0.8078125 0.525 0.0203125 0.03611111111111111
14 0.31953125 0.7782407407407408 0.025 0.03981481481481482
17 0.56953125 0.6625 0.023958333333333335 0.03796296296296296
18 0.16875 0.2601851851851852 0.021354166666666667 0.03518518518518519
21 0.5921875 0.4324074074074074 0.0234375 0.04259259259259259
20 0.72890625 0.4023148148148148 0.022916666666666665 0.03981481481481482