1 0.7627604166666667 0.4787037037037037 0.027083333333333334 0.05277777777777778
4 0.234375 0.4810185185185185 0.0265625 0.06018518518518518
6 0.6286458333333333 0.25324074074074077 0.022395833333333334 0.04537037037037037
7 0.6880208333333333 0.9958333333333333 0.019791666666666666 0.008333333333333333
8 0.30130208333333336 0.9861111111111112 0.0203125 0.027777777777777776
10 0.6588541666666666 0.7773148148148148 0.021354166666666667 0.03796296296296296
11 0.4942708333333333 0.9768518518518519 0.021354166666666667 0.03611111111111111
14 0.5705729166666667 0.8592592592592593 0.021354166666666667 0.03981481481481482
15 0.57265625 0.5898148148148148 0.025 0.040740740740740744
17 0.45598958333333334 0.9888888888888889 0.021354166666666667 0.022222222222222223
21 0.5611979166666666 0.9087962962962963 0.022395833333333334 0.03981481481481482