0 0.07682291666666667 0.13020833333333334 0.036458333333333336 0.06828703703703703
1 0.4912109375 0.03530092592592592 0.042317708333333336 0.07060185185185185
2 0.9111328125 0.11979166666666667 0.038411458333333336 0.0798611111111111
3 0.09016927083333333 0.8697916666666666 0.037109375 0.07060185185185185
4 0.4886067708333333 0.9641203703703703 0.042317708333333336 0.06712962962962964
5 0.8974609375 0.8819444444444444 0.039713541666666664 0.08101851851851852
6 0.572265625 0.5075231481481481 0.026041666666666668 0.04513888888888889
15 0.828125 0.7025462962962963 0.0234375 0.03935185185185185
9 0.8102213541666666 0.6655092592592593 0.021484375 0.04398148148148148
10 0.7268880208333334 0.6869212962962963 0.025390625 0.04050925925925926
20 0.216796875 0.8142361111111112 0.0234375 0.03587962962962963