0 0.07877604166666667 0.13599537037037038 0.0234375 0.04282407407407408
1 0.4895833333333333 0.03009259259259259 0.026041666666666668 0.06018518518518518
2 0.9104817708333334 0.12789351851851852 0.025390625 0.04282407407407408
3 0.09147135416666667 0.8640046296296297 0.022786458333333332 0.04282407407407408
4 0.4899088541666667 0.9717592592592592 0.026692708333333332 0.05462962962962963
5 0.8971354166666666 0.8796296296296297 0.020833333333333332 0.04398148148148148
20 0.82421875 0.28530092592592593 0.016927083333333332 0.03356481481481482
8 0.8922526041666666 0.5908564814814815 0.018880208333333332 0.03356481481481482
17 0.8489583333333334 0.4079861111111111 0.016927083333333332 0.028935185185185185
14 0.8359375 0.16724537037037038 0.018229166666666668 0.03125
10 0.5618489583333334 0.09027777777777778 0.020833333333333332 0.037037037037037035
7 0.7005208333333334 0.3142361111111111 0.020833333333333332 0.03587962962962963
12 0.806640625 0.5596064814814815 0.018229166666666668 0.03587962962962963
11 0.5830078125 0.3420138888888889 0.018880208333333332 0.03819444444444445
6 0.6302083333333334 0.24537037037037038 0.020833333333333332 0.03935185185185185