0 0.0765625 0.13518518518518519 0.025520833333333333 0.05092592592592592
1 0.4895833333333333 0.027314814814814816 0.0390625 0.05185185185185185
2 0.9111979166666667 0.12731481481481483 0.0265625 0.046296296296296294
3 0.09166666666666666 0.8703703703703703 0.0234375 0.053703703703703705
4 0.4908854166666667 0.9740740740740741 0.040625 0.05
5 0.9 0.8861111111111111 0.0265625 0.04259259259259259
6 0.90234375 0.6092592592592593 0.016666666666666666 0.03796296296296296
7 0.8934895833333333 0.8629629629629629 0.016145833333333335 0.03148148148148148
14 0.6375 0.1087962962962963 0.021875 0.041666666666666664
17 0.8322916666666667 0.18564814814814815 0.021354166666666667 0.03611111111111111
18 0.7591145833333334 0.4824074074074074 0.0234375 0.041666666666666664
20 0.7393229166666667 0.5111111111111111 0.021354166666666667 0.040740740740740744
9 0.4947916666666667 0.7087962962962963 0.0234375 0.04259259259259259
10 0.153125 0.6509259259259259 0.019791666666666666 0.03796296296296296
12 0.3171875 0.7861111111111111 0.021875 0.03888888888888889