0 0.07760416666666667 0.13425925925925927 0.0234375 0.04814814814814815
1 0.48932291666666666 0.022685185185185187 0.034375 0.04259259259259259
2 0.9104166666666667 0.12453703703703704 0.029166666666666667 0.05185185185185185
3 0.09166666666666666 0.8685185185185185 0.020833333333333332 0.05185185185185185
4 0.48984375 0.9791666666666666 0.035416666666666666 0.03981481481481482
5 0.8986979166666667 0.8842592592592593 0.028125 0.05092592592592592
6 0.6825520833333333 0.2935185185185185 0.023958333333333335 0.040740740740740744
7 0.9036458333333334 0.5972222222222222 0.018229166666666668 0.037037037037037035
14 0.7947916666666667 0.27870370370370373 0.020833333333333332 0.03888888888888889
17 0.83203125 0.18611111111111112 0.020833333333333332 0.03888888888888889
18 0.76015625 0.48055555555555557 0.0203125 0.03888888888888889
19 0.8994791666666667 0.3425925925925926 0.017708333333333333 0.03888888888888889
20 0.7390625 0.5115740740740741 0.021875 0.03888888888888889
21 0.8145833333333333 0.5444444444444444 0.019791666666666666 0.040740740740740744
8 0.7760416666666666 0.5439814814814815 0.021875 0.03888888888888889
9 0.5908854166666667 0.9069444444444444 0.021354166666666667 0.040740740740740744
10 0.18541666666666667 0.5935185185185186 0.021875 0.03888888888888889
12 0.3171875 0.7847222222222222 0.025 0.041666666666666664
13 0.7942708333333334 0.48333333333333334 0.020833333333333332 0.040740740740740744