0 0.07779947916666667 0.13773148148148148 0.022786458333333332 0.05324074074074074
1 0.48828125 0.029513888888888888 0.037760416666666664 0.05439814814814815
2 0.9127604166666666 0.1244212962962963 0.026041666666666668 0.04976851851851852
3 0.08821614583333333 0.8697916666666666 0.024088541666666668 0.047453703703703706
4 0.4898871527777777 0.9752314814814815 0.035763888888888866 0.047685185185185185
5 0.8981119791666666 0.8865740740740741 0.024088541666666668 0.04861111111111111
6 0.7688802083333334 0.6082175925925926 0.022135416666666668 0.03819444444444445
7 0.9046223958333334 0.5978009259259259 0.018880208333333332 0.03819444444444445
14 0.6370442708333334 0.10648148148148148 0.021484375 0.03935185185185185
17 0.83203125 0.1863425925925926 0.020833333333333332 0.041666666666666664
18 0.7591145833333334 0.4832175925925926 0.0234375 0.04050925925925926
19 0.8994140625 0.3443287037037037 0.017578125 0.04050925925925926
20 0.7389322916666666 0.5115740740740741 0.022135416666666668 0.037037037037037035
9 0.4029947916666667 0.17708333333333334 0.022135416666666668 0.041666666666666664
10 0.185546875 0.5949074074074074 0.01953125 0.03935185185185185
12 0.3160807291666667 0.7847222222222222 0.024088541666666668 0.03935185185185185