0 0.07877604166666667 0.13310185185185186 0.026041666666666668 0.05324074074074074
1 0.4915364583333333 0.026041666666666668 0.037760416666666664 0.04976851851851852
2 0.9130859375 0.1284722222222222 0.026692708333333332 0.05787037037037037
3 0.0908203125 0.8703703703703703 0.026692708333333332 0.04861111111111111
4 0.4916126778455284 0.9763888888888889 0.03921493902439022 0.04537037037037037
5 0.8987630208333334 0.8836805555555556 0.029296875 0.05439814814814815
6 0.7119140625 0.18113425925925927 0.022786458333333332 0.04282407407407408
14 0.6145833333333334 0.16608796296296297 0.024739583333333332 0.04513888888888889
17 0.5029296875 0.6851851851851852 0.025390625 0.04398148148148148
18 0.7587890625 0.48148148148148145 0.022786458333333332 0.04398148148148148
20 0.7392578125 0.5109953703703703 0.021484375 0.04050925925925926
9 0.265625 0.27141203703703703 0.02734375 0.04282407407407408
10 0.15234375 0.6516203703703703 0.022135416666666668 0.034722222222222224
12 0.3180338541666667 0.7853009259259259 0.022786458333333332 0.04050925925925926