0 0.07539380081300816 0.1330171635049684 0.027947154471544715 0.05420054200542005
1 0.49079014227642276 0.034214092140921415 0.040650406504065074 0.0485546522131888
2 0.9119029471544715 0.1194670280036134 0.027947154471544642 0.056458897922312554
3 0.08682672764227645 0.869241192411924 0.025406504065040636 0.056458897922312574
4 0.48951981707317066 0.9686088527551941 0.02921747967479676 0.042908762420957675
5 0.8976117886178863 0.8810975609756097 0.029852642276422734 0.059846431797651305
6 0.12525406504065043 0.44410569105691056 0.02350101626016259 0.03726287262872624
7 0.7788363821138211 0.11777326106594402 0.024771341463414604 0.0485546522131888
8 0.774072662601626 0.5846883468834687 0.02159552845528457 0.042908762420957466
9 0.7651803861788617 0.5479900632339656 0.025406504065040636 0.04855465221318885
10 0.6733993902439025 0.8308491418247516 0.0222306910569106 0.04065040650406502
11 0.732787093495935 0.4909665763324299 0.025406504065040636 0.036133694670279964
12 0.8026549796747967 0.47515808491418243 0.024136178861788694 0.04290876242095752
13 0.3621697154471545 0.6524390243902438 0.024771341463414604 0.04516711833785002
14 0.6702235772357723 0.7619692863595301 0.023501016260162544 0.047425474254742465
16 0.5422383130081301 0.5700090334236675 0.024136178861788635 0.042908762420957466
19 0.6203633130081301 0.8675474254742547 0.02032520325203251 0.037262872628726296
21 0.10016514227642279 0.7630984643179763 0.021595528455284556 0.033875338753387566