0 0.08396849593495936 0.1194670280036134 0.027311991869918697 0.04742547425474255
1 0.4974593495934959 0.026309846431797665 0.031122967479674794 0.046296296296296294
2 0.9207952235772358 0.11833785004516714 0.026676829268292696 0.045167118337850046
3 0.09349593495934962 0.855691056910569 0.02858231707317073 0.04290876242095757
4 0.4955538617886179 0.9618337850045167 0.029852642276422793 0.056458897922312574
5 0.9065040650406504 0.878274616079494 0.02858231707317067 0.047425474254742576
6 0.2484756097560976 0.11043360433604336 0.02223069105691057 0.04065040650406502
7 0.5771722560975608 0.38538843721770555 0.02794715447154476 0.0440379403794038
8 0.7013465447154471 0.8189927732610659 0.020960365853658538 0.041779584462511295
9 0.4758638211382114 0.20754290876242093 0.023501016260162603 0.04290876242095754
10 0.5619283536585367 0.909891598915989 0.021595528455284452 0.03839205058717247
11 0.5082571138211381 0.46160794941282746 0.02858231707317073 0.04742547425474242
12 0.4895198170731707 0.10817524841915087 0.026676829268292696 0.04065040650406502
13 0.29293699186991873 0.6992999096657633 0.023501016260162603 0.03952122854561885
14 0.38154217479674796 0.14600271002710027 0.024136178861788635 0.041779584462511295
15 0.5215955284552846 0.3848238482384824 0.023501016260162603 0.04290876242095752
16 0.2869029471544715 0.15334236675700091 0.02286585365853657 0.04065040650406505
17 0.8226626016260162 0.8545618789521227 0.020960365853658538 0.03839205058717247
18 0.4256859756097561 0.4627371273712737 0.02858231707317073 0.04968383017163497
19 0.5120680894308943 0.7337398373983738 0.0222306910569106 0.03839205058717247
20 0.6730818089430894 0.25666214995483294 0.026676829268292578 0.0440379403794038
21 0.8455284552845529 0.5479900632339656 0.020960365853658538 0.041779584462511295