0 0.078125 0.13541666666666666 0.0234375 0.046296296296296294
1 0.48828125 0.023726851851851853 0.037760416666666664 0.04513888888888889
2 0.9127604166666666 0.1261574074074074 0.0234375 0.05324074074074074
4 0.4895905671296296 0.9734953703703704 0.03517071759259262 0.05115740740740741
5 0.8984375 0.8865740740740741 0.026041666666666668 0.046296296296296294
6 0.6826171875 0.43344907407407407 0.024088541666666668 0.04282407407407408
7 0.904296875 0.5954861111111112 0.016927083333333332 0.03819444444444445
14 0.63671875 0.1076388888888889 0.022135416666666668 0.04398148148148148
17 0.8323567708333334 0.1857638888888889 0.020182291666666668 0.04050925925925926
18 0.759765625 0.4820601851851852 0.022135416666666668 0.03819444444444445
19 0.8990885416666666 0.3443287037037037 0.01953125 0.03356481481481482
20 0.7395833333333334 0.5104166666666666 0.020833333333333332 0.041666666666666664
9 0.58984375 0.9056712962962963 0.024739583333333332 0.04282407407407408
10 0.18522135416666666 0.5943287037037037 0.022786458333333332 0.03819444444444445
13 0.7913411458333334 0.28935185185185186 0.022786458333333332 0.041666666666666664