0 0.07630208333333334 0.13425925925925927 0.03125 0.04259259259259259
1 0.48854166666666665 0.03194444444444444 0.03229166666666667 0.05277777777777778
2 0.9127604166666666 0.1287037037037037 0.0296875 0.05185185185185185
3 0.08723958333333333 0.8675925925925926 0.026041666666666668 0.05277777777777778
4 0.48854166666666665 0.9689814814814814 0.033854166666666664 0.044444444444444446
5 0.9010416666666666 0.8782407407407408 0.030729166666666665 0.04722222222222222
6 0.5526041666666667 0.3 0.027083333333333334 0.04259259259259259
7 0.7361979166666667 0.20092592592592592 0.020833333333333332 0.04259259259259259
8 0.08463541666666667 0.1726851851851852 0.019791666666666666 0.02962962962962963
13 0.8872395833333333 0.1648148148148148 0.0203125 0.03611111111111111
15 0.7138020833333333 0.19074074074074074 0.021354166666666667 0.03796296296296296
16 0.20729166666666668 0.6805555555555556 0.025 0.040740740740740744
17 0.5651041666666666 0.10416666666666667 0.0265625 0.041666666666666664
18 0.8361979166666667 0.25 0.021354166666666667 0.03981481481481482
19 0.4921875 0.08796296296296297 0.023958333333333335 0.04537037037037037
20 0.6330729166666667 0.6148148148148148 0.0265625 0.044444444444444446