0 0.07877604166666667 0.13831018518518517 0.022135416666666668 0.04282407407407408
1 0.4892578125 0.03125 0.024088541666666668 0.06018518518518518
2 0.9091796875 0.1267361111111111 0.022786458333333332 0.04513888888888889
3 0.09049479166666667 0.8651620370370371 0.022135416666666668 0.04050925925925926
4 0.490234375 0.969212962962963 0.02734375 0.06157407407407407
5 0.8984375 0.8813657407407407 0.022135416666666668 0.04050925925925926
20 0.8232421875 0.2835648148148148 0.018880208333333332 0.034722222222222224
8 0.892578125 0.5925925925925926 0.015625 0.034722222222222224
17 0.8483072916666666 0.4068287037037037 0.018229166666666668 0.03587962962962963
14 0.8352864583333334 0.16550925925925927 0.01953125 0.034722222222222224
10 0.5569661458333334 0.4212962962962963 0.024088541666666668 0.03935185185185185
7 0.4241536458333333 0.11226851851851852 0.021484375 0.037037037037037035
16 0.3834635416666667 0.7719907407407407 0.020833333333333332 0.037037037037037035
18 0.310546875 0.7129629629629629 0.018229166666666668 0.037037037037037035
12 0.8069661458333334 0.5578703703703703 0.018880208333333332 0.037037037037037035
11 0.5823567708333334 0.3402777777777778 0.021484375 0.041666666666666664
6 0.6966145833333334 0.4635416666666667 0.020833333333333332 0.03819444444444445