0 0.07634654471544718 0.13245257452574527 0.026041666666666668 0.0440379403794038
1 0.4892022357723577 0.03364950316169829 0.03239329268292686 0.04742547425474255
2 0.9144435975609755 0.12567750677506775 0.024136178861788576 0.0508130081300813
3 0.09063770325203253 0.8714995483288165 0.026676829268292682 0.047425474254742576
4 0.48951981707317066 0.9731255645889793 0.033028455284552824 0.042908762420957466
5 0.9001524390243902 0.8839205058717253 0.026041666666666668 0.05420054200542002
6 0.8582317073170731 0.5383920505871724 0.018419715447154535 0.03839205058717257
7 0.7874110772357723 0.16576332429990967 0.02032520325203251 0.038392050587172516
8 0.5727261178861788 0.6496160794941283 0.024136178861788576 0.04403794037940374
9 0.9036458333333334 0.6507452574525745 0.017784552845528503 0.03500451671183384
10 0.6559324186991871 0.21770551038843722 0.022865853658536512 0.04290876242095757
11 0.7680386178861788 0.5107271906052393 0.019690040650406478 0.03952122854561885
13 0.812182418699187 0.5355691056910569 0.02159552845528457 0.037262872628726296
14 0.7022992886178863 0.37635501355013545 0.021595528455284452 0.041779584462511295
15 0.5504954268292683 0.3701445347786811 0.024136178861788576 0.04065040650406502
16 0.8972942073170731 0.5841237579042456 0.019054878048780446 0.03500451671183374
17 0.77978912601626 0.5779132791327912 0.021595528455284452 0.03839205058717247
18 0.8134527439024389 0.4333785004516712 0.02159552845528457 0.03839205058717257
19 0.9077743902439024 0.4666892502258356 0.017149390243902475 0.03274616079494124
20 0.7918572154471544 0.5446025293586267 0.02032520325203251 0.03500451671183384
21 0.7311991869918699 0.3899051490514905 0.020960365853658538 0.037262872628726296