0 0.078125 0.13472222222222222 0.028125 0.04351851851851852
1 0.48880208333333336 0.034722222222222224 0.036458333333333336 0.049074074074074076
2 0.9135416666666667 0.12685185185185185 0.027604166666666666 0.04537037037037037
3 0.08958333333333333 0.8694444444444445 0.028645833333333332 0.049074074074074076
4 0.4895833333333333 0.9694444444444444 0.034375 0.05092592592592592
5 0.8997395833333334 0.8796296296296297 0.027604166666666666 0.04537037037037037
6 0.8690104166666667 0.2912037037037037 0.01875 0.03611111111111111
8 0.5450520833333333 0.48564814814814816 0.022395833333333334 0.03981481481481482
10 0.8893229166666666 0.24166666666666667 0.018229166666666668 0.03425925925925926
11 0.86171875 0.21064814814814814 0.0171875 0.032407407407407406
12 0.2859375 0.8870370370370371 0.021354166666666667 0.03611111111111111
13 0.828125 0.3013888888888889 0.0203125 0.03796296296296296
14 0.14348958333333334 0.6162037037037037 0.01875 0.03333333333333333
17 0.8169270833333333 0.725462962962963 0.01875 0.03611111111111111
19 0.38307291666666665 0.9083333333333333 0.021875 0.03796296296296296
20 0.7330729166666666 0.5106481481481482 0.020833333333333332 0.03425925925925926
21 0.7013020833333333 0.3662037037037037 0.021354166666666667 0.03796296296296296