0 0.07507621951219515 0.1307588075880759 0.024771341463414635 0.04742547425474255
1 0.48856707317073167 0.031955736224028926 0.03366361788617886 0.055329719963866306
2 0.9141260162601625 0.12680668473351403 0.026041666666666668 0.0485546522131888
3 0.09063770325203253 0.869241192411924 0.025406504065040636 0.04516711833785002
4 0.4895198170731707 0.9719963866305328 0.03175813008130082 0.047425474254742576
5 0.8991996951219512 0.8856142728093946 0.026676829268292696 0.0553297199638663
6 0.8293318089430894 0.40176151761517614 0.02032520325203251 0.04065040650406502
7 0.7877286585365854 0.1663279132791328 0.019690040650406478 0.03726287262872627
8 0.3497840447154471 0.1443089430894309 0.02286585365853657 0.03613369467028004
9 0.9020579268292682 0.6501806684733512 0.01587906504065041 0.033875338753387566
10 0.655614837398374 0.21714092140921412 0.023501016260162544 0.0440379403794038
11 0.7686737804878049 0.5107271906052393 0.022230691056910484 0.03952122854561885
13 0.8115472560975608 0.5350045167118337 0.02159552845528457 0.03613369467028001
14 0.7019817073170731 0.37522583559168926 0.022230691056910484 0.041779584462511295
15 0.5511305894308942 0.3712737127371274 0.025406504065040636 0.04290876242095752
16 0.8957063008130082 0.5683152664859982 0.017149390243902475 0.037262872628726185
17 0.7785188008130082 0.5773486901535682 0.02286585365853663 0.03952122854561874
18 0.7508892276422763 0.32554200542005424 0.020960365853658538 0.03500451671183379
19 0.9071392276422763 0.4638663053297199 0.019690040650406478 0.038392050587172516
20 0.7912220528455284 0.5457317073170731 0.02032520325203251 0.037262872628726296
21 0.7302464430894309 0.3910343270099368 0.02159552845528457 0.041779584462511295