0 0.078125 0.13483796296296297 0.01953125 0.047453703703703706
1 0.4892578125 0.027777777777777776 0.035807291666666664 0.05324074074074074
2 0.9130859375 0.12789351851851852 0.024088541666666668 0.047453703703703706
3 0.09016927083333333 0.8715277777777778 0.024088541666666668 0.05324074074074074
4 0.4905598958333333 0.9768518518518519 0.037109375 0.04398148148148148
5 0.8977864583333334 0.8842592592592593 0.026041666666666668 0.05324074074074074
6 0.8736979166666666 0.15219907407407407 0.018229166666666668 0.03819444444444445
7 0.904296875 0.5954861111111112 0.016927083333333332 0.04050925925925926
14 0.6380208333333334 0.1099537037037037 0.0234375 0.041666666666666664
17 0.8323567708333334 0.18518518518518517 0.020182291666666668 0.04398148148148148
18 0.7607421875 0.4820601851851852 0.024088541666666668 0.04513888888888889
20 0.7392578125 0.5109953703703703 0.022786458333333332 0.04282407407407408
9 0.4944661458333333 0.7094907407407407 0.024088541666666668 0.04398148148148148
10 0.15169270833333334 0.6527777777777778 0.020833333333333332 0.037037037037037035
12 0.3160807291666667 0.7847222222222222 0.021484375 0.041666666666666664