0 0.0728531504065041 0.13245257452574527 0.029217479674796747 0.0530713640469738
1 0.4888846544715447 0.03252032520325205 0.03429878048780483 0.05420054200542006
2 0.9112677845528455 0.1217253839205059 0.024136178861788694 0.045167118337850046
3 0.08746189024390244 0.8652890695573622 0.027947154471544715 0.041779584462511295
4 0.48824949186991873 0.9697380307136402 0.0279471544715447 0.047425474254742576
5 0.8950711382113821 0.8861788617886178 0.02858231707317079 0.051942186088527575
6 0.582888719512195 0.5914634146341463 0.022865853658536512 0.04290876242095757
7 0.7985264227642276 0.44410569105691056 0.0222306910569106 0.041779584462511295
8 0.3967860772357723 0.7455962059620596 0.025406504065040695 0.03952122854561885
9 0.8496570121951219 0.765356820234869 0.02032520325203251 0.03839205058717257
10 0.0890497967479675 0.6185636856368564 0.020960365853658524 0.03839205058717247
11 0.3764608739837398 0.3893405600722674 0.024136178861788635 0.04516711833785007
12 0.7966209349593496 0.49209575429087615 0.0222306910569106 0.04290876242095741
13 0.8312372967479675 0.5 0.02159552845528457 0.04065040650406502
14 0.6822916666666666 0.16915085817524841 0.0222306910569106 0.04065040650406502
15 0.541920731707317 0.2656955736224029 0.02858231707317079 0.03952122854561879
16 0.6283028455284553 0.6592140921409212 0.026041666666666668 0.049683830171635024
17 0.6464049796747967 0.12906504065040653 0.024136178861788576 0.041779584462511295
18 0.8452108739837398 0.8585140018066846 0.017784552845528386 0.03952122854561874
19 0.7826473577235772 0.523148148148148 0.018419715447154417 0.037262872628726296
20 0.23164380081300812 0.5954155374887081 0.024136178861788603 0.044037940379403846
21 0.7785188008130082 0.4796747967479674 0.02159552845528457 0.04290876242095752