0 0.075 0.13287037037037036 0.0234375 0.04537037037037037
1 0.48828125 0.02962962962962963 0.0328125 0.04814814814814815
2 0.91328125 0.125 0.025520833333333333 0.05185185185185185
3 0.090625 0.8671296296296296 0.025520833333333333 0.04722222222222222
4 0.48880208333333336 0.9731481481481481 0.0328125 0.04722222222222222
5 0.89921875 0.8851851851851852 0.025520833333333333 0.05
6 0.14739583333333334 0.6236111111111111 0.019791666666666666 0.03518518518518519
7 0.7864583333333334 0.16574074074074074 0.020833333333333332 0.03796296296296296
8 0.7765625 0.8550925925925926 0.017708333333333333 0.03518518518518519
9 0.903125 0.6509259259259259 0.017708333333333333 0.037037037037037035
10 0.6552083333333333 0.21898148148148147 0.022916666666666665 0.040740740740740744
11 0.7690104166666667 0.5097222222222222 0.0203125 0.03981481481481482
13 0.8119791666666667 0.5351851851851852 0.020833333333333332 0.040740740740740744
14 0.70234375 0.37407407407407406 0.022916666666666665 0.03981481481481482
15 0.5502604166666667 0.37037037037037035 0.0234375 0.040740740740740744
16 0.890625 0.6212962962962963 0.015625 0.03518518518518519
17 0.7794270833333333 0.5791666666666667 0.020833333333333332 0.03796296296296296
18 0.8143229166666667 0.43472222222222223 0.022395833333333334 0.040740740740740744
19 0.9067708333333333 0.4671296296296296 0.017708333333333333 0.03425925925925926
20 0.7911458333333333 0.5458333333333333 0.019270833333333334 0.03981481481481482
21 0.7309895833333333 0.3902777777777778 0.023958333333333335 0.040740740740740744