0 0.0779994979919679 0.13186077643908972 0.02698293172690763 0.04462293618920124
1 0.48933232931726905 0.030901383311021918 0.0376506024096385 0.045738509593931276
2 0.9132153614457831 0.12293618920124948 0.026982931726907584 0.04908522980812137
3 0.09023594377510043 0.8698125836680053 0.026355421686746996 0.05020080321285139
4 0.49058734939759036 0.9718875502008031 0.0363955823293173 0.04685408299866135
5 0.8997238955823292 0.8792949576082105 0.026355421686747014 0.051316376617581407
6 0.7318649598393575 0.27855867916108884 0.020707831325301265 0.03681392235609104
8 0.6462098393574297 0.5619143239625167 0.0225903614457831 0.03904506916555106
9 0.6138930722891566 0.6929941990182954 0.020707831325301265 0.04016064257028107
11 0.7648092369477911 0.5384872824631861 0.01882530120481931 0.03904506916555106
12 0.28633283132530124 0.8871039714413209 0.020707831325301206 0.03569834895136092
13 0.8288152610441768 0.30198572066041945 0.020080321285140576 0.03681392235609104
14 0.11439508032128518 0.6489290495314591 0.01945281124497993 0.03458277554663101
15 0.8401104417670683 0.8486166889781348 0.01757028112449793 0.030120481927710857
10 0.5257279116465863 0.3845381526104418 0.023845381526104367 0.04127621597501119
17 0.8175200803212851 0.7253458277554663 0.020080321285140576 0.037929495760821046
19 0.3829693775100402 0.9082998661311914 0.02196285140562253 0.04016064257028107
20 0.7328062248995983 0.5117135207496654 0.020080321285140576 0.041276215975011084
21 0.7017444779116466 0.36501561802766624 0.023217871485943793 0.037929495760821046