0 0.07779947916666667 0.13541666666666666 0.022786458333333332 0.046296296296296294
1 0.4895833333333333 0.027199074074074073 0.0390625 0.05439814814814815
2 0.9127604166666666 0.12384259259259259 0.026041666666666668 0.05324074074074074
3 0.08951822916666667 0.8703703703703703 0.027994791666666668 0.05092592592592592
4 0.48898237179487175 0.9740740740740741 0.03786057692307695 0.05
5 0.8984375 0.8854166666666666 0.02734375 0.05555555555555555
6 0.6031901041666666 0.35358796296296297 0.022786458333333332 0.04282407407407408
7 0.9039713541666666 0.5949074074074074 0.017578125 0.037037037037037035
14 0.6376953125 0.109375 0.021484375 0.04282407407407408
17 0.8323567708333334 0.1857638888888889 0.020182291666666668 0.04050925925925926
18 0.7591145833333334 0.4820601851851852 0.022135416666666668 0.04282407407407408
19 0.8987630208333334 0.3431712962962963 0.018880208333333332 0.04282407407407408
20 0.7389322916666666 0.5115740740740741 0.022135416666666668 0.041666666666666664
9 0.5904947916666666 0.9068287037037037 0.0234375 0.03819444444444445
10 0.18489583333333334 0.59375 0.022135416666666668 0.037037037037037035
12 0.3173828125 0.7858796296296297 0.024088541666666668 0.041666666666666664