0 0.07779947916666667 0.13483796296296297 0.024088541666666668 0.04282407407407408
1 0.4886067708333333 0.02662037037037037 0.037109375 0.05324074074074074
2 0.9114583333333334 0.12268518518518519 0.0234375 0.04861111111111111
3 0.09049479166666667 0.8674768518518519 0.020833333333333332 0.04513888888888889
4 0.4889322916666667 0.9744212962962963 0.03515625 0.05115740740740741
5 0.896484375 0.8871527777777778 0.0234375 0.047453703703703706
6 0.5462239583333334 0.41203703703703703 0.026041666666666668 0.04398148148148148
7 0.9046223958333334 0.5960648148148148 0.017578125 0.037037037037037035
14 0.7939453125 0.2806712962962963 0.021484375 0.03819444444444445
15 0.8063151041666666 0.7407407407407407 0.018880208333333332 0.034722222222222224
16 0.7073567708333334 0.7337962962962963 0.021484375 0.037037037037037035
17 0.9052734375 0.22916666666666666 0.017578125 0.034722222222222224
18 0.7594401041666666 0.4809027777777778 0.021484375 0.04050925925925926
19 0.9000651041666666 0.3443287037037037 0.017578125 0.03356481481481482
20 0.73828125 0.5104166666666666 0.020833333333333332 0.03935185185185185
21 0.8141276041666666 0.5445601851851852 0.018880208333333332 0.03587962962962963
8 0.7757161458333334 0.5451388888888888 0.020182291666666668 0.037037037037037035
9 0.5908203125 0.90625 0.021484375 0.03935185185185185
10 0.1845703125 0.5949074074074074 0.021484375 0.034722222222222224
11 0.8473307291666666 0.24305555555555555 0.017578125 0.03935185185185185
12 0.3167317708333333 0.7853009259259259 0.021484375 0.04050925925925926
13 0.7936197916666666 0.48148148148148145 0.01953125 0.041666666666666664