0 0.07421875 0.13287037037037036 0.023958333333333335 0.040740740740740744
1 0.48932291666666666 0.032407407407407406 0.034895833333333334 0.05648148148148148
2 0.91328125 0.12361111111111112 0.025520833333333333 0.05092592592592592
3 0.08958333333333333 0.8675925925925926 0.0234375 0.046296296296296294
4 0.48880208333333336 0.9712962962962963 0.0328125 0.046296296296296294
5 0.8989583333333333 0.8842592592592593 0.026041666666666668 0.04814814814814815
6 0.8645833333333334 0.8449074074074074 0.0171875 0.03518518518518519
8 0.10703125 0.5175925925925926 0.019270833333333334 0.032407407407407406
9 0.9020833333333333 0.649074074074074 0.018229166666666668 0.03611111111111111
10 0.5783854166666667 0.17685185185185184 0.022916666666666665 0.04259259259259259
11 0.22552083333333334 0.24351851851851852 0.022395833333333334 0.040740740740740744
13 0.8078125 0.5273148148148148 0.0203125 0.03796296296296296
14 0.5815104166666667 0.6722222222222223 0.023958333333333335 0.041666666666666664
16 0.89609375 0.5694444444444444 0.021354166666666667 0.037037037037037035
17 0.7864583333333334 0.5921296296296297 0.0234375 0.03981481481481482
18 0.07864583333333333 0.39351851851851855 0.019270833333333334 0.03518518518518519
20 0.7908854166666667 0.5444444444444444 0.020833333333333332 0.03518518518518519
21 0.5927083333333333 0.43148148148148147 0.025 0.041666666666666664