0 0.075 0.13240740740740742 0.0234375 0.046296296296296294
1 0.48854166666666665 0.03194444444444444 0.03229166666666667 0.05277777777777778
2 0.9122395833333333 0.12268518518518519 0.022395833333333334 0.04722222222222222
3 0.08932291666666667 0.8703703703703703 0.023958333333333335 0.05185185185185185
4 0.48854166666666665 0.9708333333333333 0.03229166666666667 0.04259259259259259
5 0.8979166666666667 0.8837962962962963 0.028125 0.05185185185185185
6 0.23515625 0.6981481481481482 0.022395833333333334 0.037037037037037035
7 0.7041666666666667 0.1125 0.0203125 0.040740740740740744
8 0.11796875 0.4824074074074074 0.019270833333333334 0.032407407407407406
9 0.9020833333333333 0.649537037037037 0.018229166666666668 0.037037037037037035
10 0.5786458333333333 0.17777777777777778 0.0234375 0.041666666666666664
11 0.225 0.24305555555555555 0.020833333333333332 0.03981481481481482
13 0.8072916666666666 0.5287037037037037 0.020833333333333332 0.03518518518518519
14 0.5768229166666666 0.7939814814814815 0.025 0.03981481481481482
16 0.8953125 0.5685185185185185 0.017708333333333333 0.037037037037037035
17 0.7877604166666666 0.5907407407407408 0.020833333333333332 0.041666666666666664
18 0.75078125 0.3384259259259259 0.022395833333333334 0.040740740740740744
20 0.7908854166666667 0.5458333333333333 0.019791666666666666 0.037037037037037035
21 0.5924479166666666 0.4324074074074074 0.022916666666666665 0.04259259259259259