1 0.7614583333333333 0.48009259259259257 0.028645833333333332 0.06111111111111111
4 0.23359375 0.4791666666666667 0.027083333333333334 0.058333333333333334
7 0.6875 0.9953703703703703 0.020833333333333332 0.009259259259259259
8 0.47213541666666664 0.5699074074074074 0.025520833333333333 0.044444444444444446
10 0.6580729166666667 0.7777777777777778 0.023958333333333335 0.044444444444444446
11 0.49453125 0.9782407407407407 0.022395833333333334 0.03796296296296296
14 0.5703125 0.8601851851851852 0.0234375 0.044444444444444446
15 0.5736979166666667 0.5898148148148148 0.021354166666666667 0.04537037037037037
17 0.45651041666666664 0.9884259259259259 0.021354166666666667 0.023148148148148147
18 0.5979166666666667 0.9439814814814815 0.023958333333333335 0.037037037037037035
21 0.5622395833333333 0.9074074074074074 0.023958333333333335 0.03981481481481482