0 0.07682291666666667 0.13425925925925927 0.0234375 0.05324074074074074
1 0.4892578125 0.029513888888888888 0.035807291666666664 0.05439814814814815
2 0.9111328125 0.1267361111111111 0.027994791666666668 0.04976851851851852
3 0.09244791666666667 0.8697916666666666 0.024739583333333332 0.047453703703703706
4 0.4910703125 0.9729166666666667 0.03943229166666669 0.052314814814814814
5 0.8984375 0.8859953703703703 0.026041666666666668 0.047453703703703706
6 0.8297526041666666 0.8003472222222222 0.020182291666666668 0.03819444444444445
14 0.6370442708333334 0.109375 0.024088541666666668 0.04282407407407408
17 0.501953125 0.6851851851851852 0.024739583333333332 0.04398148148148148
18 0.7600911458333334 0.4832175925925926 0.021484375 0.04282407407407408
20 0.7395833333333334 0.5115740740740741 0.0234375 0.03935185185185185
9 0.43359375 0.8194444444444444 0.024739583333333332 0.041666666666666664
10 0.15234375 0.6504629629629629 0.020833333333333332 0.03935185185185185
12 0.3170572916666667 0.7864583333333334 0.024739583333333332 0.04050925925925926