0 0.07734375 0.13240740740740742 0.028125 0.04814814814814815
1 0.48932291666666666 0.034722222222222224 0.0390625 0.049074074074074076
2 0.9125 0.12407407407407407 0.028125 0.05092592592592592
3 0.090625 0.8726851851851852 0.028125 0.05092592592592592
4 0.48932291666666666 0.9694444444444444 0.0375 0.04722222222222222
5 0.8994791666666667 0.8796296296296297 0.028125 0.04814814814814815
6 0.09453125 0.44537037037037036 0.017708333333333333 0.03333333333333333
8 0.54609375 0.4847222222222222 0.024479166666666666 0.041666666666666664
10 0.8953125 0.2111111111111111 0.017708333333333333 0.03611111111111111
11 0.84765625 0.2689814814814815 0.0203125 0.03333333333333333
12 0.28567708333333336 0.888425925925926 0.021875 0.03611111111111111
13 0.8278645833333333 0.30092592592592593 0.021875 0.03888888888888889
14 0.14453125 0.6148148148148148 0.020833333333333332 0.03611111111111111
17 0.8169270833333333 0.725 0.0203125 0.037037037037037035
19 0.38359375 0.9083333333333333 0.021875 0.03611111111111111
20 0.7328125 0.5111111111111111 0.021354166666666667 0.03796296296296296
21 0.7020833333333333 0.3648148148148148 0.021354166666666667 0.03981481481481482