0 0.07779947916666667 0.13541666666666666 0.020182291666666668 0.046296296296296294
1 0.4879557291666667 0.028356481481481483 0.034505208333333336 0.056712962962962965
2 0.912109375 0.12905092592592593 0.026041666666666668 0.047453703703703706
3 0.0908203125 0.8721064814814815 0.024088541666666668 0.047453703703703706
5 0.8974609375 0.8825231481481481 0.025390625 0.056712962962962965
6 0.8629557291666666 0.3431712962962963 0.018880208333333332 0.03819444444444445
7 0.9039713541666666 0.5960648148148148 0.017578125 0.034722222222222224
14 0.6376953125 0.10648148148148148 0.021484375 0.04398148148148148
17 0.8326822916666666 0.1857638888888889 0.020833333333333332 0.03356481481481482
18 0.7600911458333334 0.4820601851851852 0.018880208333333332 0.04050925925925926
19 0.8977864583333334 0.24189814814814814 0.016927083333333332 0.034722222222222224
20 0.73828125 0.5104166666666666 0.0234375 0.03935185185185185
9 0.3619791666666667 0.2037037037037037 0.024739583333333332 0.041666666666666664
10 0.18619791666666666 0.5960648148148148 0.020833333333333332 0.037037037037037035
12 0.3160807291666667 0.7841435185185185 0.022786458333333332 0.04050925925925926