1 0.7671875 0.49953703703703706 0.0234375 0.05648148148148148
4 0.240625 0.4930555555555556 0.03125 0.05092592592592592
7 0.5653645833333333 0.6333333333333333 0.023958333333333335 0.046296296296296294
8 0.3143229166666667 0.8532407407407407 0.025 0.041666666666666664
9 0.678125 0.43333333333333335 0.025 0.04814814814814815
10 0.27890625 0.8629629629629629 0.022916666666666665 0.04259259259259259
11 0.5322916666666667 0.4740740740740741 0.023958333333333335 0.05092592592592592
12 0.7057291666666666 0.4083333333333333 0.025520833333333333 0.03981481481481482
13 0.3203125 0.10138888888888889 0.022916666666666665 0.037037037037037035
14 0.69921875 0.20324074074074075 0.0234375 0.044444444444444446
15 0.5419270833333333 0.5138888888888888 0.025520833333333333 0.04259259259259259
16 0.7020833333333333 0.01990740740740741 0.023958333333333335 0.03981481481481482
18 0.5315104166666667 0.32685185185185184 0.026041666666666668 0.04537037037037037
19 0.45234375 0.4337962962962963 0.0265625 0.04537037037037037
20 0.6361979166666667 0.8069444444444445 0.025 0.044444444444444446