0 0.07877604166666667 0.13541666666666666 0.022135416666666668 0.04861111111111111
1 0.4905598958333333 0.03009259259259259 0.037109375 0.05324074074074074
2 0.9124348958333334 0.1284722222222222 0.026692708333333332 0.06018518518518518
3 0.0908203125 0.8703703703703703 0.025390625 0.05092592592592592
4 0.4898871527777777 0.9769675925925926 0.0331597222222222 0.04421296296296296
5 0.8977864583333334 0.8883101851851852 0.02734375 0.05439814814814815
6 0.4078776041666667 0.21296296296296297 0.024088541666666668 0.04398148148148148
14 0.6373697916666666 0.109375 0.022135416666666668 0.04050925925925926
17 0.5016276041666666 0.6857638888888888 0.025390625 0.04050925925925926
18 0.7600911458333334 0.4832175925925926 0.021484375 0.03819444444444445
20 0.7392578125 0.5115740740740741 0.021484375 0.03935185185185185
9 0.24609375 0.7939814814814815 0.020833333333333332 0.03935185185185185
10 0.15201822916666666 0.6510416666666666 0.018880208333333332 0.03587962962962963
12 0.3173828125 0.7853009259259259 0.022786458333333332 0.04050925925925926