1 0.23645833333333333 0.5212962962962963 0.03177083333333333 0.062037037037037036
4 0.7619791666666667 0.5189814814814815 0.028645833333333332 0.05740740740740741
6 0.35104166666666664 0.8634259259259259 0.020833333333333332 0.041666666666666664
7 0.3854166666666667 0.010648148148148148 0.022916666666666665 0.021296296296296296
8 0.365625 0.8166666666666667 0.026041666666666668 0.05
9 0.61328125 0.43842592592592594 0.026041666666666668 0.05
10 0.3182291666666667 0.9324074074074075 0.023958333333333335 0.041666666666666664
11 0.49661458333333336 0.0837962962962963 0.028645833333333332 0.040740740740740744
12 0.6067708333333334 0.7537037037037037 0.023958333333333335 0.04537037037037037
14 0.54765625 0.6240740740740741 0.021354166666666667 0.044444444444444446
16 0.61015625 0.7912037037037037 0.027083333333333334 0.044444444444444446
19 0.7044270833333334 0.06342592592592593 0.023958333333333335 0.040740740740740744