1 0.23359375 0.5032407407407408 0.027083333333333334 0.05277777777777778
4 0.75703125 0.5111111111111111 0.028645833333333332 0.05740740740740741
7 0.6130208333333333 0.49722222222222223 0.022916666666666665 0.04537037037037037
8 0.6846354166666667 0.1527777777777778 0.022395833333333334 0.03796296296296296
10 0.6895833333333333 0.11157407407407408 0.0234375 0.041666666666666664
11 0.45859375 0.5537037037037037 0.025520833333333333 0.040740740740740744
14 0.3028645833333333 0.9472222222222222 0.0234375 0.044444444444444446
15 0.475 0.5050925925925925 0.026041666666666668 0.04259259259259259
16 0.6403645833333333 0.2513888888888889 0.023958333333333335 0.044444444444444446
18 0.4609375 0.6962962962962963 0.026041666666666668 0.044444444444444446
19 0.30494791666666665 0.8629629629629629 0.021354166666666667 0.040740740740740744
20 0.36302083333333335 0.19490740740740742 0.0234375 0.044444444444444446