0 0.075 0.13148148148148148 0.025 0.04814814814814815
1 0.48854166666666665 0.032407407407407406 0.034895833333333334 0.05185185185185185
2 0.9138020833333333 0.125 0.028125 0.05
3 0.090625 0.8699074074074075 0.025520833333333333 0.05092592592592592
4 0.48984375 0.9722222222222222 0.03229166666666667 0.05
5 0.8994791666666667 0.8851851851851852 0.027083333333333334 0.05185185185185185
6 0.8604166666666667 0.8555555555555555 0.017708333333333333 0.03425925925925926
8 0.10833333333333334 0.5203703703703704 0.019270833333333334 0.03425925925925926
9 0.9026041666666667 0.649537037037037 0.018229166666666668 0.032407407407407406
10 0.5783854166666667 0.17777777777777778 0.025520833333333333 0.041666666666666664
11 0.22604166666666667 0.24305555555555555 0.022916666666666665 0.037037037037037035
13 0.80703125 0.5287037037037037 0.021354166666666667 0.037037037037037035
14 0.5825520833333333 0.6726851851851852 0.026041666666666668 0.040740740740740744
16 0.8966145833333333 0.5703703703703704 0.019270833333333334 0.041666666666666664
17 0.7877604166666666 0.5902777777777778 0.0234375 0.03796296296296296
18 0.13671875 0.30462962962962964 0.020833333333333332 0.03796296296296296
20 0.78984375 0.5444444444444444 0.022916666666666665 0.037037037037037035
21 0.59375 0.43333333333333335 0.023958333333333335 0.04537037037037037