0 0.076171875 0.13483796296296297 0.022135416666666668 0.04976851851851852
1 0.4895833333333333 0.030671296296296297 0.037760416666666664 0.061342592592592594
2 0.9111328125 0.1244212962962963 0.024088541666666668 0.056712962962962965
3 0.08951822916666667 0.8715277777777778 0.022786458333333332 0.05555555555555555
4 0.487880608974359 0.9769675925925926 0.038261217948717945 0.04421296296296296
5 0.8974609375 0.8842592592592593 0.027994791666666668 0.05324074074074074
6 0.767578125 0.6070601851851852 0.020833333333333332 0.04050925925925926
7 0.9033203125 0.5966435185185185 0.016276041666666668 0.03819444444444445
14 0.6376953125 0.109375 0.022786458333333332 0.04050925925925926
17 0.8326822916666666 0.1863425925925926 0.018229166666666668 0.03935185185185185
18 0.7600911458333334 0.4826388888888889 0.020182291666666668 0.041666666666666664
19 0.8994140625 0.3431712962962963 0.017578125 0.03587962962962963
20 0.7395833333333334 0.5104166666666666 0.020833333333333332 0.041666666666666664
9 0.3733723958333333 0.19618055555555555 0.024088541666666668 0.04513888888888889
10 0.18587239583333334 0.5954861111111112 0.021484375 0.04050925925925926
12 0.3177083333333333 0.7853009259259259 0.020833333333333332 0.04282407407407408