0 0.078125 0.13287037037037036 0.025520833333333333 0.044444444444444446
1 0.48932291666666666 0.03518518518518519 0.0375 0.04814814814814815
2 0.9119791666666667 0.12407407407407407 0.027083333333333334 0.044444444444444446
3 0.09088541666666666 0.8712962962962963 0.0265625 0.049074074074074076
4 0.4895833333333333 0.9717592592592592 0.034375 0.04722222222222222
5 0.89921875 0.8805555555555555 0.027604166666666666 0.049074074074074076
6 0.81875 0.4787037037037037 0.01875 0.03796296296296296
7 0.10338541666666666 0.17222222222222222 0.016145833333333335 0.03148148148148148
8 0.6453125 0.562037037037037 0.021875 0.03888888888888889
9 0.6135416666666667 0.6930555555555555 0.022395833333333334 0.03796296296296296
10 0.7255208333333333 0.20555555555555555 0.021875 0.03796296296296296
11 0.7638020833333333 0.5398148148148149 0.019270833333333334 0.03425925925925926
12 0.28671875 0.8875 0.021354166666666667 0.037037037037037035
13 0.8276041666666667 0.30324074074074076 0.021354166666666667 0.037037037037037035
14 0.1140625 0.649074074074074 0.01875 0.032407407407407406
15 0.840625 0.8481481481481481 0.017708333333333333 0.03148148148148148
17 0.8169270833333333 0.7231481481481481 0.01875 0.03611111111111111
18 0.9013020833333333 0.29074074074074074 0.0171875 0.03425925925925926
19 0.38359375 0.9074074074074074 0.0234375 0.03796296296296296
20 0.7328125 0.5111111111111111 0.021354166666666667 0.03981481481481482
21 0.7018229166666666 0.3648148148148148 0.0234375 0.03981481481481482