0 0.075 0.13287037037037036 0.0234375 0.04537037037037037
1 0.48932291666666666 0.034722222222222224 0.033854166666666664 0.04722222222222222
2 0.9127604166666666 0.125 0.025 0.04537037037037037
3 0.09036458333333333 0.8699074074074075 0.027083333333333334 0.05092592592592592
4 0.48932291666666666 0.9722222222222222 0.03125 0.04259259259259259
5 0.8994791666666667 0.8833333333333333 0.026041666666666668 0.04814814814814815
6 0.45338541666666665 0.5791666666666667 0.023958333333333335 0.040740740740740744
7 0.7877604166666666 0.16666666666666666 0.019791666666666666 0.03796296296296296
8 0.5182291666666666 0.40185185185185185 0.023958333333333335 0.040740740740740744
9 0.9026041666666667 0.649537037037037 0.018229166666666668 0.03518518518518519
10 0.6552083333333333 0.21805555555555556 0.021354166666666667 0.041666666666666664
11 0.225 0.24351851851851852 0.020833333333333332 0.03796296296296296
13 0.8083333333333333 0.5277777777777778 0.019270833333333334 0.03518518518518519
14 0.6361979166666667 0.33796296296296297 0.023958333333333335 0.041666666666666664
15 0.55078125 0.37037037037037035 0.026041666666666668 0.04722222222222222
16 0.8950520833333333 0.5694444444444444 0.0171875 0.032407407407407406
17 0.7869791666666667 0.5907407407407408 0.019791666666666666 0.037037037037037035
18 0.7515625 0.32685185185185184 0.020833333333333332 0.037037037037037035
19 0.8489583333333334 0.8402777777777778 0.019270833333333334 0.032407407407407406
20 0.7903645833333334 0.5453703703703704 0.019791666666666666 0.03611111111111111
21 0.7138020833333333 0.2763888888888889 0.021354166666666667 0.03796296296296296