0 0.07877604166666667 0.13541666666666666 0.022135416666666668 0.046296296296296294
1 0.4889322916666667 0.027199074074074073 0.037760416666666664 0.05439814814814815
2 0.9124348958333334 0.1255787037037037 0.025390625 0.052083333333333336
3 0.091796875 0.8721064814814815 0.0234375 0.052083333333333336
4 0.49038722826086956 0.9763888888888889 0.04327445652173913 0.04537037037037037
5 0.8990885416666666 0.8871527777777778 0.026041666666666668 0.04976851851851852
6 0.890625 0.2934027777777778 0.018229166666666668 0.03819444444444445
7 0.904296875 0.5972222222222222 0.016927083333333332 0.037037037037037035
14 0.6370442708333334 0.10821759259259259 0.022786458333333332 0.04282407407407408
17 0.8326822916666666 0.18460648148148148 0.01953125 0.04050925925925926
18 0.7594401041666666 0.4832175925925926 0.022786458333333332 0.04050925925925926
19 0.8990885416666666 0.3420138888888889 0.018229166666666668 0.03819444444444445
20 0.7392578125 0.5104166666666666 0.024088541666666668 0.03935185185185185
8 0.7757161458333334 0.5445601851851852 0.022786458333333332 0.04282407407407408
9 0.5908203125 0.9068287037037037 0.024088541666666668 0.03819444444444445
10 0.18522135416666666 0.5949074074074074 0.021484375 0.037037037037037035
12 0.318359375 0.7858796296296297 0.0234375 0.03935185185185185
13 0.791015625 0.2881944444444444 0.024739583333333332 0.041666666666666664