0 0.08385416666666666 0.125 0.028645833333333332 0.05462962962962963
1 0.49973958333333335 0.03009259259259259 0.030729166666666665 0.04537037037037037
2 0.9197916666666667 0.11990740740740741 0.026041666666666668 0.05092592592592592
3 0.09348958333333333 0.8550925925925926 0.026041666666666668 0.05555555555555555
4 0.4953125 0.9583333333333334 0.0265625 0.04722222222222222
5 0.9046875 0.8787037037037037 0.027083333333333334 0.05555555555555555
6 0.090625 0.2375 0.0203125 0.03518518518518519
7 0.57421875 0.38425925925925924 0.026041666666666668 0.041666666666666664
8 0.6994791666666667 0.8296296296296296 0.025 0.04537037037037037
9 0.4557291666666667 0.17175925925925925 0.023958333333333335 0.03981481481481482
10 0.8223958333333333 0.8550925925925926 0.0203125 0.03518518518518519
11 0.47109375 0.4300925925925926 0.025520833333333333 0.04537037037037037
12 0.39296875 0.17777777777777778 0.025520833333333333 0.046296296296296294
13 0.23098958333333333 0.7208333333333333 0.023958333333333335 0.041666666666666664
14 0.24869791666666666 0.15092592592592594 0.021354166666666667 0.04259259259259259
15 0.4984375 0.45601851851851855 0.023958333333333335 0.04259259259259259
16 0.128125 0.14537037037037037 0.0203125 0.03611111111111111
17 0.8135416666666667 0.8245370370370371 0.021354166666666667 0.03518518518518519
18 0.3890625 0.4305555555555556 0.025520833333333333 0.046296296296296294
19 0.33177083333333335 0.1587962962962963 0.022395833333333334 0.04259259259259259
20 0.6716145833333333 0.2564814814814815 0.026041666666666668 0.041666666666666664
21 0.8455729166666667 0.5467592592592593 0.022395833333333334 0.041666666666666664