1 0.76484375 0.4791666666666667 0.029166666666666667 0.05462962962962963
4 0.234375 0.48009259259259257 0.025520833333333333 0.06111111111111111
6 0.5549479166666667 0.22268518518518518 0.025 0.04537037037037037
7 0.6875 0.9962962962962963 0.020833333333333332 0.007407407407407408
8 0.6502604166666667 0.6615740740740741 0.022395833333333334 0.041666666666666664
10 0.6588541666666666 0.7768518518518519 0.021354166666666667 0.041666666666666664
11 0.6440104166666667 0.014814814814814815 0.021354166666666667 0.02962962962962963
14 0.5916666666666667 0.7398148148148148 0.025 0.040740740740740744
15 0.5739583333333333 0.5902777777777778 0.022395833333333334 0.044444444444444446
17 0.44921875 0.9949074074074075 0.021354166666666667 0.010185185185185186
18 0.5973958333333333 0.9467592592592593 0.022395833333333334 0.03796296296296296
21 0.6260416666666667 0.8810185185185185 0.022395833333333334 0.04537037037037037