0 0.07864583333333333 0.1361111111111111 0.0234375 0.04259259259259259
1 0.4895833333333333 0.03009259259259259 0.026041666666666668 0.06018518518518518
2 0.9104166666666667 0.12777777777777777 0.025520833333333333 0.04259259259259259
3 0.09140625 0.8638888888888889 0.022916666666666665 0.04259259259259259
4 0.48984375 0.9717592592592592 0.0265625 0.05462962962962963
5 0.8971354166666666 0.8796296296296297 0.020833333333333332 0.044444444444444446
20 0.82421875 0.2851851851851852 0.016666666666666666 0.03333333333333333
8 0.8921875 0.5907407407407408 0.01875 0.03333333333333333
17 0.8489583333333334 0.4078703703703704 0.016666666666666666 0.028703703703703703
14 0.8359375 0.16712962962962963 0.018229166666666668 0.03148148148148148
10 0.5619791666666667 0.09027777777777778 0.020833333333333332 0.037037037037037035
7 0.7005208333333334 0.3143518518518518 0.020833333333333332 0.03611111111111111
12 0.8067708333333333 0.5597222222222222 0.018229166666666668 0.03611111111111111
11 0.5830729166666667 0.3421296296296296 0.01875 0.03796296296296296
6 0.6302083333333334 0.24537037037037038 0.020833333333333332 0.03888888888888889