0 0.07734375 0.13055555555555556 0.028125 0.04722222222222222
1 0.48828125 0.03425925925925926 0.03802083333333333 0.04814814814814815
2 0.9125 0.125 0.028125 0.04722222222222222
3 0.08828125 0.8708333333333333 0.027604166666666666 0.05277777777777778
4 0.4890625 0.9708333333333333 0.03697916666666667 0.04722222222222222
5 0.8981770833333333 0.8819444444444444 0.027083333333333334 0.04814814814814815
6 0.59609375 0.42407407407407405 0.022395833333333334 0.04259259259259259
7 0.74296875 0.4597222222222222 0.0203125 0.03611111111111111
14 0.8924479166666667 0.2689814814814815 0.018229166666666668 0.03611111111111111
15 0.8075520833333333 0.6060185185185185 0.01875 0.03333333333333333
16 0.77421875 0.6597222222222222 0.0203125 0.03796296296296296
17 0.72265625 0.5833333333333334 0.022395833333333334 0.03888888888888889
18 0.8036458333333333 0.4273148148148148 0.0203125 0.03611111111111111
19 0.69609375 0.2796296296296296 0.020833333333333332 0.03888888888888889
20 0.7325520833333333 0.5106481481481482 0.019270833333333334 0.037037037037037035
21 0.7072916666666667 0.899537037037037 0.020833333333333332 0.03611111111111111
8 0.8510416666666667 0.5361111111111111 0.019270833333333334 0.03425925925925926
9 0.6895833333333333 0.5726851851851852 0.022395833333333334 0.03796296296296296
10 0.7239583333333334 0.42962962962962964 0.021354166666666667 0.03796296296296296
11 0.7583333333333333 0.5351851851851852 0.019270833333333334 0.03425925925925926
12 0.6606770833333333 0.33287037037037037 0.021354166666666667 0.03796296296296296
13 0.75078125 0.399537037037037 0.021875 0.03796296296296296