1 0.23515625 0.49722222222222223 0.021354166666666667 0.06296296296296296
4 0.7606770833333333 0.5078703703703704 0.028645833333333332 0.06018518518518518
7 0.4348958333333333 0.3662037037037037 0.026041666666666668 0.04722222222222222
8 0.6854166666666667 0.14583333333333334 0.021354166666666667 0.03611111111111111
9 0.31666666666666665 0.5791666666666667 0.026041666666666668 0.046296296296296294
10 0.7127604166666667 0.004629629629629629 0.0203125 0.009259259259259259
11 0.4591145833333333 0.5518518518518518 0.025 0.046296296296296294
12 0.31796875 0.6912037037037037 0.026041666666666668 0.04537037037037037
13 0.6153645833333333 0.9768518518518519 0.0234375 0.03611111111111111
14 0.303125 0.9476851851851852 0.022916666666666665 0.04537037037037037
15 0.4744791666666667 0.5041666666666667 0.025520833333333333 0.04259259259259259
18 0.4609375 0.6958333333333333 0.025 0.040740740740740744
19 0.2872395833333333 0.8518518518518519 0.022916666666666665 0.040740740740740744
20 0.36276041666666664 0.19583333333333333 0.023958333333333335 0.04722222222222222