0 0.07831325301204824 0.13576528335564486 0.026355421686746983 0.050200803212851405
1 0.4883910642570281 0.03536367692994204 0.037023092369477935 0.050200803212851405
2 0.9132153614457831 0.12962962962962968 0.026982931726907584 0.033467202141900916
3 0.08992218875502012 0.8709281570727354 0.02698293172690763 0.052431950022311415
4 0.48933232931726905 0.969098616688978 0.0376506024096385 0.04796965640339147
5 0.8990963855421688 0.8815261044176707 0.02886546184738954 0.053547523427041534
6 0.14263303212851408 0.5831102186523873 0.019452811244979915 0.0345827755466309
8 0.5445532128514057 0.4854975457385095 0.025100401606425748 0.044622936189201226
10 0.8812123493975903 0.24843819723337798 0.019452811244980002 0.03458277554663099
11 0.7651229919678715 0.5390450691655511 0.020707831325301147 0.037929495760821046
12 0.28633283132530124 0.8882195448460509 0.02196285140562247 0.03569834895136102
13 0.8275602409638554 0.30087014725568945 0.02133534136546184 0.03681392235609104
14 0.11408132530120486 0.6506024096385542 0.01882530120481927 0.03569834895136102
17 0.8178338353413656 0.7231146809460063 0.019452811244979884 0.037929495760821046
19 0.3820281124497992 0.9077420794288263 0.023845381526104426 0.03904506916555106
20 0.7328062248995983 0.5117135207496653 0.020080321285140458 0.039045069165551165
21 0.7020582329317269 0.3639000446229362 0.023845381526104367 0.0423917893797412