0 0.07682291666666667 0.13148148148148148 0.0234375 0.05462962962962963
1 0.48854166666666665 0.03009259259259259 0.03697916666666667 0.05555555555555555
2 0.9138020833333333 0.12685185185185185 0.023958333333333335 0.05648148148148148
3 0.09140625 0.874537037037037 0.022916666666666665 0.05185185185185185
4 0.4890625 0.9722222222222222 0.034375 0.053703703703703705
5 0.8981770833333333 0.8861111111111111 0.029166666666666667 0.05648148148148148
6 0.27578125 0.45 0.023958333333333335 0.041666666666666664
14 0.6158854166666666 0.16574074074074074 0.026041666666666668 0.044444444444444446
17 0.50234375 0.6851851851851852 0.023958333333333335 0.046296296296296294
18 0.7591145833333334 0.48194444444444445 0.025 0.040740740740740744
20 0.7390625 0.5111111111111111 0.0234375 0.04259259259259259
9 0.26614583333333336 0.27037037037037037 0.021875 0.04259259259259259
10 0.15208333333333332 0.6518518518518519 0.022916666666666665 0.041666666666666664
12 0.10833333333333334 0.7754629629629629 0.0203125 0.03888888888888889