0 0.07705823293172695 0.13520749665327986 0.028865461847389553 0.044622936189201254
1 0.48901857429718876 0.035363676929942044 0.03702309236947787 0.04796965640339135
2 0.9125878514056225 0.12293618920124948 0.026982931726907702 0.05131637661758144
3 0.08929467871485948 0.8698125836680053 0.025727911646586336 0.05020080321285139
4 0.48870481927710846 0.9707719767960732 0.03639558232931724 0.0423917893797411
5 0.9003514056224898 0.8837572512271308 0.026355421686747014 0.049085229808121376
6 0.5407881526104419 0.4202365015618028 0.023845381526104485 0.04127621597501114
8 0.6587600401606425 0.5223114680946007 0.0225903614457831 0.04016064257028118
10 0.8598770080321285 0.24341811691209286 0.019452811244979884 0.03792949576082107
11 0.7641817269076305 0.5384872824631861 0.0225903614457831 0.03904506916555106
12 0.28601907630522094 0.8871039714413209 0.02133534136546184 0.03792949576082115
13 0.8269327309236947 0.30142793395805445 0.020080321285140576 0.040160642570281124
14 0.11376757028112452 0.6483712628290942 0.019452811244979915 0.03569834895136102
15 0.8394829317269076 0.8480589022757697 0.020080321285140576 0.03569834895136102
17 0.8162650602409639 0.7253458277554663 0.020080321285140576 0.03569834895136092
19 0.3829693775100402 0.9077420794288263 0.02196285140562253 0.03458277554663101
20 0.7328062248995983 0.5100401606425702 0.02133534136546184 0.04016064257028118
21 0.7014307228915662 0.36501561802766624 0.02133534136546184 0.037929495760821046