0 0.07862700803212856 0.13241856314145475 0.02698293172690763 0.04796965640339134
1 0.4883910642570281 0.03592146363230705 0.037023092369477935 0.044622936189201254
2 0.9119603413654619 0.12516733601070956 0.02949297188755023 0.04685408299866132
3 0.08992218875502012 0.8709281570727354 0.02823795180722891 0.05020080321285139
4 0.48901857429718876 0.969098616688978 0.035768072289156606 0.04796965640339147
5 0.8997238955823292 0.8843150379294958 0.02886546184738954 0.052431950022311415
6 0.39457831325301207 0.5619143239625167 0.0225903614457831 0.03904506916555106
10 0.9075677710843373 0.2657295850066934 0.016942771084337355 0.03569834895136097
11 0.8479543172690763 0.2696340919232486 0.020707831325301265 0.03681392235609104
12 0.28664658634538154 0.8887773315484159 0.020080321285140576 0.03458277554663101
13 0.8266189759036144 0.30198572066041945 0.019452811244979884 0.03681392235609104
14 0.14514307228915665 0.6160196340919232 0.01819779116465862 0.033467202141900895
17 0.8168925702811245 0.7270191878625614 0.01882530120481931 0.0345827755466309
19 0.32398343373493976 0.392347166443552 0.023217871485943793 0.03904506916555111
20 0.732492469879518 0.5111557340473003 0.020707831325301147 0.037929495760821046
21 0.9019201807228915 0.17536813922356095 0.016942771084337355 0.033467202141900944