1 0.2359375 0.5185185185185185 0.03333333333333333 0.046296296296296294
4 0.7645833333333333 0.5185185185185185 0.03229166666666667 0.04814814814814815
15 0.5322916666666667 0.09907407407407408 0.01875 0.03333333333333333
20 0.5049479166666667 0.08611111111111111 0.021354166666666667 0.03611111111111111
14 0.3 0.06574074074074074 0.020833333333333332 0.03518518518518519
7 0.2828125 0.6347222222222222 0.0203125 0.03611111111111111
16 0.6536458333333334 0.7083333333333334 0.020833333333333332 0.037037037037037035
18 0.6208333333333333 0.8356481481481481 0.021354166666666667 0.03518518518518519
11 0.4114583333333333 0.3541666666666667 0.0234375 0.03888888888888889
6 0.32421875 0.7087962962962963 0.020833333333333332 0.03796296296296296
13 0.5302083333333333 0.8379629629629629 0.0203125 0.037037037037037035