1 0.7635416666666667 0.4787037037037037 0.03177083333333333 0.06481481481481481
4 0.234375 0.4791666666666667 0.0265625 0.05648148148148148
21 0.4205729166666667 0.7166666666666667 0.023958333333333335 0.041666666666666664
20 0.4903645833333333 0.9884259259259259 0.021354166666666667 0.023148148148148147
17 0.45598958333333334 0.9888888888888889 0.021354166666666667 0.022222222222222223
15 0.5734375 0.5930555555555556 0.025 0.04259259259259259
14 0.5752604166666667 0.8481481481481481 0.022395833333333334 0.04259259259259259
11 0.478125 0.899074074074074 0.022395833333333334 0.03796296296296296
10 0.65859375 0.7759259259259259 0.0234375 0.040740740740740744
8 0.30026041666666664 0.9856481481481482 0.0203125 0.028703703703703703
6 0.6869791666666667 0.175 0.022395833333333334 0.03981481481481482