0 0.07539380081300816 0.13471093044263777 0.029217479674796747 0.0440379403794038
1 0.48824949186991873 0.030826558265582667 0.03429878048780489 0.0508130081300813
2 0.9147611788617885 0.12680668473351403 0.026041666666666668 0.0508130081300813
3 0.09000254065040653 0.8669828364950315 0.024136178861788603 0.049683830171635024
4 0.4892022357723577 0.9731255645889793 0.03366361788617886 0.047425474254742576
5 0.8991996951219512 0.8844850948509483 0.026676829268292696 0.0508130081300813
6 0.1049288617886179 0.7670505871725383 0.01587906504065041 0.03274616079494129
7 0.7877286585365854 0.1663279132791328 0.019690040650406478 0.03726287262872627
8 0.775978150406504 0.8539972899728997 0.019054878048780446 0.03500451671183384
9 0.9033282520325202 0.6513098464317976 0.017149390243902475 0.036133694670280124
10 0.6552972560975608 0.21827009936766034 0.022865853658536512 0.03952122854561879
11 0.7680386178861788 0.5107271906052393 0.019690040650406478 0.037262872628726296
13 0.812182418699187 0.5350045167118337 0.02032520325203251 0.03613369467028001
14 0.7019817073170731 0.37522583559168926 0.026041666666666668 0.03952122854561879
15 0.5508130081300813 0.36957994579945797 0.023501016260162544 0.0440379403794038
16 0.8915777439024389 0.6202574525745257 0.019054878048780446 0.03500451671183374
17 0.7801067073170731 0.5779132791327912 0.022230691056910484 0.04065040650406502
18 0.8131351626016259 0.4350722673893406 0.020960365853658538 0.03952122854561879
19 0.9065040650406504 0.46556007226738927 0.017149390243902354 0.03726287262872624
20 0.7918572154471544 0.54516711833785 0.02032520325203251 0.036133694670280124
21 0.7299288617886179 0.3904697380307136 0.023501016260162662 0.04065040650406502