0 0.0779994979919679 0.1335341365461848 0.028237951807228923 0.05020080321285139
1 0.4887048192771084 0.0375948237394021 0.03890562248995983 0.050200803212851405
2 0.9116465863453815 0.12460954930834452 0.028865461847389657 0.04796965640339134
3 0.0896084337349398 0.8692547969656402 0.027610441767068276 0.05131637661758151
4 0.48870481927710846 0.9702141900937081 0.03514056224899598 0.045738509593931234
5 0.9000376506024097 0.8815261044176707 0.02949297188755023 0.049085229808121376
6 0.8727409638554217 0.679607318161535 0.017570281124498047 0.033467202141901
8 0.5458082329317269 0.48493975903614456 0.023845381526104367 0.03904506916555111
10 0.8815261044176705 0.248995983935743 0.017570281124498047 0.035698348951360995
11 0.8131275100401606 0.41912092815707275 0.02133534136546184 0.04127621597501119
12 0.28633283132530124 0.8876617581436859 0.02196285140562247 0.039045069165551165
13 0.827246485943775 0.3019857206604195 0.02196285140562253 0.03904506916555111
14 0.14012299196787154 0.6316376617581436 0.020707831325301206 0.03569834895136102
17 0.8172063253012049 0.7264614011601964 0.020707831325301265 0.03569834895136092
19 0.3832831325301205 0.9099732262382864 0.02259036144578316 0.045738509593931345
20 0.733433734939759 0.5117135207496654 0.021335341365461957 0.03904506916555106
21 0.7023719879518071 0.36445783132530124 0.023217871485943793 0.04127621597501114