0 0.08489583333333334 0.11898148148148148 0.029166666666666667 0.05092592592592592
1 0.5 0.027777777777777776 0.03125 0.04537037037037037
2 0.9197916666666667 0.12037037037037036 0.027083333333333334 0.05185185185185185
3 0.09453125 0.862037037037037 0.028125 0.044444444444444446
4 0.4953125 0.9611111111111111 0.03177083333333333 0.05092592592592592
5 0.9046875 0.8810185185185185 0.027083333333333334 0.05740740740740741
6 0.5052083333333334 0.2824074074074074 0.025 0.044444444444444446
7 0.61875 0.44583333333333336 0.026041666666666668 0.04537037037037037
8 0.7315104166666667 0.6925925925925925 0.021354166666666667 0.044444444444444446
9 0.56796875 0.34814814814814815 0.025 0.046296296296296294
10 0.11848958333333333 0.7870370370370371 0.023958333333333335 0.03425925925925926
11 0.6270833333333333 0.5324074074074074 0.026041666666666668 0.046296296296296294
12 0.6856770833333333 0.2162037037037037 0.023958333333333335 0.041666666666666664
13 0.384375 0.18287037037037038 0.0234375 0.04259259259259259
14 0.5924479166666666 0.13796296296296295 0.025520833333333333 0.044444444444444446
15 0.5911458333333334 0.1814814814814815 0.025520833333333333 0.040740740740740744
16 0.5708333333333333 0.2074074074074074 0.022916666666666665 0.04722222222222222
17 0.89765625 0.7384259259259259 0.019791666666666666 0.03425925925925926
18 0.5421875 0.5458333333333333 0.0265625 0.046296296296296294
19 0.7440104166666667 0.4648148148148148 0.020833333333333332 0.040740740740740744
20 0.690625 0.25833333333333336 0.026041666666666668 0.04537037037037037
21 0.8390625 0.5416666666666666 0.022395833333333334 0.040740740740740744