0 0.0764307228915663 0.13464970995091483 0.028865461847389553 0.04573850959393129
1 0.48870481927710846 0.035363676929942044 0.03514056224899598 0.04796965640339135
2 0.9129016064257027 0.12293618920124948 0.02886546184738954 0.04908522980812137
3 0.09086345381526108 0.8703703703703703 0.026355421686746983 0.051316376617581407
4 0.4899598393574297 0.9685408299866132 0.03388554216867471 0.04685408299866135
5 0.899410140562249 0.8809683177153056 0.02823795180722897 0.050200803212851496
6 0.5925577309236947 0.2166443551985721 0.023217871485943793 0.040160642570281097
7 0.7434738955823292 0.4458946898705935 0.020080321285140576 0.03681392235609104
8 0.6926455823293173 0.5981704596162427 0.02133534136546184 0.037929495760821046
9 0.6145205823293173 0.6924364123159303 0.02196285140562253 0.041276215975011084
10 0.725589859437751 0.20437304774654177 0.021962851405622413 0.040160642570281124
11 0.7644954819277108 0.537371709058456 0.020707831325301147 0.03904506916555106
12 0.3952058232931727 0.610441767068273 0.023845381526104367 0.0423917893797412
13 0.7547690763052209 0.28357875948237393 0.02133534136546184 0.040160642570281124
14 0.43379769076305225 0.39625167336010714 0.024472891566265056 0.0423917893797412
15 0.864269578313253 0.8290941543953592 0.016942771084337237 0.03123605533244087
16 0.8554844377510039 0.7749888442659527 0.016942771084337355 0.0345827755466309
17 0.6954693775100402 0.6745872378402499 0.023217871485943793 0.03904506916555106
18 0.9034889558232931 0.2930611334225792 0.016315261044176667 0.03458277554663096
19 0.4723895582329317 0.6344265952699688 0.0225903614457831 0.03904506916555106
20 0.7328062248995983 0.5100401606425702 0.02133534136546184 0.04016064257028118
21 0.5712223895582329 0.4325078090138332 0.023217871485943793 0.04127621597501114