0 0.07845052083333333 0.13657407407407407 0.022786458333333332 0.046296296296296294
1 0.4899088541666667 0.026041666666666668 0.033203125 0.047453703703703706
2 0.9124348958333334 0.12384259259259259 0.022786458333333332 0.05555555555555555
4 0.48875434027777775 0.9746527777777778 0.03480034722222219 0.04884259259259259
5 0.896484375 0.8842592592592593 0.02734375 0.05324074074074074
6 0.8284505208333334 0.30439814814814814 0.021484375 0.03935185185185185
7 0.9033203125 0.5960648148148148 0.017578125 0.037037037037037035
14 0.794921875 0.2818287037037037 0.0234375 0.04050925925925926
17 0.9052734375 0.22858796296296297 0.018880208333333332 0.03819444444444445
18 0.7587890625 0.4826388888888889 0.022786458333333332 0.037037037037037035
19 0.8990885416666666 0.3425925925925926 0.018229166666666668 0.037037037037037035
20 0.7392578125 0.5115740740740741 0.021484375 0.037037037037037035
21 0.8131510416666666 0.5451388888888888 0.022135416666666668 0.03935185185185185
8 0.7757161458333334 0.5439814814814815 0.021484375 0.041666666666666664
9 0.5901692708333334 0.9074074074074074 0.024088541666666668 0.037037037037037035
11 0.8483072916666666 0.24363425925925927 0.01953125 0.04050925925925926
12 0.31640625 0.7858796296296297 0.01953125 0.037037037037037035
13 0.79296875 0.4837962962962963 0.020833333333333332 0.03935185185185185