0 0.07421875 0.13148148148148148 0.022916666666666665 0.046296296296296294
1 0.48932291666666666 0.032407407407407406 0.033854166666666664 0.05185185185185185
2 0.9135416666666667 0.12777777777777777 0.027083333333333334 0.05555555555555555
3 0.09088541666666666 0.8703703703703703 0.025 0.04722222222222222
5 0.8981770833333333 0.8842592592592593 0.027083333333333334 0.04814814814814815
6 0.86640625 0.19444444444444445 0.0171875 0.03981481481481482
8 0.10833333333333334 0.5203703703703704 0.017708333333333333 0.03425925925925926
9 0.9020833333333333 0.25 0.0171875 0.03518518518518519
10 0.5786458333333333 0.17777777777777778 0.025 0.041666666666666664
11 0.22552083333333334 0.2449074074074074 0.022395833333333334 0.03796296296296296
13 0.8080729166666667 0.524074074074074 0.020833333333333332 0.037037037037037035
14 0.3190104166666667 0.7800925925925926 0.022395833333333334 0.040740740740740744
16 0.8921875 0.17175925925925925 0.019270833333333334 0.03518518518518519
17 0.5692708333333333 0.662962962962963 0.026041666666666668 0.044444444444444446
18 0.16848958333333333 0.2611111111111111 0.020833333333333332 0.037037037037037035
20 0.7286458333333333 0.40185185185185185 0.022395833333333334 0.03796296296296296
21 0.5921875 0.43148148148148147 0.025 0.041666666666666664