0 0.07747395833333333 0.13541666666666666 0.022135416666666668 0.04861111111111111
1 0.48828125 0.028935185185185185 0.0390625 0.05555555555555555
2 0.9134114583333334 0.1284722222222222 0.026041666666666668 0.05555555555555555
3 0.0908203125 0.8732638888888888 0.025390625 0.04976851851851852
4 0.48997395833333335 0.9740740740740741 0.03984375 0.05
6 0.861328125 0.1417824074074074 0.022135416666666668 0.03587962962962963
14 0.6376953125 0.10821759259259259 0.021484375 0.04282407407407408
17 0.7877604166666666 0.13831018518518517 0.022135416666666668 0.04050925925925926
18 0.7594401041666666 0.47974537037037035 0.022786458333333332 0.04282407407407408
20 0.73828125 0.5104166666666666 0.022135416666666668 0.041666666666666664
9 0.4944661458333333 0.7077546296296297 0.024088541666666668 0.04282407407407408
10 0.15299479166666666 0.6516203703703703 0.020833333333333332 0.041666666666666664
12 0.3173828125 0.7841435185185185 0.021484375 0.04282407407407408