0 0.07412347560975613 0.1330171635049684 0.024136178861788617 0.04065040650406505
1 0.4892022357723577 0.03252032520325205 0.03493394308943086 0.05645889792231256
2 0.9131732723577234 0.12341915085817526 0.025406504065040636 0.0508130081300813
3 0.08968495934959352 0.8675474254742547 0.02350101626016259 0.046296296296296294
4 0.4888846544715447 0.9714317976513097 0.033028455284552886 0.046296296296296294
5 0.8988821138211381 0.8844850948509483 0.026041666666666668 0.04855465221318874
6 0.8645833333333334 0.8449638663053297 0.017149390243902475 0.03500451671183384
8 0.10715193089430895 0.5175022583559168 0.01905487804878049 0.03274616079494129
9 0.9020579268292683 0.6490514905149051 0.018419715447154417 0.03613369467028001
10 0.5784425813008129 0.17705510388437218 0.02286585365853663 0.04290876242095752
11 0.22560975609756098 0.243676603432701 0.022230691056910543 0.04065040650406502
13 0.8077362804878049 0.5271002710027101 0.02032520325203251 0.03839205058717247
14 0.581618394308943 0.6721996386630532 0.024136178861788576 0.04177958446251119
16 0.8960238821138211 0.5694444444444443 0.02159552845528457 0.037262872628726296
17 0.7864583333333334 0.5920280036133694 0.023501016260162662 0.03952122854561874
18 0.07856961382113822 0.3932926829268293 0.01905487804878049 0.03500451671183379
20 0.7909044715447154 0.5446025293586267 0.020960365853658538 0.03500451671183384
21 0.5927337398373983 0.43168473351400183 0.024771341463414604 0.04177958446251135