0 0.07845052083333333 0.13773148148148148 0.024088541666666668 0.037037037037037035
1 0.4895833333333333 0.030671296296296297 0.026041666666666668 0.059027777777777776
2 0.9085286458333334 0.1267361111111111 0.022786458333333332 0.04050925925925926
3 0.0888671875 0.8680555555555556 0.022786458333333332 0.041666666666666664
4 0.4895833333333333 0.9706018518518519 0.02734375 0.05694444444444444
5 0.8974609375 0.8825231481481481 0.024088541666666668 0.04282407407407408
15 0.7255859375 0.5572916666666666 0.018880208333333332 0.03356481481481482
20 0.7327473958333334 0.5086805555555556 0.020182291666666668 0.03819444444444445
8 0.8919270833333334 0.5908564814814815 0.015625 0.03356481481481482
17 0.9046223958333334 0.28414351851851855 0.016276041666666668 0.03125
14 0.744140625 0.14467592592592593 0.01953125 0.037037037037037035
10 0.10774739583333333 0.3883101851851852 0.017578125 0.03125
7 0.4241536458333333 0.11400462962962964 0.020182291666666668 0.03587962962962963
16 0.3828125 0.7731481481481481 0.020833333333333332 0.037037037037037035
18 0.3111979166666667 0.7146990740740741 0.01953125 0.03819444444444445
12 0.8072916666666666 0.5584490740740741 0.01953125 0.03587962962962963
11 0.58203125 0.3425925925925926 0.022135416666666668 0.041666666666666664
6 0.3824869791666667 0.1875 0.021484375 0.037037037037037035
13 0.3098958333333333 0.5538194444444444 0.020833333333333332 0.03587962962962963