1 0.23619791666666667 0.4981481481481482 0.025 0.06111111111111111
4 0.7572916666666667 0.5078703703703704 0.0265625 0.037037037037037035
7 0.43515625 0.36712962962962964 0.025520833333333333 0.04537037037037037
8 0.68515625 0.14537037037037037 0.022395833333333334 0.037037037037037035
9 0.31640625 0.5796296296296296 0.022916666666666665 0.04722222222222222
10 0.7171875 0.01898148148148148 0.020833333333333332 0.03796296296296296
11 0.4591145833333333 0.5537037037037037 0.025 0.04537037037037037
13 0.6143229166666667 0.9782407407407407 0.021354166666666667 0.03611111111111111
14 0.30234375 0.9472222222222222 0.025520833333333333 0.03981481481481482
15 0.47291666666666665 0.5041666666666667 0.0234375 0.04722222222222222
18 0.46119791666666665 0.6949074074074074 0.023958333333333335 0.04722222222222222
19 0.3059895833333333 0.8625 0.025 0.046296296296296294
20 0.36302083333333335 0.19722222222222222 0.0234375 0.044444444444444446