0 0.07444105691056913 0.13640469738030714 0.026041666666666668 0.04742547425474255
1 0.4895198170731707 0.03026196928635954 0.03556910569105689 0.049683830171635045
2 0.9134908536585366 0.12228997289972901 0.026041666666666668 0.0440379403794038
3 0.09000254065040653 0.8675474254742546 0.02667682926829267 0.05307136404697385
4 0.4892022357723577 0.9703026196928635 0.03366361788617886 0.04403794037940374
5 0.8988821138211381 0.8861788617886178 0.027311991869918728 0.051942186088527575
6 0.8083714430894309 0.8246386630532971 0.02032520325203251 0.03500451671183374
7 0.7861407520325202 0.16519873532068655 0.02032520325203251 0.03726287262872627
8 0.5905106707317073 0.23351400180668472 0.024136178861788694 0.04065040650406502
9 0.9014227642276421 0.6490514905149051 0.018419715447154417 0.03613369467028001
10 0.655614837398374 0.2171409214092141 0.024771341463414604 0.041779584462511295
11 0.22433943089430894 0.24311201445347788 0.020960365853658538 0.037262872628726296
13 0.8090066056910569 0.5265356820234869 0.02032520325203251 0.037262872628726296
14 0.6352896341463414 0.33683378500451666 0.024771341463414604 0.0440379403794038
15 0.5508130081300813 0.36957994579945797 0.024771341463414604 0.03952122854561879
16 0.895388719512195 0.5705736224028907 0.017784552845528503 0.037262872628726296
17 0.7870934959349593 0.5908988256549231 0.019690040650406478 0.037262872628726296
18 0.7515243902439025 0.3255420054200542 0.023501016260162662 0.041779584462511295
20 0.7921747967479675 0.5434733514001806 0.020960365853658538 0.037262872628726296
21 0.7143673780487805 0.2764227642276422 0.02286585365853663 0.038392050587172516