0 0.07447916666666667 0.13518518518518519 0.0234375 0.04259259259259259
1 0.4901041666666667 0.033796296296296297 0.034375 0.05462962962962963
2 0.91328125 0.12685185185185185 0.025520833333333333 0.05092592592592592
3 0.08958333333333333 0.8657407407407407 0.025 0.04722222222222222
4 0.48854166666666665 0.9712962962962963 0.03229166666666667 0.04814814814814815
5 0.8984375 0.8861111111111111 0.025520833333333333 0.05185185185185185
6 0.7411458333333333 0.8967592592592593 0.019270833333333334 0.032407407407407406
7 0.7864583333333334 0.16620370370370371 0.020833333333333332 0.032407407407407406
8 0.5393229166666667 0.5481481481481482 0.022395833333333334 0.041666666666666664
9 0.90234375 0.649537037037037 0.017708333333333333 0.03518518518518519
10 0.65625 0.2175925925925926 0.019791666666666666 0.03611111111111111
11 0.225 0.2412037037037037 0.019791666666666666 0.03796296296296296
13 0.8080729166666667 0.5277777777777778 0.019791666666666666 0.037037037037037035
14 0.6359375 0.33564814814814814 0.025 0.03981481481481482
15 0.5497395833333333 0.36898148148148147 0.025520833333333333 0.040740740740740744
16 0.8950520833333333 0.5699074074074074 0.0171875 0.03611111111111111
17 0.7877604166666666 0.5916666666666667 0.019791666666666666 0.03611111111111111
18 0.7518229166666667 0.32592592592592595 0.021354166666666667 0.03796296296296296
19 0.8497395833333333 0.8425925925925926 0.017708333333333333 0.027777777777777776
20 0.7908854166666667 0.5453703703703704 0.022395833333333334 0.03796296296296296
21 0.7135416666666666 0.27314814814814814 0.020833333333333332 0.03796296296296296