0 0.0765625 0.13518518518518519 0.021354166666666667 0.05092592592592592
1 0.48984375 0.028703703703703703 0.0359375 0.05092592592592592
2 0.91171875 0.12546296296296297 0.0265625 0.05185185185185185
3 0.09114583333333333 0.8712962962962963 0.021875 0.04814814814814815
4 0.4903645833333333 0.975 0.03697916666666667 0.04814814814814815
5 0.8986979166666667 0.8865740740740741 0.0265625 0.05555555555555555
6 0.83046875 0.8245370370370371 0.01875 0.03611111111111111
14 0.6377604166666667 0.10833333333333334 0.01875 0.040740740740740744
17 0.50234375 0.687037037037037 0.023958333333333335 0.04259259259259259
18 0.7588541666666667 0.48194444444444445 0.021354166666666667 0.04537037037037037
20 0.7393229166666667 0.5115740740740741 0.021354166666666667 0.03888888888888889
9 0.4390625 0.8101851851851852 0.022916666666666665 0.03888888888888889
10 0.15234375 0.6523148148148148 0.020833333333333332 0.03796296296296296
12 0.3171875 0.7847222222222222 0.0234375 0.03888888888888889