0 0.07475863821138212 0.13132339656729902 0.02286585365853659 0.0485546522131888
1 0.4892022357723577 0.029697380307136416 0.03366361788617886 0.0530713640469738
2 0.9131732723577234 0.12567750677506775 0.02794715447154476 0.0508130081300813
3 0.09000254065040653 0.8675474254742546 0.024136178861788603 0.0508130081300813
4 0.4892022357723577 0.9691734417344172 0.03493394308943086 0.050813008130081196
5 0.8995172764227642 0.882791327913279 0.02858231707317079 0.04742547425474268
6 0.7629573170731708 0.4503161698283649 0.020960365853658538 0.03839205058717257
7 0.7861407520325202 0.1663279132791328 0.019054878048780446 0.035004516711833765
8 0.5390625 0.5479900632339656 0.024136178861788694 0.041779584462511295
9 0.9036458333333334 0.6501806684733513 0.016514227642276443 0.03613369467028001
10 0.6559324186991871 0.21883468834688347 0.022865853658536512 0.04065040650406507
11 0.7172256097560975 0.6050135501355012 0.022230691056910484 0.04065040650406502
13 0.8083714430894309 0.5293586269196024 0.02159552845528457 0.03839205058717257
14 0.7013465447154471 0.37466124661246614 0.020960365853658538 0.03839205058717257
15 0.5514481707317073 0.36957994579945797 0.024771341463414604 0.041779584462511295
16 0.8950711382113821 0.5694444444444443 0.019690040650406478 0.037262872628726296
17 0.7794715447154471 0.5767841011743451 0.020960365853658538 0.03839205058717257
18 0.7512068089430894 0.3278003613369467 0.02032520325203251 0.03952122854561879
19 0.7991615853658537 0.6151761517615175 0.018419715447154417 0.033875338753387566
20 0.7905868902439024 0.54516711833785 0.02159552845528457 0.036133694670280124
21 0.7302464430894309 0.3904697380307136 0.02159552845528457 0.04065040650406502