0 0.07412347560975613 0.13188798554652212 0.021595528455284556 0.04742547425474255
1 0.48951981707317066 0.03139114724480579 0.03429878048780489 0.05194218608852755
2 0.9138084349593496 0.12454832881662152 0.025406504065040636 0.0485546522131888
3 0.0893673780487805 0.8714995483288165 0.02667682926829267 0.04516711833785002
4 0.48951981707317066 0.972560975609756 0.033028455284552824 0.04855465221318885
5 0.8979293699186992 0.8867434507678409 0.025406504065040636 0.0508130081300813
6 0.13827489837398374 0.33288166214995485 0.01905487804878049 0.033875338753387566
7 0.7874110772357723 0.16576332429990967 0.02032520325203251 0.04065040650406502
8 0.5898755081300813 0.23407859078590784 0.024136178861788694 0.03952122854561879
9 0.9023755081300813 0.6501806684733513 0.019054878048780446 0.03613369467028001
10 0.6559324186991871 0.2171409214092141 0.022865853658536512 0.041779584462511295
11 0.224974593495935 0.24311201445347788 0.02223069105691057 0.037262872628726296
13 0.8077362804878049 0.5287940379403793 0.02032520325203251 0.037262872628726296
14 0.6346544715447154 0.33683378500451666 0.024771341463414604 0.041779584462511295
16 0.895388719512195 0.5711382113821137 0.019054878048780446 0.03613369467028001
17 0.7883638211382114 0.5914634146341463 0.023501016260162662 0.03839205058717247
18 0.7515243902439025 0.328929539295393 0.020960365853658538 0.041779584462511295
20 0.7912220528455284 0.5457317073170731 0.02286585365853663 0.037262872628726296
21 0.7137322154471544 0.27755194218608853 0.02286585365853663 0.04516711833785002