0 0.0791015625 0.13483796296296297 0.021484375 0.047453703703703706
1 0.4879557291666667 0.027777777777777776 0.042317708333333336 0.05555555555555555
2 0.9127604166666666 0.1255787037037037 0.0234375 0.052083333333333336
3 0.08854166666666667 0.8709490740740741 0.026041666666666668 0.04282407407407408
4 0.4899088541666667 0.9734953703703704 0.039713541666666664 0.05115740740740741
5 0.8990885416666666 0.8859953703703703 0.022135416666666668 0.04976851851851852
6 0.591796875 0.4947916666666667 0.022135416666666668 0.04050925925925926
7 0.9033203125 0.5954861111111112 0.016276041666666668 0.03819444444444445
14 0.794921875 0.28125 0.022135416666666668 0.037037037037037035
17 0.9059244791666666 0.22800925925925927 0.017578125 0.034722222222222224
18 0.7587890625 0.48148148148148145 0.022786458333333332 0.03935185185185185
19 0.8990885416666666 0.3425925925925926 0.018229166666666668 0.037037037037037035
20 0.7392578125 0.5104166666666666 0.022786458333333332 0.041666666666666664
21 0.8138020833333334 0.5457175925925926 0.020833333333333332 0.04050925925925926
8 0.7750651041666666 0.5457175925925926 0.022786458333333332 0.03819444444444445
9 0.5901692708333334 0.9050925925925926 0.022786458333333332 0.037037037037037035
10 0.185546875 0.5960648148148148 0.020833333333333332 0.03935185185185185
11 0.8473307291666666 0.24479166666666666 0.018880208333333332 0.03819444444444445
12 0.3180338541666667 0.7847222222222222 0.024088541666666668 0.03935185185185185
13 0.7942708333333334 0.4832175925925926 0.022135416666666668 0.04050925925925926