0 0.07708333333333334 0.13657407407407407 0.021354166666666667 0.03888888888888889
1 0.48854166666666665 0.03148148148148148 0.028125 0.05740740740740741
2 0.9109375 0.1259259259259259 0.025 0.041666666666666664
3 0.09088541666666666 0.8666666666666667 0.022916666666666665 0.041666666666666664
4 0.48984375 0.9712962962962963 0.025520833333333333 0.05740740740740741
5 0.8971354166666666 0.8805555555555555 0.021875 0.041666666666666664
15 0.7252604166666666 0.5578703703703703 0.020833333333333332 0.03518518518518519
16 0.8122395833333333 0.5736111111111111 0.0203125 0.03611111111111111
20 0.7315104166666667 0.5092592592592593 0.021354166666666667 0.03518518518518519
8 0.89296875 0.5930555555555556 0.016145833333333335 0.03333333333333333
12 0.8708333333333333 0.4050925925925926 0.016145833333333335 0.03518518518518519
13 0.6734375 0.8851851851851852 0.01875 0.032407407407407406
17 0.903125 0.2847222222222222 0.015625 0.032407407407407406
11 0.8994791666666667 0.2074074074074074 0.013541666666666667 0.02962962962962963
18 0.7109375 0.85 0.018229166666666668 0.03333333333333333
14 0.7442708333333333 0.1425925925925926 0.019791666666666666 0.037037037037037035
6 0.21328125 0.8583333333333333 0.016145833333333335 0.03333333333333333
7 0.22109375 0.2972222222222222 0.0203125 0.03518518518518519
10 0.09583333333333334 0.425462962962963 0.016666666666666666 0.03148148148148148