1 0.23645833333333333 0.5185185185185185 0.025520833333333333 0.06111111111111111
4 0.765625 0.5189814814814815 0.029166666666666667 0.06018518518518518
6 0.37604166666666666 0.9125 0.021354166666666667 0.040740740740740744
7 0.31197916666666664 0.004629629629629629 0.022916666666666665 0.009259259259259259
8 0.6997395833333333 0.013425925925925926 0.022395833333333334 0.026851851851851852
10 0.3411458333333333 0.22268518518518518 0.023958333333333335 0.03796296296296296
11 0.5052083333333334 0.02361111111111111 0.025520833333333333 0.037037037037037035
14 0.42916666666666664 0.14074074074074075 0.022395833333333334 0.03981481481481482
15 0.4265625 0.41064814814814815 0.025 0.044444444444444446
17 0.54296875 0.010648148148148148 0.021354166666666667 0.021296296296296296
21 0.43828125 0.09166666666666666 0.021354166666666667 0.040740740740740744