0 0.07862700803212856 0.13297634984381976 0.02698293172690763 0.04685408299866132
1 0.4883910642570281 0.03424810352521201 0.038278112449799194 0.04796965640339134
2 0.9122740963855421 0.12460954930834452 0.027610441767068276 0.045738509593931276
3 0.0896084337349398 0.8714859437751004 0.028865461847389553 0.051316376617581407
4 0.48901857429718876 0.9707719767960732 0.03702309236947787 0.049085229808121376
5 0.898468875502008 0.8837572512271308 0.026355421686747014 0.051316376617581407
6 0.8049698795180722 0.4336233824185632 0.020080321285140576 0.03681392235609104
10 0.8959588353413654 0.21106648817492193 0.01882530120481931 0.033467202141900944
11 0.8479543172690763 0.2696340919232486 0.020707831325301265 0.03458277554663101
12 0.28601907630522094 0.8871039714413209 0.02133534136546184 0.03569834895136092
13 0.8278739959839357 0.30198572066041945 0.020707831325301147 0.03681392235609104
14 0.14388805220883538 0.6154618473895583 0.020707831325301206 0.03681392235609104
17 0.8168925702811245 0.7264614011601964 0.02133534136546184 0.033467202141900895
19 0.38328313253012053 0.9077420794288263 0.02133534136546184 0.03681392235609104
20 0.7331199799196786 0.5111557340473003 0.020707831325301265 0.04016064257028107
21 0.8768197791164657 0.16253904506916556 0.016942771084337355 0.03235162873717091