0 0.07746601880081301 0.1314080849141825 0.02761369410569108 0.04838527551942186
1 0.48926575203252026 0.032110998193315275 0.033536585365853654 0.050502484191508594
2 0.9138084349593496 0.12228997289972901 0.02794715447154476 0.0508130081300813
3 0.08837493648373984 0.8711043360433603 0.029932037601626032 0.05499096657633231
4 0.48919588414634146 0.9714205058717252 0.031110264227642286 0.046273712737127604
5 0.8987392022357723 0.8833982610659439 0.028296493902439105 0.057672764227642455
6 0.7561928353658537 0.7208813233965673 0.02051575203252026 0.0370088075880757
14 0.3752461255081301 0.3430724932249322 0.024247332317073145 0.04070686540198738
16 0.6742489202235773 0.2761686991869919 0.028153582317073027 0.04341689250225829
17 0.7070233104674796 0.6202856820234869 0.023580411585365724 0.03946476964769637
18 0.443383193597561 0.776295731707317 0.023675685975609716 0.03909778681120136
20 0.7273088160569104 0.23165085817524841 0.02238948170731696 0.03985998193315262
8 0.43085461128048774 0.18473351400180668 0.025866996951219492 0.041102077687443526
9 0.7909362296747967 0.8775406504065041 0.019626524390243816 0.03308491418247507
11 0.3752223069105691 0.5939758355916892 0.024072662601625973 0.04465898825654914
12 0.6736455157520325 0.4957373532068654 0.021452616869918728 0.04567524841915084
13 0.5628255208333334 0.8506944444444444 0.029296875 0.05555555555555555