0 0.07864583333333333 0.13518518518518519 0.027083333333333334 0.049074074074074076
1 0.48880208333333336 0.033796296296296297 0.0375 0.04722222222222222
2 0.9130208333333333 0.1259259259259259 0.028645833333333332 0.04814814814814815
3 0.09036458333333333 0.8685185185185185 0.027604166666666666 0.04814814814814815
4 0.48984375 0.9689814814814814 0.033854166666666664 0.04537037037037037
5 0.8994791666666667 0.8805555555555555 0.028125 0.053703703703703705
6 0.7848958333333333 0.6 0.0203125 0.03425925925925926
8 0.5447916666666667 0.4842592592592593 0.024479166666666666 0.044444444444444446
10 0.8815104166666666 0.24722222222222223 0.01875 0.03425925925925926
11 0.7776041666666667 0.5055555555555555 0.020833333333333332 0.04259259259259259
12 0.28567708333333336 0.888425925925926 0.020833333333333332 0.03611111111111111
13 0.8276041666666667 0.3023148148148148 0.022395833333333334 0.03981481481481482
14 0.13177083333333334 0.663425925925926 0.016145833333333335 0.03425925925925926
17 0.8174479166666667 0.725925925925926 0.021354166666666667 0.03888888888888889
19 0.38385416666666666 0.9074074074074074 0.025 0.03796296296296296
20 0.7328125 0.5087962962962963 0.0203125 0.03981481481481482
21 0.7020833333333333 0.36435185185185187 0.022395833333333334 0.03888888888888889