0 0.07507621951219515 0.13527551942186092 0.027311991869918697 0.05194218608852755
1 0.48824949186991873 0.03252032520325204 0.038109756097560954 0.049683830171635045
2 0.9112677845528455 0.12454832881662152 0.026676829268292696 0.0440379403794038
3 0.0890497967479675 0.8686766034327008 0.028582317073170715 0.059846431797651305
4 0.4891781200753516 0.9691621499548327 0.036156036898670744 0.059823848238482503
5 0.9001524390243902 0.8850496838301716 0.024771341463414604 0.05871725383920513
7 0.6810366465863454 0.48159303882195453 0.026982931726907584 0.04350736278447127
8 0.5549071285140562 0.28078982597054886 0.024472891566265056 0.04796965640339131
9 0.7328062248995983 0.47266845158411425 0.023845381526104367 0.04127621597501114
10 0.6813504016064258 0.5384872824631861 0.026355421686747014 0.045738509593931234
11 0.7651229919678715 0.17815707273538603 0.02196285140562253 0.04127621597501114
13 0.7538278112449799 0.464859437751004 0.02196285140562253 0.04350736278447121
14 0.7522590361445782 0.5072512271307452 0.023845381526104367 0.04350736278447121
15 0.7648092369477911 0.12628290941543957 0.023845381526104367 0.04016064257028111
18 0.7739081325301205 0.6717983043284248 0.023217871485943675 0.04016064257028107
19 0.7202560240963856 0.5451807228915663 0.025100401606425748 0.045738509593931234
20 0.7067645582329317 0.4313922356091031 0.02196285140562253 0.04350736278447121
21 0.7478664658634538 0.5942659526996876 0.022590361445783223 0.04350736278447121