0 0.07682291666666667 0.13425925925925927 0.021875 0.05092592592592592
1 0.4895833333333333 0.02962962962962963 0.035416666666666666 0.05462962962962963
2 0.9125 0.12685185185185185 0.023958333333333335 0.05
3 0.090625 0.8712962962962963 0.0234375 0.053703703703703705
4 0.48802083333333335 0.975 0.03333333333333333 0.04814814814814815
5 0.9005208333333333 0.8861111111111111 0.025 0.04722222222222222
6 0.62734375 0.8759259259259259 0.022916666666666665 0.041666666666666664
7 0.9036458333333334 0.5953703703703703 0.016666666666666666 0.03796296296296296
14 0.6369791666666667 0.1087962962962963 0.023958333333333335 0.041666666666666664
17 0.8328125 0.18564814814814815 0.019791666666666666 0.040740740740740744
18 0.7591145833333334 0.48055555555555557 0.021875 0.044444444444444446
19 0.9057291666666667 0.16666666666666666 0.016666666666666666 0.032407407407407406
20 0.73828125 0.5115740740740741 0.021875 0.041666666666666664
9 0.49453125 0.7078703703703704 0.023958333333333335 0.040740740740740744
10 0.15234375 0.6504629629629629 0.020833333333333332 0.03888888888888889
12 0.31744791666666666 0.7861111111111111 0.022916666666666665 0.03888888888888889