0 0.07877604166666667 0.13425925925925927 0.022135416666666668 0.04861111111111111
1 0.4895833333333333 0.027199074074074073 0.036458333333333336 0.05439814814814815
2 0.9130859375 0.12789351851851852 0.022786458333333332 0.04976851851851852
3 0.09147135416666667 0.8715277777777778 0.025390625 0.05092592592592592
4 0.4883313301282051 0.9787037037037037 0.03525641025641028 0.040740740740740744
5 0.8990885416666666 0.8831018518518519 0.026041666666666668 0.05092592592592592
6 0.6822916666666666 0.29282407407407407 0.0234375 0.04398148148148148
7 0.9046223958333334 0.5954861111111112 0.018880208333333332 0.03819444444444445
14 0.7952473958333334 0.2789351851851852 0.021484375 0.041666666666666664
17 0.8323567708333334 0.18460648148148148 0.021484375 0.04050925925925926
18 0.7594401041666666 0.4820601851851852 0.021484375 0.04050925925925926
19 0.8987630208333334 0.3431712962962963 0.018880208333333332 0.03819444444444445
20 0.7392578125 0.5104166666666666 0.020182291666666668 0.04398148148148148
21 0.814453125 0.5439814814814815 0.01953125 0.041666666666666664
8 0.7757161458333334 0.5451388888888888 0.024088541666666668 0.03935185185185185
9 0.5908203125 0.9068287037037037 0.022786458333333332 0.03819444444444445
10 0.18489583333333334 0.5960648148148148 0.020833333333333332 0.03935185185185185
12 0.3170572916666667 0.7853009259259259 0.022135416666666668 0.04050925925925926
13 0.7936197916666666 0.484375 0.022135416666666668 0.04282407407407408