0 0.07916666666666666 0.13425925925925927 0.022916666666666665 0.04814814814814815
1 0.4895833333333333 0.027314814814814816 0.035416666666666666 0.05
2 0.9109375 0.1388888888888889 0.0234375 0.041666666666666664
3 0.090625 0.8731481481481481 0.025 0.05
4 0.4901041666666667 0.9763888888888889 0.036458333333333336 0.04537037037037037
5 0.8989583333333333 0.888425925925926 0.021875 0.05185185185185185
6 0.8729166666666667 0.1537037037037037 0.019791666666666666 0.03888888888888889
7 0.9052083333333333 0.5976851851851852 0.017708333333333333 0.03611111111111111
14 0.6375 0.10925925925925926 0.0234375 0.040740740740740744
17 0.8317708333333333 0.18611111111111112 0.021354166666666667 0.041666666666666664
18 0.7588541666666667 0.4824074074074074 0.022916666666666665 0.041666666666666664
20 0.7395833333333334 0.5120370370370371 0.019791666666666666 0.04537037037037037
9 0.4942708333333333 0.7074074074074074 0.0234375 0.041666666666666664
10 0.15234375 0.6523148148148148 0.020833333333333332 0.03796296296296296
12 0.31744791666666666 0.7865740740740741 0.022916666666666665 0.04259259259259259