0 0.0771484375 0.13599537037037038 0.022786458333333332 0.047453703703703706
1 0.4895833333333333 0.028935185185185185 0.036458333333333336 0.05324074074074074
2 0.9124348958333334 0.1267361111111111 0.026692708333333332 0.052083333333333336
3 0.09147135416666667 0.8715277777777778 0.025390625 0.04861111111111111
4 0.48875434027777775 0.9746527777777778 0.03480034722222219 0.04884259259259259
5 0.8997395833333334 0.8859953703703703 0.024739583333333332 0.05439814814814815
6 0.396484375 0.09895833333333333 0.0234375 0.04282407407407408
14 0.6370442708333334 0.1099537037037037 0.022786458333333332 0.03935185185185185
17 0.5029296875 0.6863425925925926 0.024088541666666668 0.046296296296296294
18 0.759765625 0.4832175925925926 0.0234375 0.04282407407407408
20 0.7389322916666666 0.5115740740740741 0.022135416666666668 0.041666666666666664
9 0.2669270833333333 0.27199074074074076 0.022135416666666668 0.03935185185185185
10 0.15104166666666666 0.6527777777777778 0.020833333333333332 0.037037037037037035
11 0.3170572916666667 0.7853009259259259 0.022135416666666668 0.03819444444444445