0 0.075 0.1337962962962963 0.025 0.046296296296296294
1 0.48854166666666665 0.03194444444444444 0.034895833333333334 0.05092592592592592
2 0.9135416666666667 0.12175925925925926 0.026041666666666668 0.04537037037037037
3 0.09192708333333334 0.8699074074074075 0.0265625 0.04814814814814815
4 0.48880208333333336 0.9703703703703703 0.034375 0.044444444444444446
5 0.9002604166666667 0.8851851851851852 0.026041666666666668 0.05648148148148148
6 0.86015625 0.8550925925925926 0.018229166666666668 0.037037037037037035
8 0.10885416666666667 0.5208333333333334 0.019791666666666666 0.03518518518518519
9 0.90234375 0.6518518518518519 0.017708333333333333 0.03518518518518519
10 0.5794270833333334 0.17777777777777778 0.0234375 0.041666666666666664
11 0.22552083333333334 0.24305555555555555 0.025 0.041666666666666664
13 0.8083333333333333 0.5287037037037037 0.022916666666666665 0.03981481481481482
14 0.58125 0.6712962962962963 0.022395833333333334 0.044444444444444446
16 0.8966145833333333 0.5685185185185185 0.017708333333333333 0.041666666666666664
17 0.7880208333333333 0.5902777777777778 0.021354166666666667 0.03796296296296296
18 0.15572916666666667 0.2763888888888889 0.020833333333333332 0.03425925925925926
20 0.7908854166666667 0.5439814814814815 0.020833333333333332 0.03796296296296296
21 0.5921875 0.43287037037037035 0.026041666666666668 0.041666666666666664