0 0.07708333333333334 0.13240740740740742 0.022916666666666665 0.05185185185185185
1 0.4901041666666667 0.027314814814814816 0.035416666666666666 0.05462962962962963
2 0.9130208333333333 0.12129629629629629 0.023958333333333335 0.05092592592592592
3 0.09114583333333333 0.8694444444444445 0.0234375 0.053703703703703705
4 0.48802083333333335 0.9703703703703703 0.03854166666666667 0.05740740740740741
5 0.8994791666666667 0.8842592592592593 0.023958333333333335 0.05555555555555555
6 0.2765625 0.5194444444444445 0.021875 0.044444444444444446
14 0.6145833333333334 0.16574074074074074 0.025 0.044444444444444446
17 0.5010416666666667 0.6842592592592592 0.025520833333333333 0.044444444444444446
18 0.7591145833333334 0.48194444444444445 0.021875 0.04537037037037037
20 0.7385416666666667 0.5111111111111111 0.021354166666666667 0.04259259259259259
9 0.26666666666666666 0.2712962962962963 0.025520833333333333 0.04537037037037037
10 0.15208333333333332 0.6523148148148148 0.022916666666666665 0.03796296296296296
12 0.10807291666666667 0.7865740740740741 0.019791666666666666 0.03611111111111111