0 0.07369791666666667 0.13055555555555556 0.0296875 0.05462962962962963
1 0.48828125 0.03009259259259259 0.03697916666666667 0.05
2 0.9119791666666667 0.12268518518518519 0.03177083333333333 0.06111111111111111
3 0.08932291666666667 0.8731481481481481 0.029166666666666667 0.05555555555555555
4 0.48802083333333335 0.9703703703703703 0.034895833333333334 0.05092592592592592
5 0.8973958333333333 0.8861111111111111 0.029166666666666667 0.05648148148148148
6 0.27239583333333334 0.587037037037037 0.021354166666666667 0.03981481481481482
7 0.10651041666666666 0.5898148148148148 0.017708333333333333 0.037037037037037035
14 0.5619791666666667 0.26296296296296295 0.022916666666666665 0.04537037037037037
15 0.6916666666666667 0.8064814814814815 0.021354166666666667 0.037037037037037035
16 0.8330729166666667 0.45740740740740743 0.0203125 0.03981481481481482
17 0.7072916666666667 0.6194444444444445 0.0203125 0.040740740740740744
18 0.16328125 0.6819444444444445 0.0171875 0.03796296296296296
19 0.8109375 0.6592592592592592 0.0203125 0.03611111111111111
20 0.7276041666666667 0.2462962962962963 0.021875 0.03981481481481482
21 0.8559895833333333 0.3226851851851852 0.017708333333333333 0.037037037037037035
8 0.49322916666666666 0.1675925925925926 0.022916666666666665 0.041666666666666664
9 0.7291666666666666 0.8351851851851851 0.020833333333333332 0.037037037037037035
10 0.13671875 0.41064814814814815 0.018229166666666668 0.03611111111111111
11 0.659375 0.8134259259259259 0.022395833333333334 0.037037037037037035
12 0.5260416666666666 0.4828703703703704 0.022395833333333334 0.04537037037037037
13 0.6109375 0.8180555555555555 0.021354166666666667 0.03981481481481482