0 0.07838541666666667 0.13240740740740742 0.023958333333333335 0.04722222222222222
1 0.4908854166666667 0.027777777777777776 0.0375 0.05555555555555555
2 0.91171875 0.12546296296296297 0.028125 0.05185185185185185
3 0.0921875 0.8722222222222222 0.022916666666666665 0.05
4 0.4908854166666667 0.9736111111111111 0.0375 0.05092592592592592
5 0.8984375 0.8847222222222222 0.027083333333333334 0.05462962962962963
6 0.8296875 0.8009259259259259 0.01875 0.037037037037037035
14 0.6380208333333334 0.10694444444444444 0.021875 0.04259259259259259
17 0.50234375 0.6851851851851852 0.025520833333333333 0.041666666666666664
18 0.7588541666666667 0.48148148148148145 0.022916666666666665 0.044444444444444446
20 0.73828125 0.5120370370370371 0.0234375 0.040740740740740744
9 0.43463541666666666 0.8194444444444444 0.021354166666666667 0.041666666666666664
10 0.15234375 0.6518518518518519 0.019791666666666666 0.037037037037037035
12 0.31666666666666665 0.7851851851851852 0.023958333333333335 0.03796296296296296