0 0.07831325301204822 0.1335341365461848 0.028865461847389553 0.045738509593931276
1 0.4880773092369478 0.03703703703703709 0.037650602409638564 0.044622936189201254
2 0.9116465863453815 0.12572512271307457 0.028865461847389657 0.047969656403391354
3 0.09054969879518077 0.8670236501561802 0.02823795180722891 0.051316376617581407
4 0.48995983935742976 0.9702141900937081 0.03263052208835339 0.047969656403391264
5 0.899410140562249 0.8815261044176707 0.02572791164658644 0.04685408299866125
6 0.7315512048192772 0.28023203926818385 0.02133534136546184 0.037929495760821046
8 0.64652359437751 0.5613565372601518 0.02196285140562253 0.04016064257028107
9 0.6135793172690763 0.6935519857206605 0.02133534136546184 0.03904506916555106
10 0.5705948795180722 0.34381972333779565 0.023217871485943793 0.0423917893797412
11 0.7651229919678715 0.537929495760821 0.020707831325301147 0.037929495760821046
12 0.2857053212851406 0.8893351182507809 0.02196285140562247 0.03569834895136102
13 0.8275602409638554 0.30142793395805445 0.01882530120481931 0.037929495760821046
14 0.11408132530120486 0.6489290495314591 0.01882530120481927 0.032351628737170984
15 0.840737951807229 0.8475011155734047 0.017570281124498047 0.03458277554663101
17 0.8168925702811245 0.7259036144578314 0.01882530120481931 0.0345827755466309
19 0.3826556224899599 0.9060687193217314 0.023845381526104426 0.03569834895136092
20 0.7318649598393575 0.5100401606425703 0.019452811244979884 0.037929495760821046
21 0.7026857429718876 0.36445783132530124 0.02133534136546184 0.03681392235609098