1 0.7625 0.4810185185185185 0.025520833333333333 0.06481481481481481
4 0.234375 0.48148148148148145 0.028125 0.05925925925925926
7 0.53046875 0.9328703703703703 0.021875 0.03981481481481482
8 0.46510416666666665 0.7597222222222222 0.021875 0.03981481481481482
9 0.39166666666666666 0.7013888888888888 0.021875 0.03888888888888889
10 0.6653645833333334 0.9023148148148148 0.021875 0.03888888888888889
11 0.4783854166666667 0.9694444444444444 0.0234375 0.03611111111111111
12 0.28229166666666666 0.12175925925925926 0.0203125 0.03611111111111111
19 0.2721354166666667 0.2935185185185185 0.022395833333333334 0.03796296296296296
20 0.4942708333333333 0.9138888888888889 0.022395833333333334 0.04259259259259259
21 0.5760416666666667 0.8592592592592593 0.022395833333333334 0.03981481481481482