0 0.07763408818199631 0.1355340059424691 0.026007230140072446 0.06149258279731395
1 0.4890498076801981 0.030939476061427287 0.03396847407049801 0.05284552845528456
2 0.9125706331423252 0.12261648218891828 0.027882107699089075 0.05693505730238023
3 0.08899431567734355 0.8718260576180057 0.02488230360466252 0.05033684875001362
4 0.48770042058477814 0.9712141247918503 0.03193031271427168 0.04586095057737751
5 0.8977055324958368 0.8824376095166574 0.026229154422568377 0.048976393378391686
6 0.45481736396806743 0.11745355405361285 0.022402873689881454 0.03790228665338859
20 0.6059975419972574 0.1367176021157802 0.023650241208737436 0.04127621597501116
13 0.8623430459643451 0.24038430143337583 0.020359639778626596 0.042718298668930364
12 0.6745338824811441 0.4958438088396948 0.025043007395435406 0.043629803767917225
11 0.23067383864727203 0.11766442463621427 0.02353545278675675 0.041561911603051796
8 0.4302067262954256 0.1864966641634288 0.02462211651483983 0.04660920103176928