0 0.07708333333333334 0.13194444444444445 0.03125 0.05
1 0.48932291666666666 0.03148148148148148 0.0359375 0.06296296296296296
2 0.9135416666666667 0.12361111111111112 0.03125 0.04814814814814815
3 0.08880208333333334 0.8736111111111111 0.030729166666666665 0.05462962962962963
4 0.48932291666666666 0.9703703703703703 0.03802083333333333 0.05740740740740741
5 0.90078125 0.8833333333333333 0.027083333333333334 0.05740740740740741
6 0.6966145833333334 0.1736111111111111 0.024479166666666666 0.04351851851851852
7 0.68046875 0.48148148148148145 0.024479166666666666 0.04351851851851852
9 0.7330729166666666 0.4726851851851852 0.024479166666666666 0.041666666666666664
10 0.6809895833333334 0.538425925925926 0.025520833333333333 0.04351851851851852
13 0.7546875 0.4671296296296296 0.022395833333333334 0.041666666666666664
14 0.7513020833333334 0.5074074074074074 0.0234375 0.03888888888888889
15 0.7638020833333333 0.125 0.0234375 0.03981481481481482
18 0.7747395833333334 0.6694444444444444 0.023958333333333335 0.044444444444444446
19 0.72109375 0.5444444444444444 0.024479166666666666 0.044444444444444446
20 0.70703125 0.4310185185185185 0.023958333333333335 0.04259259259259259
21 0.7479166666666667 0.5949074074074074 0.022395833333333334 0.04259259259259259