0 0.07894076305220889 0.13632307005800987 0.028865461847389553 0.049085229808121376
1 0.49027359437751 0.03424810352521201 0.035768072289156606 0.04573850959393128
2 0.9129016064257027 0.12405176260597951 0.027610441767068276 0.05131637661758144
3 0.08992218875502012 0.8686970102632753 0.02698293172690763 0.05243195002231152
4 0.48901857429718876 0.9702141900937081 0.03702309236947787 0.05243195002231152
5 0.8990963855421686 0.8820838911200356 0.030120481927710805 0.05466309683177155
6 0.6546812248995983 0.2194332887103972 0.02196285140562253 0.03904506916555109
8 0.5649472891566264 0.49832663989290504 0.023217871485943793 0.041276215975011084
10 0.881839859437751 0.24843819723337798 0.01819779116465874 0.03681392235609104
11 0.7648092369477911 0.5384872824631861 0.020080321285140458 0.03904506916555106
12 0.28601907630522094 0.8871039714413209 0.020080321285140576 0.03792949576082115
13 0.8278739959839357 0.30142793395805445 0.020707831325301147 0.037929495760821046
14 0.11408132530120486 0.6483712628290942 0.01882530120481927 0.033467202141901
17 0.8175200803212851 0.7259036144578314 0.021335341365461957 0.0345827755466309
19 0.3814006024096386 0.9077420794288263 0.023845381526104367 0.04127621597501119
20 0.7328062248995983 0.5117135207496654 0.020080321285140576 0.041276215975011084
21 0.7014307228915662 0.3633422579205712 0.02133534136546184 0.04127621597501119