0 0.07708333333333334 0.13148148148148148 0.022916666666666665 0.04537037037037037
1 0.48932291666666666 0.025 0.03854166666666667 0.05
2 0.9114583333333334 0.12546296296296297 0.026041666666666668 0.05
3 0.09270833333333334 0.8722222222222222 0.023958333333333335 0.04722222222222222
4 0.48854166666666665 0.975 0.03854166666666667 0.04814814814814815
5 0.8981770833333333 0.8870370370370371 0.023958333333333335 0.05462962962962963
6 0.6044270833333333 0.6277777777777778 0.022916666666666665 0.04259259259259259
7 0.9041666666666667 0.5949074074074074 0.018229166666666668 0.03888888888888889
14 0.6377604166666667 0.10694444444444444 0.021354166666666667 0.04259259259259259
17 0.8322916666666667 0.18518518518518517 0.01875 0.03888888888888889
18 0.7604166666666666 0.48148148148148145 0.020833333333333332 0.041666666666666664
19 0.8986979166666667 0.3435185185185185 0.017708333333333333 0.03518518518518519
20 0.7393229166666667 0.5111111111111111 0.022916666666666665 0.040740740740740744
9 0.5908854166666667 0.9055555555555556 0.022916666666666665 0.03796296296296296
10 0.184375 0.5949074074074074 0.020833333333333332 0.037037037037037035
12 0.31744791666666666 0.7851851851851852 0.025520833333333333 0.040740740740740744
13 0.790625 0.2898148148148148 0.022916666666666665 0.04259259259259259