0 0.0771484375 0.13310185185185186 0.020182291666666668 0.04398148148148148
1 0.4889322916666667 0.027777777777777776 0.037760416666666664 0.05555555555555555
2 0.9108072916666666 0.1255787037037037 0.026041666666666668 0.047453703703703706
3 0.09016927083333333 0.8703703703703703 0.021484375 0.04861111111111111
4 0.4889322916666667 0.9729166666666667 0.037760416666666664 0.052314814814814814
5 0.8984375 0.8842592592592593 0.0234375 0.05092592592592592
6 0.5992838541666666 0.4600694444444444 0.022786458333333332 0.04282407407407408
7 0.7526041666666666 0.5868055555555556 0.01953125 0.037037037037037035
14 0.7770182291666666 0.3431712962962963 0.020182291666666668 0.04050925925925926
15 0.7906901041666666 0.6770833333333334 0.021484375 0.03935185185185185
16 0.1787109375 0.5700231481481481 0.018880208333333332 0.03819444444444445
17 0.8369140625 0.33622685185185186 0.017578125 0.03587962962962963
18 0.759765625 0.48148148148148145 0.01953125 0.03935185185185185
19 0.7158203125 0.4583333333333333 0.022786458333333332 0.03935185185185185
20 0.7395833333333334 0.5109953703703703 0.020833333333333332 0.03819444444444445
21 0.8076171875 0.5445601851851852 0.018880208333333332 0.03819444444444445
8 0.7744140625 0.5439814814814815 0.021484375 0.037037037037037035
9 0.6233723958333334 0.4774305555555556 0.024088541666666668 0.04282407407407408
10 0.5582682291666666 0.27199074074074076 0.024088541666666668 0.041666666666666664
11 0.8671875 0.39872685185185186 0.018229166666666668 0.03819444444444445
12 0.7135416666666666 0.25 0.022135416666666668 0.037037037037037035
13 0.7939453125 0.4849537037037037 0.020182291666666668 0.03935185185185185