1 0.23723958333333334 0.5199074074074074 0.028645833333333332 0.05648148148148148
4 0.7635416666666667 0.5203703703703704 0.028125 0.05555555555555555
6 0.6755208333333333 0.7185185185185186 0.0234375 0.04259259259259259
7 0.28541666666666665 0.012962962962962963 0.023958333333333335 0.025925925925925925
8 0.5453125 0.01712962962962963 0.026041666666666668 0.03425925925925926
9 0.52734375 0.031018518518518518 0.022916666666666665 0.040740740740740744
10 0.5255208333333333 0.8185185185185185 0.025520833333333333 0.044444444444444446
11 0.49583333333333335 0.08564814814814815 0.025 0.03981481481481482
14 0.6604166666666667 0.19444444444444445 0.0234375 0.04722222222222222
16 0.5229166666666667 0.4125 0.0265625 0.04722222222222222
19 0.6263020833333334 0.049074074074074076 0.022916666666666665 0.03796296296296296