1 0.23723958333333334 0.5203703703703704 0.028645833333333332 0.06018518518518518
4 0.76640625 0.5180555555555556 0.026041666666666668 0.05740740740740741
21 0.4752604166666667 0.10648148148148148 0.022916666666666665 0.03796296296296296
17 0.5434895833333333 0.010185185185185186 0.021354166666666667 0.020370370370370372
15 0.42604166666666665 0.4083333333333333 0.022395833333333334 0.03981481481481482
14 0.4296875 0.13796296296296295 0.022395833333333334 0.040740740740740744
11 0.50703125 0.02638888888888889 0.023958333333333335 0.03611111111111111
10 0.3411458333333333 0.22268518518518518 0.022916666666666665 0.04537037037037037
8 0.7005208333333334 0.013888888888888888 0.019791666666666666 0.027777777777777776
7 0.31197916666666664 0.004166666666666667 0.019791666666666666 0.008333333333333333
6 0.36822916666666666 0.9004629629629629 0.020833333333333332 0.03611111111111111