0 0.0779994979919679 0.13520749665327983 0.02698293172690763 0.046854082998661305
1 0.48933232931726917 0.03647925033467207 0.03514056224899598 0.05020080321285141
2 0.9119603413654619 0.12405176260597954 0.02823795180722897 0.04685408299866132
3 0.08992218875502012 0.8698125836680053 0.02572791164658635 0.05466309683177155
4 0.48901857429718876 0.9702141900937081 0.03325803212851408 0.04796965640339147
5 0.8990963855421688 0.8848728246318608 0.027610441767068276 0.05354752342704164
6 0.890625 0.8251896474788041 0.015687751004016093 0.0345827755466309
7 0.7434738955823295 0.4470102632753235 0.0225903614457831 0.03904506916555106
8 0.6462098393574297 0.5613565372601518 0.023845381526104603 0.037929495760821046
9 0.613265562248996 0.6924364123159304 0.02196285140562253 0.03904506916555096
10 0.7255898594377508 0.20493083444890672 0.020707831325301265 0.03681392235609106
11 0.7641817269076303 0.5396028558679161 0.020080321285140576 0.04127621597501119
12 0.2872740963855422 0.8871039714413209 0.020080321285140576 0.03569834895136092
13 0.8253639558232931 0.30087014725568934 0.019452811244979884 0.03681392235609104
14 0.11376757028112454 0.6472556894243642 0.018197791164658635 0.03569834895136102
15 0.8416792168674699 0.853078982597055 0.016942771084337355 0.03235162873717088
17 0.8168925702811245 0.7259036144578314 0.01882530120481931 0.03235162873717088
18 0.9006651606425701 0.2930611334225792 0.01819779116465862 0.03458277554663096
19 0.3839106425702811 0.9049531459170013 0.021335341365461898 0.04016064257028118
20 0.7321787148594378 0.5100401606425702 0.023845381526104485 0.04016064257028118
21 0.7026857429718875 0.3639000446229361 0.022590361445783223 0.03792949576082115