1 0.76328125 0.48009259259259257 0.027083333333333334 0.06296296296296296
4 0.23489583333333333 0.4810185185185185 0.028645833333333332 0.062037037037037036
7 0.6875 0.9953703703703703 0.020833333333333332 0.009259259259259259
8 0.7361979166666667 0.5273148148148148 0.021354166666666667 0.037037037037037035
10 0.6588541666666666 0.7773148148148148 0.021354166666666667 0.03796296296296296
11 0.64453125 0.013888888888888888 0.0203125 0.027777777777777776
14 0.5916666666666667 0.7393518518518518 0.025 0.044444444444444446
15 0.5729166666666666 0.5902777777777778 0.022916666666666665 0.03981481481481482
17 0.44895833333333335 0.9958333333333333 0.020833333333333332 0.008333333333333333
18 0.5971354166666667 0.9495370370370371 0.022916666666666665 0.037037037037037035
21 0.62578125 0.8796296296296297 0.022916666666666665 0.03981481481481482