0 0.08463541666666667 0.12129629629629629 0.025 0.044444444444444446
1 0.5002604166666667 0.02962962962962963 0.034375 0.044444444444444446
2 0.9221354166666667 0.12268518518518519 0.023958333333333335 0.05185185185185185
3 0.0953125 0.8569444444444444 0.026041666666666668 0.04722222222222222
4 0.496875 0.9625 0.027083333333333334 0.044444444444444446
5 0.9067708333333333 0.8782407407407408 0.03177083333333333 0.05
6 0.09739583333333333 0.23796296296296296 0.019791666666666666 0.03425925925925926
7 0.57421875 0.3851851851851852 0.025 0.041666666666666664
8 0.69921875 0.8291666666666667 0.021354166666666667 0.03981481481481482
9 0.4549479166666667 0.17314814814814813 0.025 0.044444444444444446
10 0.8013020833333333 0.8675925925925926 0.019270833333333334 0.037037037037037035
11 0.4705729166666667 0.42824074074074076 0.023958333333333335 0.041666666666666664
12 0.39296875 0.18009259259259258 0.022916666666666665 0.044444444444444446
13 0.23046875 0.7041666666666667 0.022916666666666665 0.03796296296296296
14 0.2484375 0.15046296296296297 0.025 0.03981481481481482
15 0.49765625 0.4537037037037037 0.023958333333333335 0.04537037037037037
16 0.12265625 0.1449074074074074 0.025 0.037037037037037035
17 0.8078125 0.8083333333333333 0.0203125 0.03425925925925926
18 0.3888020833333333 0.4300925925925926 0.022395833333333334 0.04259259259259259
19 0.31302083333333336 0.09814814814814815 0.0265625 0.040740740740740744
20 0.6716145833333333 0.2564814814814815 0.022395833333333334 0.044444444444444446
21 0.8453125 0.5462962962962963 0.022916666666666665 0.03611111111111111