0 0.07747395833333333 0.13657407407407407 0.020833333333333332 0.05555555555555555
1 0.4892578125 0.03356481481481482 0.037109375 0.05787037037037037
2 0.9111328125 0.12789351851851852 0.027994791666666668 0.04976851851851852
3 0.09212239583333333 0.8726851851851852 0.024088541666666668 0.04861111111111111
4 0.48828638980263156 0.978125 0.039072779605263126 0.04189814814814815
5 0.8981119791666666 0.8871527777777778 0.025390625 0.056712962962962965
6 0.4026692708333333 0.14988425925925927 0.022786458333333332 0.04282407407407408
14 0.6376953125 0.10821759259259259 0.022786458333333332 0.04282407407407408
17 0.5029296875 0.6863425925925926 0.022786458333333332 0.041666666666666664
18 0.7594401041666666 0.48148148148148145 0.021484375 0.041666666666666664
20 0.7392578125 0.5121527777777778 0.021484375 0.04050925925925926
9 0.24772135416666666 0.5839120370370371 0.022786458333333332 0.04282407407407408
10 0.15234375 0.6516203703703703 0.022135416666666668 0.037037037037037035
12 0.3177083333333333 0.7847222222222222 0.0234375 0.041666666666666664