0 0.0771484375 0.13425925925925927 0.022786458333333332 0.05324074074074074
1 0.4899088541666667 0.029513888888888888 0.035807291666666664 0.052083333333333336
2 0.9130859375 0.12731481481481483 0.026692708333333332 0.04861111111111111
3 0.09114583333333333 0.8686342592592593 0.026041666666666668 0.04513888888888889
4 0.490234375 0.9756944444444444 0.040364583333333336 0.046296296296296294
5 0.900390625 0.8865740740740741 0.028645833333333332 0.04861111111111111
6 0.830078125 0.8009259259259259 0.01953125 0.034722222222222224
14 0.6373697916666666 0.1087962962962963 0.0234375 0.03935185185185185
17 0.5026041666666666 0.6857638888888888 0.0234375 0.04282407407407408
18 0.7591145833333334 0.48148148148148145 0.0234375 0.041666666666666664
20 0.7392578125 0.5104166666666666 0.022786458333333332 0.041666666666666664
9 0.4342447916666667 0.8194444444444444 0.024739583333333332 0.041666666666666664
10 0.15234375 0.6516203703703703 0.020833333333333332 0.041666666666666664
12 0.31640625 0.7853009259259259 0.0234375 0.04282407407407408