0 0.07747395833333333 0.13657407407407407 0.0234375 0.05092592592592592
1 0.4899088541666667 0.03009259259259259 0.038411458333333336 0.05555555555555555
2 0.9127604166666666 0.12731481481481483 0.0234375 0.046296296296296294
3 0.09016927083333333 0.8732638888888888 0.025390625 0.05439814814814815
5 0.8987630208333334 0.8831018518518519 0.025390625 0.05324074074074074
6 0.7685546875 0.6070601851851852 0.022786458333333332 0.04050925925925926
7 0.9049479166666666 0.5954861111111112 0.01953125 0.03819444444444445
14 0.6370442708333334 0.10706018518518519 0.022786458333333332 0.04050925925925926
17 0.8330078125 0.18518518518518517 0.018880208333333332 0.03935185185185185
18 0.7584635416666666 0.48032407407407407 0.022135416666666668 0.041666666666666664
19 0.8994140625 0.3454861111111111 0.020182291666666668 0.04050925925925926
20 0.7389322916666666 0.5109953703703703 0.022135416666666668 0.04050925925925926
9 0.3616536458333333 0.2042824074074074 0.021484375 0.04282407407407408
10 0.18587239583333334 0.5960648148148148 0.021484375 0.03935185185185185
12 0.3167317708333333 0.7847222222222222 0.022786458333333332 0.041666666666666664