0 0.07942708333333333 0.1337962962962963 0.021875 0.04537037037037037
1 0.4890625 0.03148148148148148 0.027083333333333334 0.06296296296296296
2 0.91015625 0.12777777777777777 0.0234375 0.04537037037037037
3 0.09114583333333333 0.8648148148148148 0.021875 0.037037037037037035
4 0.48932291666666666 0.9717592592592592 0.028125 0.05462962962962963
5 0.8986979166666667 0.8814814814814815 0.022916666666666665 0.04259259259259259
15 0.69765625 0.5009259259259259 0.0203125 0.037037037037037035
20 0.8231770833333333 0.2833333333333333 0.017708333333333333 0.032407407407407406
8 0.8932291666666666 0.5925925925925926 0.016666666666666666 0.03518518518518519
17 0.84765625 0.40694444444444444 0.018229166666666668 0.03611111111111111
14 0.8359375 0.16574074074074074 0.016666666666666666 0.037037037037037035
10 0.55703125 0.4212962962962963 0.022916666666666665 0.03888888888888889
7 0.4239583333333333 0.11296296296296296 0.020833333333333332 0.03611111111111111
16 0.38255208333333335 0.7722222222222223 0.021354166666666667 0.037037037037037035
18 0.3111979166666667 0.7148148148148148 0.019791666666666666 0.03611111111111111
12 0.8083333333333333 0.5574074074074075 0.0203125 0.03611111111111111
11 0.5822916666666667 0.3398148148148148 0.021354166666666667 0.03611111111111111