1 0.23828125 0.5189814814814815 0.0265625 0.06018518518518518
4 0.765625 0.5189814814814815 0.023958333333333335 0.05555555555555555
6 0.54453125 0.5828703703703704 0.022916666666666665 0.04259259259259259
8 0.44479166666666664 0.4675925925925926 0.022916666666666665 0.04259259259259259
10 0.34140625 0.22407407407407406 0.0234375 0.03796296296296296
11 0.35546875 0.9851851851851852 0.021354166666666667 0.02962962962962963
14 0.4088541666666667 0.25787037037037036 0.0234375 0.04259259259259259
15 0.4270833333333333 0.4097222222222222 0.0265625 0.046296296296296294
17 0.5510416666666667 0.003703703703703704 0.020833333333333332 0.007407407407407408
18 0.40260416666666665 0.05277777777777778 0.020833333333333332 0.037037037037037035
21 0.37421875 0.11990740740740741 0.021354166666666667 0.03796296296296296