0 0.07708333333333334 0.13472222222222222 0.022916666666666665 0.05462962962962963
1 0.48984375 0.02824074074074074 0.03854166666666667 0.05648148148148148
2 0.9127604166666666 0.13055555555555556 0.026041666666666668 0.053703703703703705
3 0.090625 0.8722222222222222 0.0234375 0.05185185185185185
4 0.48854166666666665 0.9731481481481481 0.03697916666666667 0.05185185185185185
5 0.8979166666666667 0.8870370370370371 0.0234375 0.05648148148148148
6 0.3984375 0.11527777777777778 0.025 0.040740740740740744
14 0.6369791666666667 0.10740740740740741 0.022916666666666665 0.044444444444444446
17 0.5028645833333333 0.6861111111111111 0.023958333333333335 0.044444444444444446
18 0.7588541666666667 0.48148148148148145 0.023958333333333335 0.041666666666666664
20 0.73984375 0.5120370370370371 0.021354166666666667 0.04259259259259259
9 0.2513020833333333 0.3888888888888889 0.021875 0.041666666666666664
10 0.15260416666666668 0.6523148148148148 0.0203125 0.03796296296296296
12 0.31744791666666666 0.7861111111111111 0.022916666666666665 0.041666666666666664