1 0.7614583333333333 0.48009259259259257 0.027083333333333334 0.062037037037037036
4 0.23645833333333333 0.48194444444444445 0.0265625 0.06018518518518518
6 0.659375 0.6643518518518519 0.022395833333333334 0.041666666666666664
7 0.53046875 0.9328703703703703 0.020833333333333332 0.03611111111111111
8 0.44479166666666664 0.8425925925925926 0.021354166666666667 0.03796296296296296
9 0.39166666666666666 0.7037037037037037 0.0234375 0.03888888888888889
10 0.66640625 0.9009259259259259 0.022395833333333334 0.03888888888888889
11 0.47890625 0.9703703703703703 0.021875 0.037037037037037035
12 0.43776041666666665 0.3138888888888889 0.023958333333333335 0.04259259259259259
13 0.6216145833333333 0.9527777777777777 0.022395833333333334 0.03796296296296296
14 0.5583333333333333 0.3824074074074074 0.023958333333333335 0.04351851851851852
17 0.40182291666666664 0.8476851851851852 0.021875 0.041666666666666664
19 0.4244791666666667 0.45092592592592595 0.021875 0.03981481481481482
20 0.4942708333333333 0.9138888888888889 0.022395833333333334 0.03796296296296296
21 0.5380208333333333 0.6263888888888889 0.0234375 0.041666666666666664