0 0.07447916666666667 0.1337962962962963 0.022395833333333334 0.046296296296296294
1 0.48932291666666666 0.032407407407407406 0.034895833333333334 0.05
2 0.9151041666666667 0.12453703703703704 0.028125 0.05092592592592592
3 0.08932291666666667 0.8699074074074075 0.0265625 0.04814814814814815
5 0.8997395833333334 0.8856481481481482 0.028125 0.05277777777777778
6 0.85 0.13703703703703704 0.018229166666666668 0.03518518518518519
8 0.10833333333333334 0.5208333333333334 0.0203125 0.032407407407407406
9 0.8994791666666667 0.24259259259259258 0.019791666666666666 0.03425925925925926
10 0.5786458333333333 0.17824074074074073 0.0234375 0.040740740740740744
11 0.22552083333333334 0.24305555555555555 0.020833333333333332 0.03981481481481482
13 0.8078125 0.524074074074074 0.021354166666666667 0.03518518518518519
14 0.31927083333333334 0.7805555555555556 0.023958333333333335 0.03518518518518519
17 0.5705729166666667 0.6625 0.025 0.040740740740740744
18 0.16875 0.2601851851851852 0.023958333333333335 0.037037037037037035
20 0.7283854166666667 0.40185185185185185 0.022916666666666665 0.040740740740740744
21 0.5916666666666667 0.43287037037037035 0.023958333333333335 0.041666666666666664