0 0.07862700803212856 0.13409192324854982 0.02698293172690763 0.04685408299866132
1 0.4887048192771084 0.035921463632307055 0.037650602409638564 0.04685408299866132
2 0.9110190763052209 0.12460954930834452 0.02886546184738954 0.05020080321285142
4 0.48901857429718876 0.9696564033913431 0.03325803212851408 0.049085229808121376
5 0.8997238955823292 0.8792949576082105 0.026355421686747014 0.051316376617581407
6 0.5492595381526103 0.49776885319054 0.023217871485943793 0.04016064257028107
10 0.8959588353413654 0.21050870147255693 0.01882530120481931 0.03458277554663096
11 0.847640562248996 0.2690763052208836 0.01882530120481931 0.033467202141900944
12 0.28633283132530124 0.8887773315484159 0.020707831325301206 0.03458277554663101
13 0.827246485943775 0.30142793395805445 0.020707831325301147 0.037929495760821046
14 0.14482931726907633 0.6143462739848282 0.020080321285140545 0.036813922356090927
17 0.8168925702811245 0.7253458277554663 0.01882530120481931 0.033467202141900895
19 0.38328313253012053 0.9077420794288263 0.02133534136546184 0.04127621597501119
20 0.733433734939759 0.5117135207496654 0.021335341365461957 0.03904506916555106
21 0.7023719879518072 0.36668897813476126 0.02196285140562253 0.03681392235609104