1 0.23619791666666667 0.5203703703703704 0.028645833333333332 0.06018518518518518
4 0.7651041666666667 0.5199074074074074 0.026041666666666668 0.058333333333333334
6 0.4578125 0.9287037037037037 0.022395833333333334 0.040740740740740744
7 0.31145833333333334 0.004166666666666667 0.020833333333333332 0.008333333333333333
8 0.35052083333333334 0.3398148148148148 0.022395833333333334 0.041666666666666664
10 0.340625 0.22407407407407406 0.022916666666666665 0.040740740740740744
11 0.35546875 0.9851851851851852 0.0203125 0.02962962962962963
14 0.409375 0.2601851851851852 0.025 0.04259259259259259
15 0.4265625 0.4074074074074074 0.0234375 0.03981481481481482
17 0.5513020833333333 0.003703703703703704 0.0203125 0.007407407407407408
18 0.40338541666666666 0.05277777777777778 0.021354166666666667 0.037037037037037035
21 0.37395833333333334 0.1175925925925926 0.0234375 0.03796296296296296