0 0.07578125 0.13287037037037036 0.0234375 0.040740740740740744
1 0.48880208333333336 0.03518518518518519 0.034375 0.05092592592592592
2 0.9138020833333333 0.12407407407407407 0.025520833333333333 0.05185185185185185
3 0.0890625 0.8680555555555556 0.022395833333333334 0.05
4 0.48828125 0.9736111111111111 0.0328125 0.04814814814814815
5 0.8994791666666667 0.8842592592592593 0.026041666666666668 0.06018518518518518
6 0.88828125 0.3921296296296296 0.017708333333333333 0.03518518518518519
7 0.78671875 0.16620370370370371 0.021354166666666667 0.037037037037037035
8 0.5393229166666667 0.549537037037037 0.025 0.04537037037037037
9 0.9020833333333333 0.65 0.0171875 0.03611111111111111
10 0.65625 0.21898148148148147 0.025 0.04259259259259259
11 0.7690104166666667 0.5097222222222222 0.021354166666666667 0.03981481481481482
13 0.809375 0.5328703703703703 0.019791666666666666 0.03796296296296296
14 0.7026041666666667 0.375 0.025 0.041666666666666664
15 0.5505208333333333 0.36898148148148147 0.025520833333333333 0.03796296296296296
16 0.8950520833333333 0.5703703703703704 0.0171875 0.037037037037037035
17 0.7791666666666667 0.5768518518518518 0.021354166666666667 0.03796296296296296
18 0.7497395833333333 0.32592592592592595 0.020833333333333332 0.04259259259259259
19 0.8229166666666666 0.562037037037037 0.017708333333333333 0.03425925925925926
20 0.790625 0.5458333333333333 0.0203125 0.03981481481481482
21 0.7291666666666666 0.38935185185185184 0.022395833333333334 0.04259259259259259