0 0.078125 0.13240740740740742 0.027083333333333334 0.04537037037037037
1 0.48932291666666666 0.03611111111111111 0.036458333333333336 0.04722222222222222
2 0.9122395833333333 0.12407407407407407 0.028645833333333332 0.05092592592592592
3 0.08932291666666667 0.8726851851851852 0.0296875 0.049074074074074076
4 0.4903645833333333 0.9703703703703703 0.03333333333333333 0.04351851851851852
5 0.9010416666666666 0.8833333333333333 0.028645833333333332 0.05
6 0.53984375 0.42083333333333334 0.024479166666666666 0.03981481481481482
8 0.659375 0.5217592592592593 0.0203125 0.03888888888888889
10 0.7333333333333333 0.21064814814814814 0.021354166666666667 0.041666666666666664
11 0.7645833333333333 0.538425925925926 0.020833333333333332 0.037037037037037035
12 0.2869791666666667 0.888425925925926 0.021875 0.03333333333333333
13 0.82734375 0.30092592592592593 0.020833333333333332 0.041666666666666664
14 0.11380208333333333 0.649074074074074 0.018229166666666668 0.03425925925925926
15 0.8385416666666666 0.8467592592592592 0.0171875 0.03333333333333333
17 0.8171875 0.725462962962963 0.0171875 0.03333333333333333
19 0.38333333333333336 0.9083333333333333 0.022395833333333334 0.04259259259259259
20 0.7330729166666666 0.5101851851851852 0.019270833333333334 0.03981481481481482
21 0.7026041666666667 0.3638888888888889 0.022395833333333334 0.03796296296296296