0 0.07845052083333333 0.13483796296296297 0.021484375 0.047453703703703706
1 0.4886067708333333 0.02546296296296296 0.037109375 0.05092592592592592
2 0.9127604166666666 0.12268518518518519 0.028645833333333332 0.05092592592592592
3 0.08951822916666667 0.8680555555555556 0.025390625 0.04861111111111111
4 0.49009693287037037 0.9746527777777778 0.03357928240740738 0.04884259259259259
5 0.8987630208333334 0.8854166666666666 0.025390625 0.04861111111111111
6 0.6080729166666666 0.9155092592592593 0.0234375 0.03935185185185185
7 0.9039713541666666 0.5954861111111112 0.017578125 0.03819444444444445
14 0.6373697916666666 0.10821759259259259 0.020833333333333332 0.04050925925925926
17 0.8330078125 0.1863425925925926 0.021484375 0.037037037037037035
20 0.7386067708333334 0.5109953703703703 0.021484375 0.04050925925925926
18 0.7594401041666666 0.48148148148148145 0.021484375 0.041666666666666664
19 0.9049479166666666 0.16377314814814814 0.014322916666666666 0.03356481481481482
9 0.5009765625 0.8327546296296297 0.021484375 0.04050925925925926
10 0.154296875 0.7042824074074074 0.018229166666666668 0.03819444444444445
12 0.31640625 0.7841435185185185 0.01953125 0.04050925925925926