0 0.07634654471544718 0.1330171635049684 0.027311991869918697 0.05194218608852755
1 0.4882494918699187 0.029697380307136416 0.04065040650406502 0.0530713640469738
2 0.9138084349593496 0.1262420957542909 0.038109756097561016 0.05420054200542005
3 0.08968495934959352 0.8669828364950315 0.03620426829268294 0.06323396567299003
4 0.48856707317073167 0.9703026196928635 0.03493394308943086 0.050813008130081404
5 0.8985645325203251 0.8850496838301716 0.02921747967479682 0.05871725383920513
6 0.147484756097561 0.5846883468834687 0.02223069105691057 0.03839205058717257
7 0.8617251016260162 0.2978771454381211 0.02159552845528457 0.04290876242095752
8 0.775660569105691 0.5824299909665763 0.024771341463414604 0.04065040650406502
9 0.7642276422764227 0.5513775971093043 0.02096036585365842 0.037262872628726296
10 0.3199314024390244 0.54516711833785 0.025406504065040636 0.04290876242095757
11 0.7334222560975608 0.49322493224932246 0.022865853658536512 0.04065040650406496
12 0.8004319105691057 0.47289972899729 0.027311991869918728 0.04065040650406496
14 0.6702235772357723 0.7862466124661245 0.024771341463414604 0.03952122854561874
16 0.33517530487804875 0.6953477868112014 0.025406504065040636 0.03613369467028001
19 0.7553353658536585 0.7275293586269195 0.0222306910569106 0.04403794037940374