0 0.0779994979919679 0.1340919232485498 0.028237951807228923 0.044622936189201254
1 0.48901857429718876 0.03257474341811696 0.038278112449799194 0.046854082998661305
3 0.08929467871485948 0.8709281570727354 0.025727911646586336 0.052431950022311415
4 0.4899598393574297 0.9730031236055332 0.03514056224899598 0.04685408299866135
5 0.899410140562249 0.8815261044176707 0.02823795180722897 0.053547523427041534
6 0.6349146586345381 0.5920348058902275 0.023845381526104367 0.041276215975011084
8 0.6515436746987951 0.5474118697010263 0.023217871485943675 0.04127621597501119
10 0.4733308232931727 0.4341811691209282 0.023217871485943793 0.04016064257028107
11 0.7644954819277108 0.5384872824631861 0.020707831325301147 0.03904506916555106
12 0.28601907630522094 0.8859883980365908 0.0225903614457831 0.037929495760821046
13 0.8294427710843373 0.30254350736278446 0.017570281124498047 0.033467202141900944
14 0.11376757028112454 0.6478134761267292 0.015687751004016048 0.032351628737170984
15 0.8391691767068273 0.8469433288710397 0.020707831325301265 0.033467202141901
17 0.8168925702811245 0.7242302543507363 0.01757028112449793 0.03569834895136102
19 0.3832831325301205 0.9088576528335565 0.02259036144578316 0.03681392235609104
20 0.7321787148594378 0.5122713074520303 0.02133534136546184 0.037929495760821046
21 0.7017444779116466 0.3650156180276662 0.023217871485943793 0.040160642570281124