0 0.07682291666666667 0.13136574074074073 0.0234375 0.05439814814814815
1 0.4886067708333333 0.03009259259259259 0.037109375 0.05555555555555555
2 0.9137369791666666 0.1267361111111111 0.024088541666666668 0.056712962962962965
3 0.09147135416666667 0.8744212962962963 0.022786458333333332 0.052083333333333336
4 0.4891084558823529 0.9723379629629629 0.03420649509803919 0.05347222222222222
5 0.8981119791666666 0.8859953703703703 0.029296875 0.056712962962962965
6 0.2757161458333333 0.45023148148148145 0.024088541666666668 0.041666666666666664
14 0.6158854166666666 0.16550925925925927 0.026041666666666668 0.04398148148148148
17 0.5022786458333334 0.6851851851851852 0.024088541666666668 0.046296296296296294
18 0.7591145833333334 0.4820601851851852 0.024739583333333332 0.04050925925925926
20 0.7389322916666666 0.5109953703703703 0.0234375 0.04282407407407408
9 0.2662760416666667 0.27025462962962965 0.022135416666666668 0.04282407407407408
10 0.15201822916666666 0.6516203703703703 0.022786458333333332 0.041666666666666664
12 0.1083984375 0.7754629629629629 0.020182291666666668 0.03935185185185185