1 0.23567708333333334 0.5194444444444445 0.03125 0.044444444444444446
4 0.7640625 0.5208333333333334 0.03177083333333333 0.046296296296296294
15 0.5322916666666667 0.09953703703703703 0.0203125 0.03518518518518519
20 0.50546875 0.08518518518518518 0.01875 0.03333333333333333
14 0.34479166666666666 0.11342592592592593 0.0203125 0.03888888888888889
10 0.3971354166666667 0.9449074074074074 0.018229166666666668 0.03333333333333333
7 0.28229166666666666 0.6361111111111111 0.0203125 0.03611111111111111
16 0.653125 0.7078703703703704 0.020833333333333332 0.03611111111111111
18 0.6200520833333333 0.8361111111111111 0.0203125 0.03611111111111111
11 0.41041666666666665 0.35555555555555557 0.0203125 0.03888888888888889
13 0.5307291666666667 0.8384259259259259 0.019791666666666666 0.03611111111111111