0 0.07507621951219515 0.13188798554652212 0.023501016260162603 0.04290876242095754
2 0.9138084349593496 0.12567750677506775 0.025406504065040636 0.0508130081300813
3 0.0890497967479675 0.8703703703703702 0.02477134146341462 0.05194218608852747
4 0.4888846544715447 0.9703026196928635 0.030487804878048762 0.04403794037940374
5 0.8988821138211381 0.882791327913279 0.026041666666666668 0.04968383017163491
6 0.8286966463414633 0.40232610659439927 0.02159552845528457 0.041779584462511295
7 0.7877286585365854 0.16802168021680217 0.0222306910569106 0.03613369467028001
8 0.5387449186991871 0.5479900632339656 0.023501016260162662 0.041779584462511295
9 0.9020579268292683 0.6496160794941283 0.017149390243902354 0.03500451671183374
11 0.7677210365853658 0.5118563685636855 0.02286585365853663 0.041779584462511295
13 0.8112296747967479 0.5350045167118337 0.022230691056910484 0.04065040650406502
14 0.7022992886178863 0.37353206865401983 0.025406504065040636 0.04290876242095752
15 0.5520833333333334 0.3678861788617886 0.023501016260162544 0.04065040650406502
16 0.8957063008130082 0.5694444444444443 0.017149390243902475 0.037262872628726296
17 0.7794715447154471 0.5779132791327912 0.020960365853658538 0.03839205058717247
18 0.7502540650406504 0.3232836495031617 0.019690040650406478 0.03274616079494129
19 0.9065040650406504 0.464430894308943 0.018419715447154417 0.03500451671183369
20 0.7905868902439024 0.5462962962962962 0.02159552845528457 0.03839205058717257
21 0.7305640243902438 0.3910343270099368 0.0222306910569106 0.037262872628726296