0 0.07507621951219515 0.1330171635049684 0.023501016260162603 0.045167118337850046
1 0.48824949186991873 0.029697380307136416 0.033028455284552824 0.0485546522131888
2 0.9131732723577234 0.12511291779584463 0.025406504065040636 0.05194218608852755
3 0.09063770325203253 0.8669828364950315 0.025406504065040636 0.047425474254742576
4 0.4888846544715447 0.9731255645889793 0.033028455284552886 0.047425474254742576
5 0.8991996951219512 0.8850496838301716 0.025406504065040636 0.049683830171635024
6 0.147484756097561 0.6236449864498644 0.01969004065040651 0.03500451671183384
7 0.7864583333333334 0.16576332429990967 0.020960365853658538 0.038392050587172516
8 0.7766133130081301 0.855126467931346 0.017784552845528386 0.03500451671183384
9 0.9030106707317072 0.6507452574525745 0.017784552845528503 0.037262872628726296
10 0.6552972560975608 0.21883468834688347 0.022865853658536512 0.04065040650406507
11 0.7689913617886179 0.509598012646793 0.02032520325203251 0.03952122854561874
13 0.8118648373983739 0.5350045167118337 0.020960365853658538 0.04065040650406502
14 0.7022992886178863 0.37409665763324296 0.022865853658536512 0.03952122854561879
15 0.5501778455284553 0.3701445347786811 0.023501016260162544 0.04065040650406502
16 0.890625 0.6213866305329719 0.01587906504065041 0.03500451671183374
17 0.7794715447154471 0.5790424570912375 0.020960365853658538 0.03839205058717257
18 0.814405487804878 0.4345076784101174 0.0222306910569106 0.04065040650406502
19 0.9068216463414633 0.4672538392050587 0.017784552845528386 0.03387533875338752
20 0.7912220528455284 0.5457317073170731 0.019054878048780446 0.03952122854561874
21 0.7308816056910569 0.3904697380307136 0.024136178861788694 0.04065040650406502