0 0.08682672764227645 0.12116079494128276 0.03175813008130081 0.0485546522131888
1 0.4974593495934959 0.03026196928635954 0.029852642276422734 0.04290876242095754
2 0.9211128048780488 0.11664408310749776 0.02858231707317079 0.0508130081300813
3 0.09381351626016263 0.8539972899728997 0.026676829268292682 0.0508130081300813
4 0.4952362804878048 0.9590108401084009 0.0279471544715447 0.04855465221318864
5 0.9023755081300813 0.8771454381210478 0.025406504065040636 0.051942186088527575
6 0.09857723577235775 0.23520776874435412 0.017149390243902444 0.03500451671183379
7 0.5746316056910569 0.3853884372177055 0.024136178861788694 0.046296296296296294
8 0.6988058943089431 0.8280261969286359 0.026041666666666668 0.046296296296296294
9 0.4545858739837398 0.17197380307136406 0.0279471544715447 0.04403794037940377
10 0.7810594512195121 0.8884372177055104 0.024136178861788576 0.036133694670280124
11 0.4691946138211382 0.42660343270099366 0.025406504065040636 0.04516711833785002
12 0.3951981707317073 0.1776196928635953 0.027311991869918728 0.0440379403794038
13 0.2306910569105691 0.7032520325203251 0.020960365853658538 0.03839205058717257
14 0.24784044715447157 0.14939024390243902 0.024771341463414635 0.03952122854561879
15 0.49745934959349586 0.4537037037037036 0.023501016260162603 0.04516711833784997
16 0.12271341463414635 0.14656729900632343 0.02350101626016259 0.03387533875338754
17 0.8064659552845529 0.801490514905149 0.022865853658536512 0.03839205058717257
18 0.38948170731707316 0.4311201445347787 0.024771341463414663 0.04065040650406507
19 0.2983358739837398 0.14543812104787715 0.024136178861788635 0.04065040650406505
20 0.6714939024390244 0.25553297199638664 0.023501016260162544 0.041779584462511295
21 0.8458460365853658 0.5474254742547424 0.02159552845528457 0.042908762420957466