0 0.07779947916666667 0.13368055555555555 0.024088541666666668 0.052083333333333336
1 0.48828125 0.030671296296296297 0.0390625 0.04976851851851852
2 0.9127604166666666 0.12731481481481483 0.028645833333333332 0.05324074074074074
3 0.0908203125 0.8744212962962963 0.024088541666666668 0.05439814814814815
4 0.49005984042553197 0.9746527777777778 0.037411347517730495 0.04884259259259259
5 0.8981119791666666 0.8871527777777778 0.025390625 0.04976851851851852
6 0.8470052083333334 0.8084490740740741 0.01953125 0.03819444444444445
14 0.6380208333333334 0.1087962962962963 0.0234375 0.041666666666666664
17 0.5071614583333334 0.6817129629629629 0.0234375 0.04398148148148148
18 0.759765625 0.4832175925925926 0.022135416666666668 0.04282407407407408
20 0.7395833333333334 0.5127314814814815 0.0234375 0.03935185185185185
9 0.484375 0.7268518518518519 0.024739583333333332 0.041666666666666664
10 0.15201822916666666 0.6521990740740741 0.021484375 0.03819444444444445
12 0.31640625 0.7858796296296297 0.022135416666666668 0.04398148148148148