0 0.07942708333333333 0.13773148148148148 0.0234375 0.037037037037037035
1 0.4892578125 0.03009259259259259 0.025390625 0.05787037037037037
2 0.91015625 0.1267361111111111 0.022135416666666668 0.04513888888888889
3 0.091796875 0.8674768518518519 0.020833333333333332 0.04282407407407408
4 0.4899088541666667 0.9706018518518519 0.025390625 0.05694444444444444
5 0.8987630208333334 0.8807870370370371 0.024088541666666668 0.041666666666666664
15 0.7252604166666666 0.5590277777777778 0.01953125 0.037037037037037035
16 0.8121744791666666 0.5729166666666666 0.018880208333333332 0.037037037037037035
20 0.732421875 0.5081018518518519 0.01953125 0.032407407407407406
8 0.8916015625 0.5908564814814815 0.017578125 0.03125
12 0.8720703125 0.4068287037037037 0.016276041666666668 0.03356481481481482
13 0.6728515625 0.8842592592592593 0.018880208333333332 0.032407407407407406
17 0.904296875 0.2835648148148148 0.015625 0.034722222222222224
7 0.10384114583333333 0.49189814814814814 0.016276041666666668 0.032407407407407406
10 0.4658203125 0.4982638888888889 0.022786458333333332 0.03819444444444445
11 0.8997395833333334 0.20833333333333334 0.016927083333333332 0.03009259259259259
18 0.7102864583333334 0.8495370370370371 0.01953125 0.034722222222222224
6 0.732421875 0.7667824074074074 0.018229166666666668 0.03587962962962963
14 0.7434895833333334 0.14293981481481483 0.018229166666666668 0.03587962962962963