0 0.07864583333333333 0.13425925925925927 0.021875 0.04814814814814815
1 0.48854166666666665 0.028703703703703703 0.034375 0.05092592592592592
2 0.9111979166666667 0.12407407407407407 0.029166666666666667 0.05092592592592592
3 0.09244791666666667 0.8731481481481481 0.0234375 0.05462962962962963
5 0.8981770833333333 0.888425925925926 0.023958333333333335 0.05185185185185185
6 0.7197916666666667 0.25046296296296294 0.022916666666666665 0.040740740740740744
7 0.9041666666666667 0.5949074074074074 0.016666666666666666 0.03888888888888889
14 0.6380208333333334 0.1087962962962963 0.021875 0.03888888888888889
17 0.8322916666666667 0.18518518518518517 0.01875 0.041666666666666664
18 0.7591145833333334 0.48148148148148145 0.020833333333333332 0.041666666666666664
19 0.9046875 0.16296296296296298 0.013541666666666667 0.032407407407407406
20 0.7385416666666667 0.5115740740740741 0.022916666666666665 0.03888888888888889
9 0.3614583333333333 0.20416666666666666 0.021875 0.04537037037037037
10 0.1859375 0.5967592592592592 0.021354166666666667 0.040740740740740744
12 0.3171875 0.7833333333333333 0.021875 0.041666666666666664