0 0.07708333333333334 0.13148148148148148 0.026041666666666668 0.041666666666666664
1 0.48932291666666666 0.031018518518518518 0.034895833333333334 0.05277777777777778
2 0.9135416666666667 0.125 0.027083333333333334 0.04722222222222222
3 0.090625 0.8694444444444445 0.022916666666666665 0.05462962962962963
4 0.48828125 0.9726851851851852 0.034375 0.05277777777777778
5 0.8989583333333333 0.8861111111111111 0.027083333333333334 0.05185185185185185
6 0.7166666666666667 0.39675925925925926 0.020833333333333332 0.03981481481481482
7 0.7869791666666667 0.16574074074074074 0.019791666666666666 0.03611111111111111
8 0.5395833333333333 0.549074074074074 0.022916666666666665 0.044444444444444446
9 0.9018229166666667 0.649537037037037 0.016666666666666666 0.03518518518518519
10 0.65625 0.21944444444444444 0.022395833333333334 0.03981481481481482
11 0.42473958333333334 0.788425925925926 0.023958333333333335 0.03981481481481482
13 0.80703125 0.5287037037037037 0.0203125 0.037037037037037035
14 0.64765625 0.3458333333333333 0.023958333333333335 0.041666666666666664
15 0.55078125 0.37037037037037035 0.0234375 0.04259259259259259
16 0.89609375 0.5699074074074074 0.017708333333333333 0.03425925925925926
17 0.7794270833333333 0.5787037037037037 0.019791666666666666 0.03981481481481482
18 0.7520833333333333 0.3282407407407407 0.022395833333333334 0.03611111111111111
19 0.8 0.6162037037037037 0.0203125 0.03611111111111111
20 0.7919270833333333 0.5453703703703704 0.0203125 0.03611111111111111
21 0.7171875 0.2898148148148148 0.022395833333333334 0.03796296296296296