0 0.07768574297188759 0.13241856314145473 0.027610441767068276 0.0435073627844712
1 0.48901857429718876 0.03424810352521201 0.035768072289156606 0.05243195002231147
2 0.9132153614457831 0.12237840249888447 0.026982931726907584 0.04796965640339133
3 0.08992218875502012 0.8703703703703703 0.02698293172690763 0.04685408299866135
4 0.48995983935742976 0.9724453369031684 0.03263052208835339 0.04796965640339147
6 0.5150602409638554 0.43752788933511827 0.023845381526104367 0.040160642570281124
8 0.6584462851405622 0.5223114680946007 0.021962851405622413 0.04016064257028118
10 0.2546435742971888 0.2584783578759483 0.023845381526104395 0.03904506916555111
11 0.7651229919678715 0.5384872824631861 0.019452811244979884 0.03904506916555106
12 0.28601907630522094 0.8876617581436859 0.02133534136546184 0.039045069165551165
13 0.8259914658634538 0.30087014725568945 0.020707831325301147 0.03681392235609104
14 0.11502259036144584 0.6478134761267292 0.018197791164658635 0.032351628737170984
17 0.8197163654618473 0.7219991075412762 0.01819779116465862 0.03123605533244087
19 0.3826556224899599 0.9094154395359214 0.023845381526104426 0.037929495760821046
20 0.732492469879518 0.5111557340473003 0.020707831325301147 0.037929495760821046
21 0.7020582329317269 0.36557340473003125 0.02133534136546184 0.03904506916555106