0 0.07578125 0.13425925925925927 0.025 0.04259259259259259
1 0.48854166666666665 0.032407407407407406 0.03229166666666667 0.05
2 0.9127604166666666 0.12407407407407407 0.026041666666666668 0.04722222222222222
3 0.09010416666666667 0.8657407407407407 0.022916666666666665 0.05
4 0.48932291666666666 0.9689814814814814 0.03125 0.03981481481481482
5 0.8994791666666667 0.8856481481481482 0.027083333333333334 0.05092592592592592
6 0.8286458333333333 0.40185185185185185 0.0203125 0.03796296296296296
7 0.7869791666666667 0.16574074074074074 0.019791666666666666 0.03611111111111111
8 0.51875 0.3125 0.022916666666666665 0.04259259259259259
9 0.9020833333333333 0.649537037037037 0.0171875 0.03518518518518519
10 0.6557291666666667 0.21666666666666667 0.022395833333333334 0.03796296296296296
11 0.76875 0.5101851851851852 0.019791666666666666 0.040740740740740744
13 0.8114583333333333 0.5333333333333333 0.021354166666666667 0.037037037037037035
14 0.7020833333333333 0.3763888888888889 0.020833333333333332 0.03981481481481482
15 0.5502604166666667 0.37037037037037035 0.0234375 0.040740740740740744
16 0.8958333333333334 0.5689814814814815 0.018229166666666668 0.03611111111111111
17 0.7796875 0.5768518518518518 0.0203125 0.03611111111111111
18 0.7518229166666667 0.3277777777777778 0.021354166666666667 0.037037037037037035
19 0.9067708333333333 0.4638888888888889 0.017708333333333333 0.03148148148148148
20 0.7919270833333333 0.5439814814814815 0.0203125 0.03611111111111111
21 0.7291666666666666 0.3902777777777778 0.022395833333333334 0.03796296296296296