0 0.07779947916666667 0.13425925925925927 0.021484375 0.04861111111111111
1 0.4876302083333333 0.02662037037037037 0.037760416666666664 0.05092592592592592
2 0.9104817708333334 0.12384259259259259 0.024088541666666668 0.05324074074074074
4 0.48915936229674795 0.9769675925925926 0.03821455792682927 0.04421296296296296
5 0.8981119791666666 0.8848379629629629 0.026692708333333332 0.052083333333333336
6 0.5934244791666666 0.5532407407407407 0.025390625 0.04398148148148148
7 0.904296875 0.5949074074074074 0.018229166666666668 0.037037037037037035
14 0.6373697916666666 0.1087962962962963 0.0234375 0.041666666666666664
17 0.83203125 0.18460648148148148 0.01953125 0.04050925925925926
18 0.759765625 0.4837962962962963 0.020833333333333332 0.041666666666666664
19 0.8987630208333334 0.3431712962962963 0.016276041666666668 0.03819444444444445
20 0.7392578125 0.5121527777777778 0.021484375 0.03819444444444445
9 0.591796875 0.90625 0.020833333333333332 0.037037037037037035
10 0.185546875 0.5954861111111112 0.01953125 0.04050925925925926
13 0.791015625 0.28877314814814814 0.020833333333333332 0.03819444444444445