0 0.07737198795180728 0.13241856314145475 0.02698293172690763 0.04573850959393125
1 0.48682228915662656 0.03313253012048198 0.03263052208835339 0.04796965640339134
2 0.9110190763052208 0.12572512271307457 0.028865461847389657 0.05243195002231147
3 0.09180471887550205 0.8737170905845605 0.0294929718875502 0.053547523427041534
4 0.48901857429718876 0.969098616688978 0.03451305220883535 0.05243195002231152
5 0.8987826305220883 0.8798527443105756 0.025727911646586322 0.050200803212851496
6 0.7475527108433735 0.2980812137438643 0.020707831325301147 0.0379294957608211
7 0.7437876506024097 0.4470102632753235 0.020707831325301265 0.03681392235609104
8 0.6452685742971888 0.5624721106648818 0.023217871485943793 0.04016064257028107
9 0.6135793172690763 0.6918786256135655 0.0225903614457831 0.040160642570280965
10 0.7252761044176705 0.20548862115127178 0.02133534136546184 0.03792949576082107
11 0.7648092369477911 0.537929495760821 0.02133534136546184 0.037929495760821046
12 0.28633283132530124 0.887661758143686 0.020707831325301206 0.03681392235609104
13 0.8272464859437751 0.30087014725568945 0.019452811244979884 0.03681392235609104
14 0.1134538152610442 0.6500446229361893 0.01757028112449799 0.03235162873717088
15 0.857366967871486 0.8475011155734048 0.016942771084337355 0.03235162873717088
16 0.8611320281124498 0.7599286033020972 0.01819779116465862 0.03569834895136102
17 0.8168925702811245 0.7247880410531014 0.01882530120481931 0.03235162873717088
18 0.9012926706827309 0.2908299866131192 0.01819779116465862 0.03458277554663096
19 0.3835968875502008 0.9082998661311914 0.020707831325301206 0.037929495760821046
20 0.7328062248995983 0.5111557340473003 0.02133534136546184 0.037929495760821046
21 0.7020582329317269 0.36445783132530113 0.0225903614457831 0.03904506916555111