0 0.07475863821138212 0.13527551942186092 0.024136178861788617 0.04742547425474255
1 0.48951981707317066 0.03252032520325204 0.03429878048780489 0.05194218608852755
2 0.9144435975609755 0.12398373983739841 0.02794715447154476 0.049683830171635045
3 0.08714430894308946 0.8681120144534779 0.02604166666666665 0.04516711833785012
4 0.4901549796747967 0.9714317976513097 0.03429878048780489 0.046296296296296294
5 0.8985645325203251 0.8856142728093945 0.026676829268292696 0.05307136404697385
6 0.34184451219512196 0.4028906955736224 0.024771341463414604 0.04065040650406502
7 0.7870934959349593 0.16689250225835592 0.020960365853658538 0.03613369467028001
8 0.5908282520325204 0.2352077687443541 0.024771341463414722 0.041779584462511295
9 0.9017403455284553 0.6496160794941283 0.019054878048780446 0.03500451671183374
10 0.6572027439024389 0.21883468834688347 0.024136178861788694 0.04290876242095752
11 0.224974593495935 0.24480578139114723 0.02223069105691057 0.04290876242095752
13 0.8086890243902438 0.5282294489611562 0.019690040650406478 0.03839205058717257
14 0.6359247967479675 0.3390921409214092 0.027311991869918728 0.0440379403794038
15 0.5508130081300813 0.3701445347786811 0.024771341463414604 0.04516711833785002
16 0.895388719512195 0.5683152664859982 0.017784552845528503 0.03274616079494129
17 0.7870934959349593 0.5914634146341463 0.020960365853658538 0.03839205058717247
18 0.7515243902439025 0.328929539295393 0.020960365853658538 0.037262872628726296
19 0.848704268292683 0.8398825654923215 0.018419715447154417 0.031616982836495014
20 0.7918572154471544 0.5434733514001806 0.02286585365853663 0.037262872628726296
21 0.7140497967479675 0.27529358626919603 0.020960365853658538 0.03613369467028001