0 0.07634654471544718 0.13471093044263777 0.027311991869918697 0.041779584462511295
1 0.48824949186991873 0.03252032520325204 0.033028455284552824 0.049683830171635045
2 0.9109502032520325 0.12116079494128276 0.026041666666666668 0.041779584462511295
3 0.0887322154471545 0.8675474254742546 0.025406504065040636 0.04855465221318874
4 0.4892022357723577 0.9719963866305328 0.03239329268292686 0.04516711833785002
5 0.8982469512195121 0.8844850948509483 0.026041666666666668 0.04629629629629619
6 0.4590320121951219 0.10083559168925023 0.02286585365853657 0.03952122854561879
7 0.7035696138211381 0.11269196025293587 0.02286585365853663 0.04065040650406502
8 0.10746951219512196 0.5208897922312556 0.02223069105691057 0.03500451671183374
9 0.9026930894308942 0.6490514905149051 0.018419715447154417 0.04065040650406512
10 0.5787601626016259 0.17649051490514905 0.023501016260162662 0.041779584462511295
11 0.22624491869918698 0.24311201445347788 0.02096036585365851 0.03952122854561874
13 0.8080538617886179 0.5271002710027101 0.020960365853658538 0.033875338753387566
14 0.5822535569105691 0.6738934056007226 0.024136178861788576 0.04290876242095757
16 0.8947535569105691 0.5700090334236675 0.017784552845528503 0.03613369467028001
17 0.7877286585365854 0.5914634146341463 0.0222306910569106 0.04065040650406502
18 0.7515243902439025 0.33965672990063234 0.0222306910569106 0.03839205058717257
20 0.7918572154471544 0.5446025293586267 0.02032520325203251 0.03952122854561874
21 0.5924161585365854 0.43112014453477865 0.024136178861788576 0.04516711833785002