1 0.7638020833333333 0.4787037037037037 0.03125 0.05740740740740741
4 0.23802083333333332 0.4810185185185185 0.0296875 0.062037037037037036
7 0.45026041666666666 0.8060185185185185 0.026041666666666668 0.03981481481481482
9 0.43333333333333335 0.44305555555555554 0.022916666666666665 0.04722222222222222
11 0.33098958333333334 0.350462962962963 0.021354166666666667 0.04259259259259259
12 0.2859375 0.6217592592592592 0.022916666666666665 0.044444444444444446
14 0.52578125 0.8703703703703703 0.020833333333333332 0.041666666666666664
17 0.4953125 0.9393518518518519 0.022395833333333334 0.041666666666666664
18 0.5364583333333334 0.9898148148148148 0.025 0.020370370370370372
20 0.49375 0.8861111111111111 0.021354166666666667 0.041666666666666664
21 0.6111979166666667 0.3560185185185185 0.025520833333333333 0.04722222222222222