0 0.07862700803212856 0.13520749665327983 0.02698293172690763 0.04908522980812137
1 0.4887048192771084 0.033690316822847 0.037650602409638564 0.04685408299866132
2 0.9129016064257027 0.12572512271307457 0.02886546184738954 0.047969656403391354
3 0.09023594377510043 0.8686970102632753 0.027610441767068263 0.047969656403391264
4 0.4899598393574297 0.969098616688978 0.03388554216867471 0.045738509593931234
5 0.899410140562249 0.8804105310129405 0.02823795180722897 0.053547523427041534
6 0.7848895582329317 0.5998438197233378 0.020080321285140576 0.03458277554663101
8 0.544866967871486 0.4843819723337796 0.024472891566265056 0.044622936189201226
10 0.8815261044176707 0.24732262382864798 0.01882530120481931 0.03458277554663096
11 0.7776731927710844 0.5055778670236502 0.020707831325301265 0.0423917893797411
12 0.2857053212851406 0.8882195448460509 0.020707831325301206 0.03569834895136102
13 0.8275602409638554 0.30254350736278446 0.022590361445783223 0.040160642570281124
14 0.13165160642570284 0.6634315037929496 0.016315261044176726 0.0345827755466309
17 0.8175200803212851 0.7259036144578314 0.021335341365461957 0.039045069165551165
19 0.3839106425702811 0.9071842927264614 0.02510040160642569 0.037929495760821046
20 0.7328062248995983 0.5089245872378403 0.020080321285140576 0.04016064257028118
21 0.7020582329317269 0.36445783132530124 0.022590361445783223 0.03904506916555111