0 0.07877604166666667 0.13599537037037038 0.022135416666666668 0.04976851851851852
1 0.4879557291666667 0.02488425925925926 0.037109375 0.04976851851851852
2 0.9117838541666666 0.125 0.021484375 0.05555555555555555
3 0.09016927083333333 0.8703703703703703 0.020182291666666668 0.05092592592592592
4 0.49026465600775193 0.9767361111111111 0.0365188953488372 0.04652777777777778
5 0.8981119791666666 0.8859953703703703 0.030598958333333332 0.05439814814814815
6 0.8069661458333334 0.41203703703703703 0.018880208333333332 0.03935185185185185
7 0.9039713541666666 0.5972222222222222 0.017578125 0.034722222222222224
14 0.7942708333333334 0.2789351851851852 0.022135416666666668 0.03935185185185185
17 0.83203125 0.18460648148148148 0.01953125 0.04050925925925926
18 0.7594401041666666 0.48148148148148145 0.021484375 0.04398148148148148
19 0.9000651041666666 0.3431712962962963 0.017578125 0.03819444444444445
20 0.7392578125 0.5109953703703703 0.020182291666666668 0.04050925925925926
21 0.8916015625 0.8778935185185185 0.014973958333333334 0.03125
8 0.7747395833333334 0.5439814814814815 0.022135416666666668 0.041666666666666664
9 0.5904947916666666 0.9074074074074074 0.0234375 0.037037037037037035
10 0.18489583333333334 0.5943287037037037 0.020833333333333332 0.03819444444444445
12 0.3170572916666667 0.7858796296296297 0.022135416666666668 0.03935185185185185
13 0.8567708333333334 0.4652777777777778 0.01953125 0.03935185185185185