0 0.0765625 0.13425925925925927 0.021354166666666667 0.046296296296296294
1 0.4890625 0.026851851851851852 0.0375 0.053703703703703705
2 0.91171875 0.12222222222222222 0.023958333333333335 0.05462962962962963
4 0.48776041666666664 0.975 0.03697916666666667 0.04814814814814815
5 0.8981770833333333 0.8837962962962963 0.022916666666666665 0.05185185185185185
6 0.8635416666666667 0.31527777777777777 0.01875 0.040740740740740744
7 0.90390625 0.5972222222222222 0.017708333333333333 0.03888888888888889
14 0.7947916666666667 0.28055555555555556 0.0234375 0.03611111111111111
17 0.8606770833333334 0.14629629629629629 0.019791666666666666 0.03333333333333333
18 0.7591145833333334 0.48194444444444445 0.020833333333333332 0.040740740740740744
19 0.9 0.3449074074074074 0.01875 0.03518518518518519
20 0.7393229166666667 0.5115740740740741 0.0203125 0.037037037037037035
21 0.8145833333333333 0.5453703703703704 0.019791666666666666 0.03888888888888889
8 0.775 0.5439814814814815 0.021354166666666667 0.03888888888888889
9 0.590625 0.9074074074074074 0.021875 0.03518518518518519
11 0.846875 0.24351851851851852 0.019791666666666666 0.03796296296296296
12 0.31796875 0.7842592592592592 0.0203125 0.04259259259259259
13 0.79375 0.48518518518518516 0.019791666666666666 0.037037037037037035