0 0.078125 0.13148148148148148 0.025 0.06018518518518518
1 0.48880208333333336 0.03287037037037037 0.0328125 0.04814814814814815
2 0.9135416666666667 0.125 0.028645833333333332 0.04537037037037037
3 0.09166666666666666 0.8685185185185185 0.0296875 0.046296296296296294
4 0.4901041666666667 0.9685185185185186 0.029166666666666667 0.05185185185185185
5 0.89765625 0.8824074074074074 0.0234375 0.05555555555555555
6 0.8307291666666666 0.14212962962962963 0.017708333333333333 0.03796296296296296
7 0.6427083333333333 0.8481481481481481 0.021354166666666667 0.03981481481481482
8 0.9018229166666667 0.1763888888888889 0.0203125 0.041666666666666664
11 0.4015625 0.787962962962963 0.0234375 0.040740740740740744
13 0.8807291666666667 0.5898148148148148 0.019270833333333334 0.03981481481481482
14 0.859375 0.27870370370370373 0.018229166666666668 0.03611111111111111
15 0.8395833333333333 0.538425925925926 0.019270833333333334 0.040740740740740744
16 0.7994791666666666 0.6828703703703703 0.0203125 0.04259259259259259
17 0.42734375 0.8310185185185185 0.022916666666666665 0.040740740740740744
18 0.8908854166666667 0.513425925925926 0.0203125 0.040740740740740744
19 0.80078125 0.5842592592592593 0.021354166666666667 0.03981481481481482
20 0.6705729166666666 0.562037037037037 0.021354166666666667 0.04537037037037037