1 0.7638020833333333 0.48055555555555557 0.034895833333333334 0.06851851851851852
4 0.23802083333333332 0.4824074074074074 0.0375 0.06481481481481481
6 0.6484375 0.21898148148148147 0.024479166666666666 0.04259259259259259
8 0.6231770833333333 0.5976851851851852 0.027083333333333334 0.04537037037037037
11 0.6817708333333333 0.9717592592592592 0.025520833333333333 0.04259259259259259
15 0.415625 0.5458333333333333 0.0234375 0.044444444444444446
17 0.38255208333333335 0.6055555555555555 0.021354166666666667 0.04351851851851852
19 0.4044270833333333 0.29768518518518516 0.024479166666666666 0.04537037037037037
7 0.5098958333333333 0.8328703703703704 0.0234375 0.04537037037037037
13 0.51796875 0.9495370370370371 0.020833333333333332 0.037037037037037035
21 0.44921875 0.9013888888888889 0.021354166666666667 0.04259259259259259
10 0.47760416666666666 0.8217592592592593 0.027083333333333334 0.04537037037037037
20 0.49192708333333335 0.875 0.023958333333333335 0.03981481481481482
14 0.48359375 0.9120370370370371 0.025 0.04537037037037037
9 0.509375 0.9050925925925926 0.023958333333333335 0.04259259259259259