0 0.07760416666666667 0.13287037037037036 0.027604166666666666 0.044444444444444446
1 0.4890625 0.0375 0.03802083333333333 0.04814814814814815
2 0.9135416666666667 0.12361111111111112 0.028645833333333332 0.04814814814814815
3 0.09088541666666666 0.8722222222222222 0.028645833333333332 0.05277777777777778
4 0.4890625 0.9708333333333333 0.03697916666666667 0.049074074074074076
5 0.8984375 0.8814814814814815 0.027604166666666666 0.053703703703703705
6 0.5403645833333334 0.4212962962962963 0.0234375 0.041666666666666664
8 0.6583333333333333 0.5236111111111111 0.021875 0.03981481481481482
10 0.8328125 0.23564814814814813 0.020833333333333332 0.03796296296296296
11 0.7651041666666667 0.5388888888888889 0.020833333333333332 0.03796296296296296
12 0.28567708333333336 0.8861111111111111 0.0234375 0.03611111111111111
13 0.8268229166666666 0.3013888888888889 0.021354166666666667 0.03796296296296296
14 0.11354166666666667 0.6476851851851851 0.017708333333333333 0.03425925925925926
15 0.8401041666666667 0.8481481481481481 0.01875 0.03148148148148148
17 0.8169270833333333 0.725462962962963 0.01875 0.03611111111111111
19 0.38385416666666666 0.9064814814814814 0.023958333333333335 0.03888888888888889
20 0.7328125 0.5101851851851852 0.021354166666666667 0.03796296296296296
21 0.7020833333333333 0.36435185185185187 0.022395833333333334 0.03888888888888889