0 0.07838541666666667 0.13425925925925927 0.023958333333333335 0.044444444444444446
1 0.48802083333333335 0.025925925925925925 0.03697916666666667 0.05
2 0.9114583333333334 0.12685185185185185 0.027083333333333334 0.04537037037037037
3 0.09114583333333333 0.8703703703703703 0.0234375 0.053703703703703705
5 0.8994791666666667 0.8824074074074074 0.0265625 0.05462962962962963
6 0.8072916666666666 0.3074074074074074 0.020833333333333332 0.040740740740740744
7 0.9041666666666667 0.5962962962962963 0.016666666666666666 0.03888888888888889
14 0.6380208333333334 0.10925925925925926 0.025 0.04537037037037037
17 0.83203125 0.18472222222222223 0.021875 0.03796296296296296
18 0.76015625 0.48333333333333334 0.021354166666666667 0.04259259259259259
19 0.89375 0.16435185185185186 0.018229166666666668 0.03888888888888889
20 0.7393229166666667 0.5111111111111111 0.022916666666666665 0.03796296296296296
9 0.3619791666666667 0.20416666666666666 0.025 0.04259259259259259
10 0.18515625 0.5949074074074074 0.0203125 0.041666666666666664
12 0.3182291666666667 0.7851851851851852 0.0234375 0.03796296296296296