0 0.07552083333333333 0.13287037037037036 0.025520833333333333 0.04259259259259259
1 0.4895833333333333 0.03148148148148148 0.034375 0.04537037037037037
2 0.91484375 0.12407407407407407 0.027083333333333334 0.04537037037037037
3 0.09036458333333333 0.8703703703703703 0.025 0.05462962962962963
4 0.48932291666666666 0.9722222222222222 0.033854166666666664 0.05185185185185185
5 0.8984375 0.8851851851851852 0.0265625 0.05
6 0.26796875 0.2796296296296296 0.022916666666666665 0.03796296296296296
7 0.78671875 0.16574074074074074 0.021354166666666667 0.040740740740740744
8 0.77578125 0.8550925925925926 0.019791666666666666 0.03981481481481482
9 0.9026041666666667 0.649074074074074 0.0171875 0.03796296296296296
10 0.6559895833333333 0.2175925925925926 0.021354166666666667 0.04259259259259259
11 0.76796875 0.5092592592592593 0.020833333333333332 0.04537037037037037
12 0.09244791666666667 0.15324074074074073 0.016666666666666666 0.02962962962962963
13 0.8114583333333333 0.5342592592592592 0.021354166666666667 0.037037037037037035
14 0.7020833333333333 0.37407407407407406 0.022395833333333334 0.03981481481481482
15 0.5502604166666667 0.36944444444444446 0.025 0.044444444444444446
16 0.890625 0.6212962962962963 0.015625 0.03518518518518519
17 0.7794270833333333 0.5768518518518518 0.020833333333333332 0.03796296296296296
18 0.8125 0.43472222222222223 0.022395833333333334 0.03611111111111111
19 0.9065104166666667 0.46620370370370373 0.015625 0.03425925925925926
20 0.7916666666666666 0.5439814814814815 0.018229166666666668 0.03611111111111111
21 0.7296875 0.3902777777777778 0.022916666666666665 0.03796296296296296