1 0.76328125 0.4810185185185185 0.028645833333333332 0.062037037037037036
4 0.234375 0.4787037037037037 0.025520833333333333 0.05277777777777778
6 0.6247395833333333 0.08611111111111111 0.022395833333333334 0.040740740740740744
7 0.6877604166666667 0.9967592592592592 0.021354166666666667 0.006481481481481481
8 0.3 0.987037037037037 0.020833333333333332 0.025925925925925925
10 0.6588541666666666 0.7773148148148148 0.023958333333333335 0.040740740740740744
11 0.4940104166666667 0.9763888888888889 0.022395833333333334 0.03518518518518519
14 0.5697916666666667 0.8597222222222223 0.022916666666666665 0.03796296296296296
15 0.5729166666666666 0.5902777777777778 0.022916666666666665 0.03981481481481482
17 0.45546875 0.9884259259259259 0.022395833333333334 0.023148148148148147
21 0.5609375 0.9106481481481481 0.022916666666666665 0.03611111111111111