0 0.0766469077529631 0.12869091542321048 0.033062891811147 0.06059468225204337
1 0.4896450060218702 0.032068654019873535 0.038360133994959966 0.06413730803974707
2 0.9119029471544715 0.12285456187895212 0.030487804878048762 0.06323396567299006
3 0.08809705284552848 0.8743224932249322 0.03175813008130082 0.05758807588075886
4 0.48899752975315897 0.9666974129580652 0.037065181457537476 0.0639277979125173
5 0.8976117886178863 0.8839205058717253 0.029852642276422734 0.05871725383920513
6 0.34029869477911645 0.2406291834002678 0.026982931726907643 0.04573850959393129
7 0.686315000857087 0.4830147146852994 0.022655408218238787 0.040555174628051534
8 0.5545933734939759 0.27911646586345384 0.027610441767068276 0.04685408299866135
9 0.728413654618474 0.4832663989290495 0.025100401606425748 0.044622936189201226
11 0.7666554174013125 0.17803463175194004 0.022456441620139125 0.04320806260271436
10 0.6811074327799 0.5388682099672403 0.020788183220687748 0.039698087743929654
13 0.7537149359633656 0.46674366844070053 0.022930900430992315 0.03737170905845604
14 0.7306577682681947 0.530997975642407 0.020772878097756832 0.039630064975348434
15 0.7648092369477911 0.12405176260597951 0.025100401606425748 0.04239178937974119
16 0.8498368473895581 0.8631191432396251 0.020707831325301265 0.04127621597501119
17 0.5592748279704182 0.7088979223125563 0.024361929425017217 0.04516711833785002
18 0.79304718875502 0.751561802766622 0.023845381526104485 0.04127621597501119
19 0.38124181175923205 0.5921640491505316 0.02473690493682046 0.04150749338818684
20 0.7111571285140562 0.5150602409638554 0.023217871485943675 0.04127621597501119
21 0.7265559953227545 0.5893615110849904 0.021354472769125245 0.04259585768548433