0 0.078125 0.13472222222222222 0.0234375 0.05185185185185185
1 0.48932291666666666 0.026851851851851852 0.03854166666666667 0.05092592592592592
2 0.9125 0.1259259259259259 0.025520833333333333 0.05555555555555555
3 0.09114583333333333 0.875462962962963 0.025 0.05185185185185185
4 0.49166666666666664 0.9745370370370371 0.0390625 0.04814814814814815
5 0.8984375 0.8865740740740741 0.025 0.053703703703703705
6 0.4354166666666667 0.5842592592592593 0.025 0.044444444444444446
14 0.6375 0.1087962962962963 0.0234375 0.041666666666666664
17 0.50234375 0.6847222222222222 0.025520833333333333 0.04259259259259259
18 0.7598958333333333 0.48055555555555557 0.021875 0.044444444444444446
20 0.7390625 0.5111111111111111 0.025 0.040740740740740744
9 0.165625 0.34675925925925927 0.0203125 0.03611111111111111
10 0.15234375 0.6518518518518519 0.018229166666666668 0.037037037037037035
12 0.3171875 0.7842592592592592 0.021875 0.040740740740740744