0 0.07602896341463415 0.13527551942186092 0.02540650406504065 0.04290876242095754
1 0.4892022357723577 0.03308491418247517 0.036204268292682924 0.0508130081300813
2 0.9131732723577234 0.12511291779584463 0.02794715447154476 0.049683830171635045
3 0.0890497967479675 0.8686766034327008 0.02350101626016259 0.0508130081300813
4 0.48951981707317066 0.9703026196928635 0.03429878048780489 0.04177958446251119
5 0.8988821138211381 0.8850496838301716 0.026041666666666668 0.049683830171635024
6 0.9014227642276421 0.666553748870822 0.018419715447154417 0.030487804878048738
8 0.10842225609756098 0.5203252032520325 0.01905487804878049 0.03387533875338746
9 0.9103150406504065 0.5400858175248419 0.017149390243902475 0.03274616079494129
10 0.578760162601626 0.1770551038843722 0.024771341463414604 0.04065040650406505
11 0.22529217479674796 0.243676603432701 0.02286585365853657 0.04065040650406502
13 0.8083714430894309 0.527664859981933 0.019054878048780446 0.03500451671183384
14 0.580983231707317 0.6738934056007226 0.026676829268292696 0.04065040650406502
16 0.8963414634146342 0.5700090334236675 0.018419715447154417 0.03613369467028001
17 0.7864583333333334 0.590898825654923 0.020960365853658538 0.03952122854561874
18 0.16876270325203255 0.2594850948509485 0.02159552845528457 0.03613369467028001
20 0.7912220528455284 0.54516711833785 0.02032520325203251 0.03839205058717247
21 0.5920985772357723 0.432813911472448 0.024771341463414604 0.0440379403794038