1 0.2359375 0.5199074074074074 0.025 0.05925925925925926
4 0.7635416666666667 0.5203703703703704 0.028125 0.05092592592592592
6 0.5403645833333334 0.022685185185185187 0.0234375 0.03796296296296296
14 0.34713541666666664 0.4388888888888889 0.023958333333333335 0.03888888888888889
15 0.7145833333333333 0.362962962962963 0.0203125 0.03888888888888889
16 0.37265625 0.19212962962962962 0.0234375 0.03981481481481482
17 0.5651041666666666 0.13472222222222222 0.027604166666666666 0.04537037037037037
18 0.6544270833333333 0.5990740740740741 0.023958333333333335 0.04351851851851852
19 0.6419270833333334 0.013425925925925926 0.022395833333333334 0.026851851851851852
20 0.3484375 0.09583333333333334 0.022395833333333334 0.03796296296296296
8 0.321875 0.6069444444444444 0.024479166666666666 0.03888888888888889
9 0.6979166666666666 0.09166666666666666 0.022395833333333334 0.03888888888888889
10 0.59140625 0.4305555555555556 0.025520833333333333 0.04259259259259259
11 0.5526041666666667 0.7208333333333333 0.024479166666666666 0.04537037037037037
12 0.48489583333333336 0.4773148148148148 0.0234375 0.04351851851851852
13 0.6953125 0.3888888888888889 0.025 0.03611111111111111