0 0.07571138211382115 0.13640469738030714 0.024771341463414635 0.049683830171635045
1 0.4888846544715447 0.03252032520325204 0.03556910569105689 0.049683830171635045
2 0.9138084349593496 0.12341915085817526 0.026676829268292696 0.046296296296296294
3 0.0893673780487805 0.8686766034327008 0.025406504065040636 0.04855465221318874
4 0.4888846544715447 0.972560975609756 0.033028455284552886 0.046296296296296294
5 0.8995172764227642 0.8856142728093945 0.024771341463414604 0.04629629629629619
6 0.8290142276422763 0.4028906955736224 0.019690040650406478 0.03613369467028001
7 0.7877286585365854 0.1663279132791328 0.020960365853658538 0.035004516711833765
8 0.5250889227642276 0.41192411924119243 0.024136178861788576 0.04065040650406502
9 0.9017403455284553 0.6518744354110207 0.019054878048780446 0.03500451671183384
10 0.6568851626016259 0.21827009936766034 0.023501016260162662 0.03952122854561879
11 0.7677210365853658 0.5107271906052393 0.02159552845528457 0.03952122854561885
13 0.8118648373983739 0.5344399277326106 0.019690040650406478 0.037262872628726296
14 0.7029344512195121 0.37353206865401983 0.022865853658536512 0.038392050587172516
15 0.5498602642276421 0.36957994579945797 0.024136178861788576 0.03952122854561879
16 0.8963414634146342 0.567750677506775 0.01587906504065041 0.03613369467028001
17 0.7791539634146342 0.5773486901535682 0.02159552845528457 0.037262872628726296
18 0.7508892276422763 0.32723577235772355 0.020960365853658538 0.038392050587172516
19 0.9061864837398373 0.46499548328816614 0.017784552845528386 0.033875338753387406
20 0.7918572154471544 0.5440379403794038 0.019054878048780446 0.03613369467028001
21 0.7292936991869917 0.3910343270099368 0.0222306910569106 0.041779584462511295