0 0.07604166666666666 0.13148148148148148 0.023958333333333335 0.05092592592592592
1 0.48828125 0.02962962962962963 0.034375 0.05092592592592592
2 0.9127604166666666 0.12268518518518519 0.027083333333333334 0.05185185185185185
3 0.09010416666666667 0.8685185185185185 0.025520833333333333 0.05092592592592592
4 0.48984375 0.9712962962962963 0.03125 0.03981481481481482
5 0.8994791666666667 0.8833333333333333 0.0296875 0.044444444444444446
21 0.34401041666666665 0.9092592592592592 0.021354166666666667 0.03518518518518519
20 0.77734375 0.5125 0.0203125 0.03611111111111111
19 0.89921875 0.4949074074074074 0.017708333333333333 0.03518518518518519
18 0.7703125 0.4597222222222222 0.021354166666666667 0.03518518518518519
17 0.7776041666666667 0.5560185185185185 0.020833333333333332 0.03981481481481482
16 0.7942708333333334 0.47175925925925927 0.0203125 0.03796296296296296
15 0.5921875 0.36666666666666664 0.0234375 0.04259259259259259
14 0.6510416666666666 0.3282407407407407 0.0234375 0.040740740740740744
13 0.8091145833333333 0.5356481481481481 0.019270833333333334 0.037037037037037035
12 0.20651041666666667 0.6097222222222223 0.019791666666666666 0.03796296296296296
11 0.7229166666666667 0.5388888888888889 0.022395833333333334 0.03981481481481482
10 0.65625 0.21805555555555556 0.0234375 0.041666666666666664
9 0.9033854166666667 0.6509259259259259 0.0171875 0.03518518518518519
8 0.7752604166666667 0.8569444444444444 0.021354166666666667 0.03611111111111111
7 0.78671875 0.16342592592592592 0.0203125 0.03611111111111111
6 0.40989583333333335 0.24305555555555555 0.022395833333333334 0.037037037037037035