0 0.07994791666666666 0.13518518518518519 0.028125 0.05555555555555555
1 0.4895833333333333 0.03518518518518519 0.034375 0.041666666666666664
2 0.9138020833333333 0.1259259259259259 0.028125 0.04351851851851852
3 0.08958333333333333 0.8712962962962963 0.027604166666666666 0.049074074074074076
4 0.4895833333333333 0.9685185185185186 0.0359375 0.04722222222222222
5 0.9010416666666666 0.8805555555555555 0.0265625 0.05092592592592592
6 0.7317708333333334 0.2810185185185185 0.020833333333333332 0.03888888888888889
8 0.6458333333333334 0.5615740740740741 0.0234375 0.03981481481481482
9 0.61328125 0.6944444444444444 0.0234375 0.04351851851851852
10 0.4734375 0.43425925925925923 0.0234375 0.04259259259259259
11 0.7651041666666667 0.5375 0.020833333333333332 0.04351851851851852
12 0.28567708333333336 0.8861111111111111 0.021875 0.03796296296296296
13 0.8268229166666666 0.3013888888888889 0.0203125 0.03796296296296296
14 0.1140625 0.6476851851851851 0.01875 0.032407407407407406
15 0.840625 0.8481481481481481 0.01875 0.03148148148148148
17 0.8171875 0.7236111111111111 0.020833333333333332 0.03888888888888889
19 0.38255208333333335 0.9064814814814814 0.022395833333333334 0.037037037037037035
20 0.7328125 0.5101851851851852 0.01875 0.03981481481481482
21 0.70234375 0.36435185185185187 0.021875 0.03888888888888889