0 0.07747395833333333 0.13425925925925927 0.022135416666666668 0.05092592592592592
1 0.4895833333333333 0.027199074074074073 0.037760416666666664 0.04513888888888889
2 0.9143880208333334 0.1255787037037037 0.024088541666666668 0.047453703703703706
4 0.48879947916666666 0.9723379629629629 0.034890625 0.05347222222222222
5 0.8981119791666666 0.8836805555555556 0.022786458333333332 0.059027777777777776
6 0.59375 0.5526620370370371 0.026041666666666668 0.04282407407407408
7 0.9039713541666666 0.5954861111111112 0.017578125 0.03819444444444445
14 0.6373697916666666 0.10821759259259259 0.020833333333333332 0.04282407407407408
17 0.83203125 0.1857638888888889 0.01953125 0.04050925925925926
18 0.7591145833333334 0.4826388888888889 0.022135416666666668 0.041666666666666664
19 0.9000651041666666 0.3431712962962963 0.017578125 0.03819444444444445
20 0.7392578125 0.5098379629629629 0.024088541666666668 0.04050925925925926
9 0.5904947916666666 0.9068287037037037 0.022135416666666668 0.03819444444444445
10 0.185546875 0.5949074074074074 0.022135416666666668 0.037037037037037035
13 0.7916666666666666 0.2881944444444444 0.020833333333333332 0.03935185185185185