0 0.0771484375 0.13368055555555555 0.022786458333333332 0.052083333333333336
1 0.4892578125 0.023726851851851853 0.037109375 0.047453703703703706
2 0.9130859375 0.1267361111111111 0.025390625 0.052083333333333336
4 0.48869307170542636 0.9792824074074075 0.037281976744186034 0.03958333333333333
5 0.8987630208333334 0.8859953703703703 0.027994791666666668 0.047453703703703706
6 0.6559244791666666 0.4236111111111111 0.024088541666666668 0.04398148148148148
7 0.9049479166666666 0.5954861111111112 0.016927083333333332 0.03587962962962963
14 0.7945963541666666 0.2806712962962963 0.021484375 0.04050925925925926
17 0.9059244791666666 0.23032407407407407 0.017578125 0.037037037037037035
18 0.7591145833333334 0.4820601851851852 0.022135416666666668 0.04050925925925926
19 0.8981119791666666 0.34375 0.020182291666666668 0.034722222222222224
20 0.7392578125 0.5098379629629629 0.020182291666666668 0.04050925925925926
21 0.8138020833333334 0.5451388888888888 0.01953125 0.03935185185185185
8 0.7747395833333334 0.5451388888888888 0.0234375 0.03935185185185185
9 0.5908203125 0.9050925925925926 0.024088541666666668 0.03935185185185185
11 0.8479817708333334 0.24305555555555555 0.017578125 0.03935185185185185
12 0.3170572916666667 0.7835648148148148 0.020833333333333332 0.03935185185185185
13 0.7942708333333334 0.4832175925925926 0.020833333333333332 0.04050925925925926