0 0.078125 0.13773148148148148 0.024739583333333332 0.05092592592592592
1 0.4918619791666667 0.02546296296296296 0.041015625 0.04861111111111111
2 0.9124348958333334 0.12268518518518519 0.024088541666666668 0.05555555555555555
3 0.09049479166666667 0.8692129629629629 0.022135416666666668 0.05555555555555555
4 0.49086733217592593 0.9798611111111111 0.03902633101851851 0.038425925925925926
5 0.9000651041666666 0.8848379629629629 0.025390625 0.047453703703703706
6 0.7431640625 0.11979166666666667 0.021484375 0.04282407407407408
14 0.7923177083333334 0.18344907407407407 0.022135416666666668 0.04282407407407408
17 0.5026041666666666 0.6863425925925926 0.0234375 0.04398148148148148
18 0.7600911458333334 0.48148148148148145 0.021484375 0.04398148148148148
20 0.7392578125 0.5121527777777778 0.018880208333333332 0.04050925925925926
9 0.2669270833333333 0.27141203703703703 0.024739583333333332 0.04513888888888889
10 0.15234375 0.6527777777777778 0.022135416666666668 0.037037037037037035
12 0.3170572916666667 0.7847222222222222 0.0234375 0.03935185185185185