1 0.7661458333333333 0.49907407407407406 0.025520833333333333 0.05277777777777778
4 0.24296875 0.49212962962962964 0.0296875 0.06018518518518518
7 0.37942708333333336 0.5046296296296297 0.021354166666666667 0.044444444444444446
8 0.31744791666666666 0.8444444444444444 0.025 0.032407407407407406
10 0.3104166666666667 0.8875 0.020833333333333332 0.037037037037037035
11 0.540625 0.44537037037037036 0.025520833333333333 0.03611111111111111
14 0.6979166666666666 0.05416666666666667 0.019791666666666666 0.03981481481481482
15 0.5255208333333333 0.49537037037037035 0.023958333333333335 0.044444444444444446
16 0.35963541666666665 0.7476851851851852 0.023958333333333335 0.040740740740740744
18 0.5401041666666667 0.3013888888888889 0.023958333333333335 0.037037037037037035
19 0.6950520833333333 0.1375 0.0203125 0.03981481481481482
20 0.6369791666666667 0.8041666666666667 0.0234375 0.03796296296296296