0 0.07369791666666667 0.13194444444444445 0.03125 0.05185185185185185
1 0.48880208333333336 0.03287037037037037 0.03177083333333333 0.05092592592592592
2 0.9106770833333333 0.12037037037037036 0.029166666666666667 0.05648148148148148
3 0.08802083333333334 0.8675925925925926 0.03177083333333333 0.05277777777777778
4 0.48854166666666665 0.9685185185185186 0.03125 0.05
5 0.8973958333333333 0.8814814814814815 0.022916666666666665 0.05
6 0.3770833333333333 0.812037037037037 0.023958333333333335 0.041666666666666664
7 0.7786458333333334 0.11851851851851852 0.023958333333333335 0.04259259259259259
8 0.7731770833333333 0.5805555555555556 0.022395833333333334 0.046296296296296294
9 0.7638020833333333 0.5486111111111112 0.022916666666666665 0.040740740740740744
10 0.32083333333333336 0.5453703703703704 0.025 0.04537037037037037
11 0.7330729166666666 0.4925925925925926 0.022395833333333334 0.044444444444444446
12 0.8010416666666667 0.47453703703703703 0.022395833333333334 0.041666666666666664
14 0.671875 0.7851851851851852 0.0265625 0.041666666666666664
16 0.54921875 0.5407407407407407 0.0265625 0.04722222222222222
19 0.7536458333333333 0.7245370370370371 0.021354166666666667 0.040740740740740744