0 0.08174542682926832 0.12398373983739841 0.029217479674796747 0.05194218608852755
1 0.5009527439024389 0.030826558265582667 0.03429878048780489 0.0440379403794038
2 0.9195248983739838 0.11664408310749776 0.025406504065040636 0.0485546522131888
3 0.09349593495934962 0.8539972899728997 0.027311991869918697 0.046296296296296294
4 0.4955538617886179 0.9573170731707318 0.02096036585365848 0.047425474254742576
5 0.9033282520325202 0.8839205058717253 0.026041666666666668 0.05194218608852747
6 0.7921747967479675 0.864724480578139 0.024771341463414722 0.03839205058717257
7 0.5746316056910569 0.3848238482384824 0.025406504065040754 0.04516711833785007
8 0.6994410569105691 0.8291553748870821 0.020960365853658538 0.03952122854561885
9 0.45522103658536583 0.17366757000903343 0.026676829268292696 0.04065040650406502
10 0.7715320121951219 0.886743450767841 0.024136178861788694 0.037262872628726296
11 0.4698297764227642 0.4271680216802168 0.025406504065040695 0.04403794037940374
13 0.23100863821138212 0.7032520325203251 0.02032520325203251 0.03839205058717257
14 0.2484756097560976 0.14882565492321592 0.02223069105691057 0.045167118337850046
15 0.49777693089430897 0.4520099367660343 0.026676829268292696 0.041779584462511295
16 0.12430132113821139 0.14826106594399277 0.021595528455284556 0.037262872628726296
17 0.8128175813008129 0.7879403794037939 0.02159552845528457 0.04065040650406512
18 0.3904344512195122 0.4311201445347787 0.026676829268292696 0.04290876242095757
19 0.29611280487804875 0.1550361336946703 0.026041666666666668 0.0440379403794038
20 0.6702235772357723 0.2566621499548329 0.024771341463414604 0.041779584462511295
21 0.8458460365853658 0.5446025293586267 0.02286585365853663 0.041779584462511295