0 0.07768574297188759 0.13297634984381976 0.028865461847389553 0.04685408299866132
1 0.48901857429718876 0.03424810352521201 0.038278112449799194 0.05243195002231147
2 0.9119603413654619 0.12405176260597951 0.02823795180722897 0.05354752342704149
3 0.0896084337349398 0.8686970102632753 0.027610441767068276 0.050200803212851496
4 0.48901857429718876 0.9685408299866132 0.03702309236947787 0.051316376617581407
5 0.8997238955823292 0.8798527443105755 0.02886546184738954 0.04796965640339137
6 0.887801204819277 0.24007139669790273 0.017570281124498047 0.035698348951360995
8 0.544866967871486 0.48605533244087457 0.024472891566265056 0.04127621597501114
10 0.8956450803212851 0.21218206157965197 0.01819779116465874 0.033467202141900944
11 0.848581827309237 0.2707496653279786 0.019452811244979884 0.03681392235609104
12 0.28633283132530124 0.8882195448460508 0.019452811244979943 0.04016064257028118
13 0.827246485943775 0.3019857206604195 0.020707831325301147 0.04127621597501114
14 0.14482931726907633 0.6160196340919233 0.02133534136546187 0.03569834895136102
17 0.8168925702811244 0.7253458277554663 0.020080321285140576 0.037929495760821046
19 0.3832831325301205 0.9088576528335565 0.02259036144578316 0.03904506916555106
20 0.732492469879518 0.5105979473449352 0.02196285140562253 0.03904506916555106
21 0.7017444779116466 0.3639000446229362 0.023217871485943793 0.040160642570281124