0 0.07864583333333333 0.13240740740740742 0.025520833333333333 0.04351851851851852
1 0.4890625 0.033796296296296297 0.03697916666666667 0.049074074074074076
2 0.9122395833333333 0.12361111111111112 0.028645833333333332 0.05
3 0.08984375 0.8694444444444445 0.028125 0.044444444444444446
4 0.4895833333333333 0.9712962962962963 0.034375 0.04537037037037037
5 0.8984375 0.8814814814814815 0.028645833333333332 0.05092592592592592
6 0.55078125 0.4981481481481482 0.023958333333333335 0.041666666666666664
8 0.48984375 0.044444444444444446 0.0203125 0.03425925925925926
10 0.8953125 0.21064814814814814 0.017708333333333333 0.03425925925925926
11 0.8481770833333333 0.2712962962962963 0.017708333333333333 0.03333333333333333
12 0.2859375 0.8888888888888888 0.022395833333333334 0.03425925925925926
13 0.8276041666666667 0.3023148148148148 0.021354166666666667 0.03796296296296296
14 0.14479166666666668 0.6166666666666667 0.0203125 0.03425925925925926
17 0.8166666666666667 0.725462962962963 0.019270833333333334 0.03611111111111111
19 0.38385416666666666 0.9074074074074074 0.022395833333333334 0.03796296296296296
20 0.7333333333333333 0.5111111111111111 0.021354166666666667 0.04259259259259259
21 0.7018229166666666 0.36574074074074076 0.0234375 0.041666666666666664