0 0.0779994979919679 0.13464970995091483 0.028237951807228923 0.04350736278447121
1 0.48870481927710846 0.034805890227577026 0.03639558232931724 0.049085229808121376
2 0.9135291164658634 0.1268406961178046 0.027610441767068276 0.04573850959393129
3 0.0896084337349398 0.8692547969656403 0.028865461847389553 0.049085229808121376
4 0.4896460843373494 0.9696564033913433 0.03451305220883535 0.051316376617581407
5 0.8997238955823293 0.8798527443105756 0.027610441767068276 0.045738509593931234
6 0.8689759036144579 0.2913877733154842 0.01882530120481931 0.03569834895136102
8 0.5451807228915662 0.4854975457385096 0.0225903614457831 0.040160642570281124
10 0.8893699799196787 0.2417447568049978 0.01819779116465862 0.03458277554663099
11 0.8617595381526103 0.21050870147255693 0.016942771084337355 0.03235162873717091
12 0.28601907630522094 0.8871039714413209 0.02133534136546184 0.03569834895136092
13 0.8281877510040161 0.30142793395805445 0.020080321285140576 0.037929495760821046
14 0.14357429718875506 0.6160196340919232 0.018825301204819282 0.033467202141900895
17 0.8168925702811245 0.7253458277554663 0.01882530120481931 0.03569834895136092
19 0.3829693775100402 0.9082998661311914 0.02196285140562253 0.037929495760821046
20 0.7331199799196786 0.5105979473449352 0.020707831325301265 0.03458277554663101
21 0.7014307228915662 0.36613119143239625 0.02133534136546184 0.037929495760821046