0 0.075 0.13240740740740742 0.026041666666666668 0.046296296296296294
1 0.48854166666666665 0.03425925925925926 0.033854166666666664 0.05092592592592592
2 0.9143229166666667 0.12453703703703704 0.028125 0.04814814814814815
3 0.0890625 0.8685185185185185 0.025 0.05092592592592592
4 0.4895833333333333 0.9726851851851852 0.0328125 0.046296296296296294
5 0.8989583333333333 0.8856481481481482 0.025 0.05092592592592592
6 0.87890625 0.625 0.019270833333333334 0.041666666666666664
8 0.10911458333333333 0.5203703703703704 0.021354166666666667 0.03611111111111111
9 0.89453125 0.1726851851851852 0.018229166666666668 0.03611111111111111
10 0.5794270833333334 0.17777777777777778 0.025 0.041666666666666664
11 0.225 0.2449074074074074 0.022395833333333334 0.04259259259259259
13 0.80703125 0.5277777777777778 0.022916666666666665 0.037037037037037035
14 0.5809895833333333 0.6726851851851852 0.022916666666666665 0.04537037037037037
16 0.8963541666666667 0.5712962962962963 0.0171875 0.03796296296296296
17 0.7869791666666667 0.5930555555555556 0.020833333333333332 0.03981481481481482
18 0.16848958333333333 0.26064814814814813 0.0234375 0.03796296296296296
20 0.7919270833333333 0.5444444444444444 0.021354166666666667 0.037037037037037035
21 0.5921875 0.43287037037037035 0.025 0.044444444444444446