0 0.07421875 0.13194444444444445 0.021354166666666667 0.04722222222222222
1 0.4895833333333333 0.03148148148148148 0.034375 0.05185185185185185
2 0.9138020833333333 0.12453703703703704 0.025520833333333333 0.04814814814814815
3 0.08932291666666667 0.8712962962962963 0.0265625 0.04537037037037037
4 0.4895833333333333 0.9726851851851852 0.0328125 0.04814814814814815
5 0.8979166666666667 0.8865740740740741 0.025520833333333333 0.05092592592592592
6 0.13828125 0.33287037037037037 0.019270833333333334 0.03425925925925926
7 0.7875 0.16574074074074074 0.0203125 0.040740740740740744
8 0.58984375 0.23425925925925925 0.023958333333333335 0.03981481481481482
9 0.90234375 0.65 0.019270833333333334 0.03611111111111111
10 0.6559895833333333 0.21712962962962962 0.022916666666666665 0.041666666666666664
11 0.225 0.24305555555555555 0.022395833333333334 0.037037037037037035
13 0.8078125 0.5287037037037037 0.0203125 0.037037037037037035
14 0.6346354166666667 0.337037037037037 0.025 0.041666666666666664
16 0.8953125 0.5712962962962963 0.019270833333333334 0.03611111111111111
17 0.78828125 0.5916666666666667 0.0234375 0.03796296296296296
18 0.7515625 0.3287037037037037 0.020833333333333332 0.041666666666666664
20 0.7911458333333333 0.5458333333333333 0.022916666666666665 0.037037037037037035
21 0.7138020833333333 0.2777777777777778 0.022916666666666665 0.04537037037037037