0 0.07552083333333333 0.13194444444444445 0.0265625 0.05
1 0.4908854166666667 0.03194444444444444 0.035416666666666666 0.05555555555555555
2 0.9135416666666667 0.125 0.026041666666666668 0.05185185185185185
3 0.09088541666666666 0.8680555555555556 0.0234375 0.05
4 0.48984375 0.9712962962962963 0.034895833333333334 0.044444444444444446
5 0.89921875 0.8842592592592593 0.029166666666666667 0.05092592592592592
6 0.7372395833333333 0.2949074074074074 0.022916666666666665 0.03981481481481482
7 0.7127604166666667 0.11342592592592593 0.020833333333333332 0.037037037037037035
8 0.5908854166666667 0.23472222222222222 0.026041666666666668 0.03796296296296296
9 0.90234375 0.65 0.017708333333333333 0.03425925925925926
10 0.6557291666666667 0.21944444444444444 0.0234375 0.03981481481481482
11 0.22421875 0.24444444444444444 0.022395833333333334 0.03518518518518519
13 0.8067708333333333 0.5282407407407408 0.019791666666666666 0.03796296296296296
14 0.6359375 0.337037037037037 0.022395833333333334 0.041666666666666664
16 0.8963541666666667 0.5694444444444444 0.018229166666666668 0.03518518518518519
17 0.7875 0.5916666666666667 0.022916666666666665 0.03611111111111111
18 0.75078125 0.3388888888888889 0.020833333333333332 0.03518518518518519
20 0.790625 0.5444444444444444 0.0203125 0.03981481481481482
21 0.7130208333333333 0.274537037037037 0.022916666666666665 0.03981481481481482