0 0.07779947916666667 0.13252314814814814 0.025390625 0.04976851851851852
1 0.4899088541666667 0.028356481481481483 0.035807291666666664 0.05439814814814815
2 0.9104817708333334 0.1255787037037037 0.026692708333333332 0.04976851851851852
3 0.09049479166666667 0.8715277777777778 0.020833333333333332 0.05555555555555555
5 0.8984375 0.8836805555555556 0.024739583333333332 0.05439814814814815
6 0.7972005208333334 0.37962962962962965 0.020182291666666668 0.041666666666666664
7 0.9033203125 0.5966435185185185 0.018880208333333332 0.03587962962962963
14 0.7945963541666666 0.2795138888888889 0.022786458333333332 0.04050925925925926
17 0.8313802083333334 0.1857638888888889 0.020833333333333332 0.04050925925925926
18 0.7600911458333334 0.48148148148148145 0.021484375 0.03935185185185185
19 0.8984375 0.3431712962962963 0.018229166666666668 0.03819444444444445
20 0.7389322916666666 0.5104166666666666 0.022135416666666668 0.03935185185185185
21 0.8138020833333334 0.5445601851851852 0.01953125 0.04050925925925926
8 0.7747395833333334 0.5445601851851852 0.022135416666666668 0.03819444444444445
9 0.5934244791666666 0.9068287037037037 0.017578125 0.04050925925925926
10 0.1845703125 0.5943287037037037 0.021484375 0.04050925925925926
11 0.8479817708333334 0.24305555555555555 0.020182291666666668 0.041666666666666664
12 0.3180338541666667 0.7858796296296297 0.021484375 0.041666666666666664
13 0.7942708333333334 0.4832175925925926 0.022135416666666668 0.03819444444444445