0 0.07291666666666667 0.13194444444444445 0.030729166666666665 0.05648148148148148
1 0.4875 0.031018518518518518 0.03177083333333333 0.05277777777777778
2 0.9114583333333334 0.12638888888888888 0.027083333333333334 0.058333333333333334
3 0.0875 0.8699074074074075 0.029166666666666667 0.05092592592592592
4 0.48828125 0.9699074074074074 0.029166666666666667 0.05
5 0.8953125 0.8800925925925925 0.028125 0.05740740740740741
7 0.7356770833333334 0.20324074074074075 0.0234375 0.040740740740740744
13 0.8846354166666667 0.15231481481481482 0.019270833333333334 0.03796296296296296
15 0.41354166666666664 0.38935185185185184 0.028645833333333332 0.04259259259259259
16 0.16015625 0.8629629629629629 0.019791666666666666 0.03981481481481482
18 0.8390625 0.24768518518518517 0.0234375 0.03981481481481482
20 0.6330729166666667 0.6162037037037037 0.023958333333333335 0.04537037037037037