0 0.07737198795180728 0.13241856314145475 0.02698293172690763 0.05020080321285142
1 0.4874497991967871 0.03424810352521201 0.037650602409638564 0.05243195002231147
2 0.9116465863453815 0.1262829094154396 0.028865461847389657 0.05131637661758143
3 0.08992218875502012 0.8692547969656402 0.02698293172690763 0.053547523427041534
4 0.48933232931726905 0.9707719767960732 0.03639558232931724 0.049085229808121376
5 0.898468875502008 0.8815261044176707 0.02886546184738954 0.04685408299866125
8 0.5451807228915662 0.48493975903614456 0.023845381526104485 0.04127621597501114
10 0.8962725903614458 0.21162427487728694 0.01819779116465862 0.03458277554663099
11 0.8482680722891566 0.2696340919232486 0.020080321285140576 0.03681392235609104
12 0.2857053212851406 0.8871039714413209 0.020707831325301206 0.03569834895136092
13 0.8275602409638554 0.30254350736278446 0.020080321285140458 0.0379294957608211
14 0.14545682730923698 0.6149040606871933 0.01757028112449799 0.033467202141900895
17 0.8168925702811245 0.7259036144578314 0.02133534136546184 0.036813922356090927
19 0.3839106425702811 0.9071842927264614 0.020080321285140576 0.03569834895136102
20 0.7331199799196786 0.5105979473449352 0.020707831325301265 0.03904506916555106
21 0.7023719879518072 0.3650156180276662 0.02196285140562253 0.040160642570281124