0 0.07838541666666667 0.13472222222222222 0.023958333333333335 0.05
1 0.48984375 0.03009259259259259 0.0359375 0.053703703703703705
2 0.9109375 0.12685185185185185 0.0234375 0.05462962962962963
3 0.09140625 0.8740740740740741 0.023958333333333335 0.04814814814814815
4 0.48828125 0.9726851851851852 0.041666666666666664 0.05185185185185185
5 0.8989583333333333 0.8851851851851852 0.025 0.04814814814814815
6 0.8747395833333333 0.1527777777777778 0.017708333333333333 0.037037037037037035
7 0.9041666666666667 0.5953703703703703 0.016666666666666666 0.03611111111111111
14 0.6377604166666667 0.10833333333333334 0.022916666666666665 0.040740740740740744
17 0.8328125 0.18564814814814815 0.021875 0.03796296296296296
18 0.7588541666666667 0.48148148148148145 0.022916666666666665 0.041666666666666664
20 0.7393229166666667 0.5115740740740741 0.0203125 0.03888888888888889
9 0.49505208333333334 0.7083333333333334 0.021354166666666667 0.044444444444444446
10 0.15260416666666668 0.6518518518518519 0.0203125 0.03888888888888889
12 0.31666666666666665 0.7833333333333333 0.023958333333333335 0.03888888888888889