0 0.07663925519149774 0.12701075303925732 0.030537546527573678 0.06169665110305718
1 0.48904293887557737 0.030939476061427287 0.038426324905626315 0.061878952122854575
2 0.9138084349593496 0.12398373983739841 0.030487804878048762 0.06097560975609755
3 0.08619156504065041 0.8748870822041552 0.033028455284552845 0.06323396567299014
4 0.490084312660478 0.965958277554663 0.03664452893541377 0.06623159303882196
5 0.8988821138211381 0.8850496838301716 0.03239329268292674 0.05871725383920513
6 0.34186746987951805 0.23616688978134764 0.023845381526104426 0.04350736278447121
8 0.5549071285140563 0.28078982597054886 0.025727911646586322 0.04796965640339131
11 0.7654367469879517 0.177041499330656 0.023845381526104485 0.04573850959393129
15 0.5257279116465863 0.6500446229361893 0.025100401606425748 0.04127621597501119
17 0.5592710016896856 0.7086122266845157 0.024369581986482557 0.03782065933109135
19 0.386099275149378 0.6701249442213297 0.025727911646586322 0.04350736278447121
7 0.6871185198109511 0.4824637302597925 0.025280236800862 0.04171156169393013
13 0.7527660183416593 0.46787284639914667 0.021017760064648765 0.037371709058456146
18 0.7955572289156626 0.749330655957162 0.025100401606425748 0.04350736278447121
16 0.849523092369478 0.8631191432396251 0.023845381526104485 0.04127621597501119
21 0.7258003048780488 0.5903342366757001 0.024136178861788694 0.03839205058717257
10 0.6810366465863453 0.5396028558679161 0.025727911646586322 0.047969656403391264
20 0.7108433734939759 0.5145024542614904 0.0225903614457831 0.0423917893797412
14 0.7318649598393575 0.5290049085229808 0.025727911646586322 0.044622936189201226
9 0.7277861445783133 0.4832663989290495 0.023845381526104367 0.0423917893797412