0 0.08396849593495936 0.12511291779584463 0.02858231707317073 0.05420054200542005
1 0.499682418699187 0.03026196928635954 0.030487804878048762 0.045167118337850046
2 0.9198424796747967 0.12003161698283651 0.026041666666666668 0.0508130081300813
3 0.09349593495934962 0.8551264679313458 0.026041666666666668 0.0553297199638663
4 0.4952362804878048 0.9584462511291778 0.026676829268292637 0.04742547425474236
5 0.9045985772357723 0.8788392050587172 0.027311991869918728 0.0553297199638664
6 0.09063770325203253 0.23746612466124664 0.02032520325203251 0.03500451671183379
7 0.5743140243902439 0.38425925925925924 0.026041666666666668 0.041779584462511295
8 0.6994410569105691 0.8297199638663052 0.024771341463414722 0.04516711833785002
9 0.4558561991869919 0.17197380307136406 0.024136178861788635 0.039521228545618764
10 0.8223450203252032 0.855126467931346 0.02032520325203251 0.03500451671183384
11 0.47110010162601623 0.4299909665763324 0.025406504065040636 0.04516711833785007
12 0.39297510162601623 0.1776196928635953 0.025406504065040636 0.04629629629629627
13 0.23100863821138212 0.720754290876242 0.024136178861788635 0.041779584462511295
14 0.24879319105691058 0.15108401084010842 0.02159552845528457 0.04290876242095754
15 0.49841209349593496 0.45596205962059616 0.024136178861788635 0.04290876242095741
16 0.12811229674796748 0.14543812104787715 0.02032520325203251 0.03613369467028004
17 0.8134527439024389 0.8246386630532971 0.02159552845528457 0.03500451671183374
18 0.3891641260162602 0.4305555555555556 0.025406504065040695 0.046296296296296245
19 0.3316819105691057 0.15898825654923215 0.022230691056910543 0.04290876242095754
20 0.6714939024390244 0.2566621499548329 0.026041666666666668 0.041779584462511295
21 0.8455284552845529 0.5468608852755193 0.0222306910569106 0.041779584462511295