0 0.07890625 0.13518518518518519 0.0265625 0.04259259259259259
1 0.48880208333333336 0.03425925925925926 0.036458333333333336 0.04814814814814815
2 0.91171875 0.1259259259259259 0.027604166666666666 0.05277777777777778
3 0.08984375 0.8699074074074075 0.027083333333333334 0.05
4 0.48984375 0.9708333333333333 0.036458333333333336 0.04722222222222222
5 0.9 0.8810185185185185 0.0296875 0.04537037037037037
6 0.8549479166666667 0.44537037037037036 0.019270833333333334 0.03796296296296296
10 0.9075520833333334 0.2652777777777778 0.018229166666666668 0.03425925925925926
11 0.8479166666666667 0.27037037037037037 0.019270833333333334 0.03611111111111111
12 0.2859375 0.8875 0.0203125 0.03888888888888889
13 0.8276041666666667 0.30324074074074076 0.021354166666666667 0.03888888888888889
14 0.14479166666666668 0.6152777777777778 0.021354166666666667 0.03425925925925926
17 0.8166666666666667 0.7268518518518519 0.019270833333333334 0.03425925925925926
19 0.38229166666666664 0.9078703703703703 0.021875 0.03888888888888889
20 0.7330729166666666 0.5111111111111111 0.021875 0.03796296296296296
21 0.9018229166666667 0.175 0.0171875 0.032407407407407406