0 0.07578125 0.13425925925925927 0.026041666666666668 0.04537037037037037
1 0.48828125 0.03194444444444444 0.035416666666666666 0.05277777777777778
2 0.9127604166666666 0.12546296296296297 0.027083333333333334 0.05277777777777778
3 0.08958333333333333 0.8671296296296296 0.022395833333333334 0.05462962962962963
4 0.48984375 0.975 0.0359375 0.04814814814814815
5 0.8989583333333333 0.8837962962962963 0.027083333333333334 0.04722222222222222
6 0.78828125 0.5523148148148148 0.020833333333333332 0.037037037037037035
8 0.10807291666666667 0.5199074074074074 0.022395833333333334 0.03981481481481482
9 0.8903645833333333 0.2462962962962963 0.016666666666666666 0.03518518518518519
10 0.5791666666666667 0.17777777777777778 0.025520833333333333 0.03981481481481482
11 0.22473958333333333 0.24305555555555555 0.022916666666666665 0.041666666666666664
13 0.8080729166666667 0.525 0.020833333333333332 0.03796296296296296
14 0.58203125 0.6731481481481482 0.025 0.03981481481481482
16 0.9059895833333333 0.2574074074074074 0.015625 0.03611111111111111
17 0.6419270833333334 0.6513888888888889 0.022916666666666665 0.040740740740740744
18 0.16901041666666666 0.26064814814814813 0.0234375 0.03796296296296296
20 0.7666666666666667 0.4949074074074074 0.022395833333333334 0.03981481481481482
21 0.5927083333333333 0.43287037037037035 0.025 0.041666666666666664