0 0.07877604166666667 0.13541666666666666 0.026041666666666668 0.04398148148148148
1 0.4889322916666667 0.02662037037037037 0.03515625 0.05324074074074074
2 0.912109375 0.125 0.024739583333333332 0.04861111111111111
3 0.0908203125 0.8686342592592593 0.025390625 0.052083333333333336
4 0.48824013157894736 0.9740740740740741 0.03898026315789475 0.05
5 0.8987630208333334 0.8848379629629629 0.026692708333333332 0.052083333333333336
6 0.5934244791666666 0.5572916666666666 0.024088541666666668 0.04282407407407408
7 0.9039713541666666 0.5966435185185185 0.016276041666666668 0.03587962962962963
14 0.6373697916666666 0.1076388888888889 0.020833333333333332 0.041666666666666664
17 0.8326822916666666 0.1857638888888889 0.020833333333333332 0.04050925925925926
18 0.7594401041666666 0.4820601851851852 0.020182291666666668 0.04282407407407408
19 0.8987630208333334 0.3431712962962963 0.020182291666666668 0.03587962962962963
20 0.7395833333333334 0.5121527777777778 0.022135416666666668 0.03819444444444445
9 0.5908203125 0.9068287037037037 0.024088541666666668 0.03819444444444445
10 0.185546875 0.5954861111111112 0.020833333333333332 0.03819444444444445
12 0.3173828125 0.7853009259259259 0.022786458333333332 0.04050925925925926
13 0.7913411458333334 0.28935185185185186 0.021484375 0.041666666666666664