0 0.07845052083333333 0.13252314814814814 0.024088541666666668 0.047453703703703706
1 0.4908854166666667 0.027777777777777776 0.037760416666666664 0.05555555555555555
2 0.9117838541666666 0.1255787037037037 0.027994791666666668 0.052083333333333336
3 0.09212239583333333 0.8721064814814815 0.022786458333333332 0.04976851851851852
4 0.49079772534013605 0.9734953703703704 0.037585034013605426 0.05115740740740741
5 0.8984375 0.8848379629629629 0.02734375 0.05439814814814815
6 0.8297526041666666 0.8009259259259259 0.018880208333333332 0.037037037037037035
14 0.6380208333333334 0.10706018518518519 0.022135416666666668 0.04282407407407408
17 0.5022786458333334 0.6851851851851852 0.025390625 0.041666666666666664
18 0.7587890625 0.48148148148148145 0.022786458333333332 0.04398148148148148
20 0.73828125 0.5121527777777778 0.0234375 0.04050925925925926
9 0.4345703125 0.8194444444444444 0.021484375 0.041666666666666664
10 0.15234375 0.6516203703703703 0.01953125 0.037037037037037035
12 0.3167317708333333 0.7853009259259259 0.024088541666666668 0.03819444444444445