0 0.07760416666666667 0.13425925925925927 0.021875 0.05092592592592592
1 0.4895833333333333 0.027314814814814816 0.0375 0.04537037037037037
2 0.9143229166666667 0.12546296296296297 0.023958333333333335 0.04722222222222222
4 0.48880208333333336 0.9722222222222222 0.034895833333333334 0.053703703703703705
5 0.8981770833333333 0.8837962962962963 0.022916666666666665 0.05925925925925926
6 0.59375 0.5527777777777778 0.026041666666666668 0.04259259259259259
7 0.90390625 0.5953703703703703 0.017708333333333333 0.03796296296296296
14 0.6375 0.10833333333333334 0.020833333333333332 0.04259259259259259
17 0.83203125 0.18564814814814815 0.019791666666666666 0.040740740740740744
18 0.7591145833333334 0.4824074074074074 0.021875 0.041666666666666664
19 0.9 0.34305555555555556 0.017708333333333333 0.03796296296296296
20 0.7393229166666667 0.5097222222222222 0.023958333333333335 0.040740740740740744
9 0.590625 0.9069444444444444 0.021875 0.03796296296296296
10 0.18541666666666667 0.5949074074074074 0.021875 0.037037037037037035
13 0.7916666666666666 0.287962962962963 0.020833333333333332 0.03888888888888889