0 0.07578125 0.13240740740740742 0.025 0.05092592592592592
1 0.48984375 0.03194444444444444 0.034895833333333334 0.046296296296296294
2 0.9125 0.125 0.028125 0.04722222222222222
3 0.08854166666666667 0.8699074074074075 0.026041666666666668 0.05092592592592592
4 0.48932291666666666 0.9675925925925926 0.03229166666666667 0.04537037037037037
5 0.8994791666666667 0.8856481481481482 0.026041666666666668 0.05555555555555555
6 0.32760416666666664 0.40925925925925927 0.021354166666666667 0.041666666666666664
7 0.7869791666666667 0.16620370370370371 0.018229166666666668 0.03518518518518519
8 0.59140625 0.2351851851851852 0.0234375 0.03981481481481482
9 0.90234375 0.649074074074074 0.016666666666666666 0.03611111111111111
10 0.6552083333333333 0.21712962962962962 0.023958333333333335 0.03981481481481482
11 0.225 0.24537037037037038 0.020833333333333332 0.037037037037037035
13 0.8083333333333333 0.5287037037037037 0.019270833333333334 0.03518518518518519
14 0.63359375 0.33611111111111114 0.022916666666666665 0.040740740740740744
15 0.55078125 0.36898148148148147 0.025 0.040740740740740744
16 0.8953125 0.5699074074074074 0.015104166666666667 0.03611111111111111
17 0.7869791666666667 0.5898148148148148 0.020833333333333332 0.03981481481481482
18 0.75 0.32731481481481484 0.022916666666666665 0.03796296296296296
19 0.8489583333333334 0.8402777777777778 0.015104166666666667 0.030555555555555555
20 0.7903645833333334 0.5453703703703704 0.019791666666666666 0.03611111111111111
21 0.7145833333333333 0.2763888888888889 0.0234375 0.03796296296296296