1 0.23619791666666667 0.5208333333333334 0.027083333333333334 0.06111111111111111
4 0.76484375 0.5199074074074074 0.028125 0.058333333333333334
7 0.31223958333333335 0.004166666666666667 0.021354166666666667 0.008333333333333333
8 0.52734375 0.4300925925925926 0.023958333333333335 0.041666666666666664
10 0.3421875 0.2222222222222222 0.022395833333333334 0.03981481481481482
11 0.5057291666666667 0.02361111111111111 0.021354166666666667 0.032407407407407406
14 0.4296875 0.14074074074074075 0.022395833333333334 0.037037037037037035
15 0.42578125 0.4115740740740741 0.022916666666666665 0.04259259259259259
17 0.5421875 0.011574074074074073 0.025 0.023148148148148147
18 0.40286458333333336 0.05324074074074074 0.022916666666666665 0.040740740740740744
21 0.4390625 0.09166666666666666 0.022916666666666665 0.04259259259259259