0 0.07734375 0.13240740740740742 0.027083333333333334 0.04537037037037037
1 0.48671875 0.03333333333333333 0.0328125 0.04814814814814815
2 0.9109375 0.1259259259259259 0.028645833333333332 0.05277777777777778
3 0.09192708333333334 0.8736111111111111 0.0296875 0.053703703703703705
4 0.4890625 0.9689814814814814 0.034375 0.05277777777777778
5 0.8986979166666667 0.8796296296296297 0.025520833333333333 0.05
6 0.74765625 0.29814814814814816 0.020833333333333332 0.03796296296296296
7 0.74375 0.44722222222222224 0.020833333333333332 0.037037037037037035
8 0.6453125 0.5625 0.0234375 0.03981481481481482
9 0.6135416666666667 0.6916666666666667 0.022395833333333334 0.03981481481481482
10 0.7252604166666666 0.20555555555555555 0.021354166666666667 0.03796296296296296
11 0.76484375 0.537962962962963 0.021354166666666667 0.03796296296296296
12 0.2864583333333333 0.8875 0.020833333333333332 0.037037037037037035
13 0.82734375 0.30092592592592593 0.019270833333333334 0.037037037037037035
14 0.11354166666666667 0.65 0.017708333333333333 0.032407407407407406
15 0.8572916666666667 0.8476851851851852 0.0171875 0.032407407407407406
16 0.8611979166666667 0.7597222222222222 0.018229166666666668 0.03611111111111111
17 0.8169270833333333 0.725 0.01875 0.032407407407407406
18 0.9013020833333333 0.29074074074074074 0.018229166666666668 0.03425925925925926
19 0.38359375 0.9083333333333333 0.020833333333333332 0.03796296296296296
20 0.7328125 0.5111111111111111 0.021354166666666667 0.03796296296296296
21 0.7020833333333333 0.36435185185185187 0.022395833333333334 0.03888888888888889