0 0.07864583333333333 0.1337962962962963 0.021875 0.04722222222222222
1 0.4901041666666667 0.02824074074074074 0.0375 0.05462962962962963
2 0.9127604166666666 0.12407407407407407 0.025 0.04814814814814815
3 0.09010416666666667 0.8708333333333333 0.021354166666666667 0.04259259259259259
4 0.4895833333333333 0.9768518518518519 0.0375 0.044444444444444446
5 0.8984375 0.8865740740740741 0.027083333333333334 0.05740740740740741
6 0.5505208333333333 0.7592592592592593 0.022916666666666665 0.044444444444444446
7 0.9041666666666667 0.5972222222222222 0.018229166666666668 0.037037037037037035
14 0.6375 0.1087962962962963 0.021875 0.041666666666666664
17 0.8328125 0.18564814814814815 0.018229166666666668 0.040740740740740744
18 0.759375 0.48148148148148145 0.021354166666666667 0.03888888888888889
19 0.9041666666666667 0.16435185185185186 0.016666666666666666 0.037037037037037035
20 0.7395833333333334 0.5115740740740741 0.020833333333333332 0.03888888888888889
9 0.41302083333333334 0.8231481481481482 0.022916666666666665 0.03888888888888889
10 0.17395833333333333 0.8523148148148149 0.019791666666666666 0.03796296296296296
12 0.3182291666666667 0.7842592592592592 0.0234375 0.04259259259259259