0 0.07473958333333333 0.13240740740740742 0.021354166666666667 0.04814814814814815
1 0.48932291666666666 0.03148148148148148 0.033854166666666664 0.05185185185185185
2 0.9109375 0.12175925925925926 0.03125 0.05185185185185185
3 0.09010416666666667 0.8685185185185185 0.029166666666666667 0.05092592592592592
4 0.48723958333333334 0.9680555555555556 0.028645833333333332 0.05092592592592592
5 0.8981770833333333 0.8861111111111111 0.0296875 0.05462962962962963
6 0.290625 0.18888888888888888 0.023958333333333335 0.044444444444444446
7 0.78125 0.29583333333333334 0.026041666666666668 0.040740740740740744
8 0.384375 0.5208333333333334 0.0234375 0.03981481481481482
9 0.5348958333333333 0.700925925925926 0.0296875 0.04722222222222222
10 0.25677083333333334 0.1763888888888889 0.020833333333333332 0.041666666666666664
11 0.7328125 0.49583333333333335 0.025520833333333333 0.05092592592592592
12 0.3580729166666667 0.687037037037037 0.025520833333333333 0.044444444444444446
14 0.428125 0.5851851851851851 0.028645833333333332 0.044444444444444446
16 0.33541666666666664 0.6953703703703704 0.019791666666666666 0.040740740740740744
19 0.74453125 0.8625 0.027083333333333334 0.03611111111111111