0 0.08619156504065041 0.12116079494128276 0.027947154471544715 0.0508130081300813
1 0.49936483739837395 0.03308491418247517 0.03493394308943086 0.046296296296296294
2 0.9198424796747967 0.12003161698283651 0.024771341463414604 0.0485546522131888
3 0.09857723577235775 0.8534327009936765 0.026041666666666668 0.03839205058717257
4 0.4949186991869919 0.964092140921409 0.031122967479674794 0.04968383017163513
5 0.9039634146341463 0.8782746160794941 0.029852642276422852 0.056458897922312686
6 0.10810467479674798 0.3170731707317073 0.020960365853658538 0.04065040650406502
7 0.5743140243902439 0.3836946702800361 0.026041666666666668 0.04516711833785002
8 0.694994918699187 0.8263324299909665 0.026041666666666668 0.04290876242095757
9 0.45522103658536583 0.1714092140921409 0.025406504065040636 0.04065040650406502
10 0.7169080284552846 0.8359304426377596 0.02159552845528457 0.041779584462511295
11 0.46951219512195125 0.42716802168021684 0.024771341463414663 0.0485546522131888
14 0.24911077235772355 0.15108401084010842 0.024771341463414635 0.04065040650406505
15 0.499682418699187 0.45426829268292673 0.02794715447154476 0.046296296296296245
16 0.6302083333333334 0.7698735320686539 0.023501016260162544 0.04516711833785002
17 0.8185340447154471 0.7314814814814814 0.02159552845528457 0.03839205058717257
18 0.39011686991869915 0.43168473351400183 0.026041666666666668 0.03952122854561879
19 0.2970655487804878 0.15447154471544713 0.02794715447154476 0.04290876242095754
20 0.6714939024390244 0.2594850948509485 0.023501016260162544 0.04516711833785002