0 0.07604166666666666 0.13055555555555556 0.028645833333333332 0.05092592592592592
1 0.4869791666666667 0.031018518518518518 0.03697916666666667 0.062037037037037036
2 0.9125 0.11944444444444445 0.03333333333333333 0.05925925925925926
3 0.08802083333333334 0.875 0.029166666666666667 0.05185185185185185
5 0.8997395833333334 0.8907407407407407 0.030208333333333334 0.053703703703703705
6 0.5651041666666666 0.5949074074074074 0.022916666666666665 0.040740740740740744
8 0.5442708333333334 0.48657407407407405 0.025520833333333333 0.04537037037037037
10 0.89609375 0.21203703703703702 0.019270833333333334 0.03425925925925926
11 0.8484375 0.26944444444444443 0.0203125 0.03611111111111111
12 0.284375 0.888425925925926 0.024479166666666666 0.04351851851851852
13 0.82734375 0.3013888888888889 0.021875 0.03888888888888889
14 0.14322916666666666 0.6152777777777778 0.021354166666666667 0.03796296296296296
17 0.8184895833333333 0.7268518518518519 0.0234375 0.041666666666666664
19 0.38229166666666664 0.9074074074074074 0.021875 0.03888888888888889
20 0.73203125 0.5111111111111111 0.027083333333333334 0.04814814814814815
21 0.70234375 0.36574074074074076 0.022916666666666665 0.040740740740740744