1 0.76328125 0.47962962962962963 0.03125 0.06018518518518518
4 0.23515625 0.4810185185185185 0.023958333333333335 0.06018518518518518
7 0.6875 0.9962962962962963 0.019791666666666666 0.007407407407407408
8 0.6484375 0.6611111111111111 0.022395833333333334 0.040740740740740744
10 0.6580729166666667 0.7773148148148148 0.022916666666666665 0.040740740740740744
11 0.64453125 0.014814814814814815 0.0203125 0.02962962962962963
14 0.5916666666666667 0.7388888888888889 0.022395833333333334 0.040740740740740744
15 0.5729166666666666 0.5893518518518519 0.022916666666666665 0.041666666666666664
17 0.44817708333333334 0.9958333333333333 0.0203125 0.008333333333333333
18 0.596875 0.9472222222222222 0.022395833333333334 0.037037037037037035
21 0.6263020833333334 0.8800925925925925 0.022916666666666665 0.03796296296296296