0 0.0771484375 0.13657407407407407 0.024088541666666668 0.04861111111111111
1 0.4886067708333333 0.02488425925925926 0.037109375 0.04976851851851852
2 0.9124348958333334 0.1255787037037037 0.022786458333333332 0.056712962962962965
3 0.0908203125 0.8726851851851852 0.022786458333333332 0.05092592592592592
4 0.4880627893518518 0.9746527777777778 0.03602141203703706 0.04884259259259259
5 0.8984375 0.8883101851851852 0.024739583333333332 0.047453703703703706
6 0.8912760416666666 0.29224537037037035 0.018229166666666668 0.03819444444444445
7 0.9033203125 0.5954861111111112 0.017578125 0.03356481481481482
14 0.6370442708333334 0.1087962962962963 0.022786458333333332 0.041666666666666664
17 0.8317057291666666 0.1863425925925926 0.020182291666666668 0.041666666666666664
18 0.7591145833333334 0.4826388888888889 0.022135416666666668 0.03935185185185185
19 0.8987630208333334 0.3431712962962963 0.017578125 0.03587962962962963
20 0.73828125 0.5109953703703703 0.022135416666666668 0.03819444444444445
8 0.775390625 0.5462962962962963 0.020833333333333332 0.03935185185185185
9 0.5904947916666666 0.9079861111111112 0.0234375 0.03819444444444445
10 0.185546875 0.5954861111111112 0.020833333333333332 0.03819444444444445
12 0.31640625 0.7853009259259259 0.022135416666666668 0.04050925925925926
13 0.7913411458333334 0.28877314814814814 0.024088541666666668 0.04050925925925926