0 0.0779994979919679 0.13409192324854982 0.02698293172690763 0.04685408299866132
1 0.4883910642570281 0.034805890227577026 0.037023092369477935 0.05131637661758143
2 0.9119603413654619 0.12293618920124948 0.02949297188755023 0.046854082998661305
3 0.0896084337349398 0.8703703703703703 0.028865461847389553 0.04685408299866135
4 0.49027359437751006 0.964636323070058 0.03325803212851402 0.05020080321285139
5 0.899410140562249 0.8798527443105756 0.030747991967871494 0.05243195002231152
6 0.5219628514056225 0.8095716198125836 0.01882530120481931 0.03458277554663101
8 0.5461219879518071 0.4843819723337796 0.023217871485943793 0.044622936189201226
10 0.8959588353413656 0.21162427487728694 0.017570281124498047 0.03681392235609101
11 0.8482680722891566 0.2707496653279787 0.020080321285140576 0.03458277554663096
12 0.2857053212851406 0.8882195448460509 0.019452811244979884 0.037929495760821046
13 0.8272464859437751 0.3019857206604195 0.019452811244979884 0.03904506916555111
14 0.14514307228915665 0.6154618473895583 0.020707831325301206 0.03681392235609104
17 0.8175200803212851 0.7259036144578314 0.021335341365461957 0.039045069165551165
19 0.3832831325301205 0.9088576528335565 0.02259036144578316 0.03681392235609104
20 0.7328062248995983 0.5117135207496654 0.02133534136546184 0.03904506916555106
21 0.7014307228915662 0.36501561802766624 0.0225903614457831 0.0423917893797412