1 0.23645833333333333 0.5212962962962963 0.03177083333333333 0.06481481481481481
4 0.765625 0.5208333333333334 0.0265625 0.05648148148148148
21 0.5794270833333334 0.2833333333333333 0.023958333333333335 0.041666666666666664
20 0.5096354166666667 0.011111111111111112 0.021354166666666667 0.022222222222222223
17 0.5434895833333333 0.010648148148148148 0.021354166666666667 0.021296296296296296
15 0.4265625 0.40694444444444444 0.025 0.04259259259259259
14 0.42473958333333334 0.15185185185185185 0.022395833333333334 0.04259259259259259
11 0.521875 0.10092592592592593 0.022395833333333334 0.03796296296296296
10 0.34140625 0.22407407407407406 0.0234375 0.040740740740740744
8 0.69921875 0.013888888888888888 0.0203125 0.027777777777777776
6 0.31302083333333336 0.825 0.022395833333333334 0.03981481481481482