0 0.0731707317073171 0.13527551942186092 0.02858231707317073 0.04290876242095754
1 0.4892022357723577 0.028568202348690164 0.03366361788617886 0.0508130081300813
2 0.9115853658536585 0.11664408310749776 0.024771341463414722 0.0553297199638663
3 0.08746189024390245 0.869241192411924 0.02667682926829267 0.047425474254742576
4 0.49110772357723576 0.9686088527551941 0.03493394308943086 0.05194218608852747
5 0.8988821138211381 0.8805329719963865 0.027311991869918728 0.05645889792231247
6 0.25101626016260165 0.24254742547425479 0.02096036585365851 0.04290876242095752
7 0.5974974593495934 0.8890018066847334 0.025406504065040636 0.04403794037940374
8 0.09698932926829269 0.27529358626919603 0.020325203252032523 0.04290876242095757
13 0.8868140243902438 0.1663279132791328 0.019690040650406478 0.039521228545618764
15 0.7118267276422763 0.1883468834688347 0.02794715447154476 0.04065040650406505
16 0.20560213414634146 0.6778455284552845 0.025406504065040667 0.046296296296296294
17 0.5635162601626017 0.10648148148148148 0.027311991869918728 0.0440379403794038
18 0.8369537601626017 0.2487579042457091 0.024136178861788576 0.03952122854561879
19 0.4917428861788618 0.08389792231255647 0.023501016260162544 0.03952122854561879
20 0.6324314024390243 0.6134823848238482 0.026676829268292696 0.044037940379403846