0 0.07571138211382115 0.13584010840108401 0.027311991869918697 0.046296296296296294
1 0.48951981707317066 0.034778681120144546 0.033028455284552824 0.051942186088527555
2 0.9122205284552846 0.12793586269196028 0.02731199186991861 0.0485546522131888
3 0.09095528455284556 0.869241192411924 0.026041666666666668 0.047425474254742576
4 0.4892022357723577 0.9708672086720866 0.03366361788617886 0.04516711833785002
5 0.8991996951219512 0.8856142728093945 0.025406504065040636 0.04629629629629619
6 0.09095528455284556 0.4672538392050587 0.018419715447154462 0.03161698283649496
7 0.7867759146341463 0.1663279132791328 0.02032520325203251 0.035004516711833765
8 0.5492251016260162 0.14487353206865403 0.02286585365853663 0.03500451671183379
9 0.9017403455284553 0.6513098464317976 0.017784552845528386 0.033875338753387566
10 0.654662093495935 0.2171409214092141 0.022865853658536512 0.041779584462511295
11 0.224974593495935 0.24537037037037038 0.02096036585365851 0.037262872628726296
13 0.8074186991869917 0.5282294489611562 0.020960365853658538 0.03613369467028001
14 0.6343368902439025 0.33570460704607047 0.022865853658536512 0.041779584462511295
15 0.5495426829268292 0.36957994579945797 0.023501016260162662 0.041779584462511295
16 0.895388719512195 0.5688798554652212 0.016514227642276443 0.033875338753387566
17 0.7877286585365854 0.5920280036133694 0.019690040650406478 0.037262872628726296
18 0.7505716463414633 0.3294941282746161 0.02159552845528457 0.04065040650406507
19 0.8474339430894309 0.8415763324299909 0.017149390243902475 0.03274616079494129
20 0.7896341463414633 0.5429087624209574 0.022230691056910484 0.04065040650406512
21 0.7140497967479675 0.27529358626919603 0.020960365853658538 0.04065040650406502