0 0.0771484375 0.13310185185185186 0.020182291666666668 0.05092592592592592
1 0.4886067708333333 0.02662037037037037 0.038411458333333336 0.05324074074074074
2 0.9137369791666666 0.1244212962962963 0.021484375 0.047453703703703706
3 0.09016927083333333 0.8674768518518519 0.017578125 0.04282407407407408
4 0.4892578125 0.9700231481481482 0.037109375 0.05810185185185185
5 0.8987630208333334 0.8865740740740741 0.022786458333333332 0.04398148148148148
6 0.5791015625 0.47685185185185186 0.025390625 0.04398148148148148
7 0.904296875 0.5949074074074074 0.016927083333333332 0.034722222222222224
14 0.7952473958333334 0.2789351851851852 0.020182291666666668 0.037037037037037035
17 0.9055989583333334 0.22858796296296297 0.018229166666666668 0.03819444444444445
18 0.7594401041666666 0.4820601851851852 0.018880208333333332 0.04050925925925926
19 0.8994140625 0.3431712962962963 0.016276041666666668 0.03587962962962963
20 0.7392578125 0.5115740740740741 0.022786458333333332 0.041666666666666664
21 0.8138020833333334 0.5457175925925926 0.01953125 0.03819444444444445
8 0.775390625 0.5457175925925926 0.020833333333333332 0.04050925925925926
9 0.5908203125 0.9074074074074074 0.022786458333333332 0.037037037037037035
10 0.18522135416666666 0.5931712962962963 0.020182291666666668 0.03356481481481482
11 0.8486328125 0.24421296296296297 0.020182291666666668 0.037037037037037035
12 0.3173828125 0.7847222222222222 0.022786458333333332 0.037037037037037035
13 0.7923177083333334 0.4837962962962963 0.020833333333333332 0.03935185185185185