0 0.07705823293172695 0.1340919232485498 0.027610441767068263 0.042391789379741175
1 0.48901857429718876 0.034805890227577026 0.038278112449799194 0.04685408299866131
2 0.9125878514056225 0.12460954930834452 0.02949297188755023 0.054663096831771535
3 0.08929467871485948 0.8698125836680053 0.02698293172690763 0.05243195002231152
4 0.4896460843373494 0.9696564033913433 0.035768072289156606 0.051316376617581407
5 0.9000376506024097 0.8837572512271308 0.02949297188755023 0.05577867023650156
6 0.6785266064257027 0.4793618920124945 0.020707831325301265 0.03681392235609104
8 0.6418172690763053 0.5184069611780454 0.0225903614457831 0.041276215975011084
10 0.8812123493975903 0.24732262382864798 0.019452811244980002 0.03681392235609104
11 0.7644954819277108 0.537929495760821 0.020707831325301147 0.03569834895136102
12 0.28601907630522094 0.8882195448460509 0.020080321285140576 0.03569834895136102
13 0.8269327309236947 0.30087014725568945 0.020080321285140576 0.03681392235609104
14 0.11376757028112452 0.6506024096385543 0.019452811244979915 0.03123605533244087
17 0.8172063253012049 0.7270191878625614 0.019452811244979884 0.0345827755466309
19 0.3829693775100402 0.9082998661311914 0.023217871485943793 0.037929495760821046
20 0.7331199799196786 0.5117135207496654 0.020707831325301265 0.03681392235609104
21 0.7017444779116465 0.3633422579205712 0.02196285140562253 0.03904506916555106