0 0.07779947916666667 0.13310185185185186 0.024088541666666668 0.05324074074074074
1 0.4895833333333333 0.026041666666666668 0.036458333333333336 0.052083333333333336
2 0.9130859375 0.1267361111111111 0.026692708333333332 0.05439814814814815
3 0.0908203125 0.8721064814814815 0.025390625 0.052083333333333336
4 0.4904444839015152 0.9758101851851851 0.036878551136363666 0.04652777777777778
5 0.8990885416666666 0.8836805555555556 0.028645833333333332 0.056712962962962965
6 0.8935546875 0.5410879629629629 0.017578125 0.04050925925925926
14 0.6376953125 0.10821759259259259 0.021484375 0.04050925925925926
17 0.6354166666666666 0.4513888888888889 0.0234375 0.04398148148148148
18 0.7600911458333334 0.4826388888888889 0.020182291666666668 0.04398148148148148
20 0.7399088541666666 0.5104166666666666 0.024088541666666668 0.03935185185185185
9 0.4954427083333333 0.7089120370370371 0.0234375 0.04513888888888889
10 0.15169270833333334 0.6521990740740741 0.020833333333333332 0.03587962962962963
12 0.3173828125 0.7853009259259259 0.022786458333333332 0.04282407407407408