0 0.0771484375 0.13252314814814814 0.022786458333333332 0.052083333333333336
1 0.490234375 0.027199074074074073 0.03515625 0.05439814814814815
2 0.9130859375 0.12152777777777778 0.024088541666666668 0.05092592592592592
3 0.09114583333333333 0.8692129629629629 0.0234375 0.05324074074074074
4 0.48802806712962965 0.9706018518518519 0.038556134259259287 0.05694444444444444
5 0.8994140625 0.8842592592592593 0.024088541666666668 0.05555555555555555
6 0.2766927083333333 0.5196759259259259 0.022135416666666668 0.04398148148148148
14 0.6145833333333334 0.16550925925925927 0.024739583333333332 0.04398148148148148
17 0.5009765625 0.6840277777777778 0.025390625 0.04398148148148148
18 0.7591145833333334 0.4820601851851852 0.022135416666666668 0.04513888888888889
20 0.7386067708333334 0.5109953703703703 0.021484375 0.04282407407407408
9 0.2666015625 0.27141203703703703 0.025390625 0.04513888888888889
10 0.15201822916666666 0.6521990740740741 0.022786458333333332 0.03819444444444445
12 0.10807291666666667 0.7864583333333334 0.01953125 0.03587962962962963