0 0.07864583333333333 0.13657407407407407 0.0234375 0.053703703703703705
1 0.4895833333333333 0.03148148148148148 0.0390625 0.06018518518518518
2 0.9114583333333334 0.12314814814814815 0.026041666666666668 0.05185185185185185
3 0.09114583333333333 0.8703703703703703 0.025 0.04814814814814815
4 0.48984375 0.9722222222222222 0.03854166666666667 0.05092592592592592
5 0.8981770833333333 0.8861111111111111 0.028125 0.05185185185185185
6 0.3971354166666667 0.10092592592592593 0.021875 0.041666666666666664
14 0.6375 0.10833333333333334 0.021875 0.040740740740740744
17 0.5026041666666666 0.6856481481481481 0.0234375 0.04537037037037037
18 0.7598958333333333 0.48194444444444445 0.020833333333333332 0.04537037037037037
20 0.7395833333333334 0.5101851851851852 0.020833333333333332 0.03888888888888889
9 0.2604166666666667 0.2212962962962963 0.021875 0.041666666666666664
10 0.15234375 0.6509259259259259 0.020833333333333332 0.03611111111111111
12 0.3182291666666667 0.7851851851851852 0.021875 0.04259259259259259