0 0.075 0.13240740740740742 0.0234375 0.04814814814814815
1 0.48828125 0.03148148148148148 0.034375 0.05
2 0.9143229166666667 0.12453703703703704 0.025520833333333333 0.046296296296296294
3 0.0890625 0.8680555555555556 0.025 0.04722222222222222
4 0.4895833333333333 0.9736111111111111 0.034375 0.046296296296296294
5 0.8994791666666667 0.8842592592592593 0.027083333333333334 0.05092592592592592
21 0.7299479166666667 0.3912037037037037 0.022395833333333334 0.03981481481481482
20 0.7908854166666667 0.5439814814814815 0.018229166666666668 0.03611111111111111
19 0.9075520833333334 0.4666666666666667 0.017708333333333333 0.032407407407407406
18 0.8138020833333334 0.4351851851851852 0.020833333333333332 0.037037037037037035
17 0.7794270833333333 0.5796296296296296 0.022395833333333334 0.037037037037037035
16 0.8911458333333333 0.6226851851851852 0.018229166666666668 0.037037037037037035
15 0.5510416666666667 0.37083333333333335 0.023958333333333335 0.041666666666666664
14 0.7013020833333333 0.37453703703703706 0.0234375 0.040740740740740744
13 0.8122395833333333 0.5351851851851852 0.0203125 0.03796296296296296
12 0.09166666666666666 0.1550925925925926 0.015625 0.030555555555555555
11 0.76796875 0.5097222222222222 0.020833333333333332 0.03981481481481482
10 0.6557291666666667 0.21805555555555556 0.025 0.03981481481481482
9 0.9010416666666666 0.649537037037037 0.016666666666666666 0.03981481481481482
8 0.7763020833333333 0.8546296296296296 0.018229166666666668 0.03796296296296296
7 0.7869791666666667 0.1648148148148148 0.018229166666666668 0.03796296296296296
6 0.26796875 0.27870370370370373 0.0203125 0.040740740740740744