0 0.078125 0.13599537037037038 0.0234375 0.047453703703703706
1 0.48828125 0.028356481481481483 0.037760416666666664 0.05439814814814815
2 0.9111328125 0.125 0.025390625 0.05324074074074074
3 0.08919270833333333 0.8703703703703703 0.026041666666666668 0.05092592592592592
4 0.4904427083333333 0.9740740740740741 0.03687499999999998 0.05
5 0.8997395833333334 0.8842592592592593 0.028645833333333332 0.05092592592592592
6 0.6018880208333334 0.7274305555555556 0.024088541666666668 0.04282407407407408
7 0.9033203125 0.5954861111111112 0.018880208333333332 0.04050925925925926
14 0.6376953125 0.109375 0.021484375 0.04050925925925926
17 0.8326822916666666 0.1857638888888889 0.020833333333333332 0.04050925925925926
18 0.7604166666666666 0.4820601851851852 0.022135416666666668 0.04050925925925926
19 0.8990885416666666 0.3431712962962963 0.01953125 0.03819444444444445
20 0.740234375 0.5104166666666666 0.020833333333333332 0.041666666666666664
9 0.5908203125 0.9074074074074074 0.022786458333333332 0.03935185185185185
10 0.18522135416666666 0.5949074074074074 0.021484375 0.03935185185185185
12 0.3170572916666667 0.7853009259259259 0.022135416666666668 0.04050925925925926