0 0.0738058943089431 0.1330171635049684 0.031122967479674794 0.045167118337850046
1 0.4895198170731707 0.029132791327913292 0.03556910569105689 0.05420054200542005
2 0.9134908536585367 0.12341915085817526 0.029852642276422734 0.0575880758807588
3 0.0887322154471545 0.8720641373080397 0.03556910569105692 0.062104787714543856
4 0.4879319105691057 0.9674796747967479 0.04255589430894305 0.05871725383920513
5 0.8976117886178862 0.882226738934056 0.027311991869918728 0.06436314363143641
6 0.29801829268292684 0.23803071364046974 0.026041666666666668 0.04516711833785002
7 0.7807418699186992 0.2973125564588979 0.026041666666666668 0.046296296296296245
8 0.5660569105691057 0.5208897922312556 0.027311991869918728 0.0508130081300813
9 0.536204268292683 0.7032520325203251 0.023501016260162603 0.04516711833785002
10 0.2564151422764228 0.17818428184281843 0.025406504065040667 0.04290876242095754
11 0.7334222560975608 0.4949186991869918 0.025406504065040636 0.046296296296296245
12 0.3577235772357723 0.6885727190605238 0.02731199186991867 0.04065040650406502
14 0.4266387195121951 0.5841237579042456 0.026676829268292696 0.046296296296296294
16 0.33517530487804875 0.6992999096657633 0.024136178861788635 0.046296296296296294
19 0.7435848577235772 0.8630307136404697 0.017784552845528503 0.037262872628726296