0 0.07747395833333333 0.13599537037037038 0.022135416666666668 0.047453703703703706
1 0.4886067708333333 0.03125 0.044921875 0.06018518518518518
2 0.9104817708333334 0.1232638888888889 0.025390625 0.04976851851851852
3 0.09114583333333333 0.8721064814814815 0.022135416666666668 0.056712962962962965
4 0.49117838541666664 0.9740740740740741 0.0357421875 0.05
5 0.8997395833333334 0.8854166666666666 0.026041666666666668 0.04398148148148148
6 0.8707682291666666 0.6880787037037037 0.020182291666666668 0.03819444444444445
14 0.6376953125 0.109375 0.021484375 0.04282407407407408
17 0.5602213541666666 0.5891203703703703 0.024088541666666668 0.04398148148148148
18 0.7587890625 0.4809027777777778 0.021484375 0.04282407407407408
20 0.7389322916666666 0.5121527777777778 0.022135416666666668 0.04050925925925926
9 0.494140625 0.7089120370370371 0.0234375 0.04282407407407408
10 0.15299479166666666 0.6510416666666666 0.020833333333333332 0.03819444444444445
12 0.3167317708333333 0.7853009259259259 0.024088541666666668 0.04282407407407408