0 0.07838541666666667 0.1361111111111111 0.022916666666666665 0.05
1 0.48984375 0.027777777777777776 0.0359375 0.05092592592592592
2 0.9135416666666667 0.125 0.021875 0.053703703703703705
3 0.09088541666666666 0.8694444444444445 0.023958333333333335 0.046296296296296294
4 0.48854166666666665 0.9722222222222222 0.035416666666666666 0.053703703703703705
5 0.8984375 0.8842592592592593 0.025 0.05092592592592592
6 0.5065104166666666 0.6365740740740741 0.025 0.044444444444444446
7 0.9046875 0.5949074074074074 0.01875 0.03888888888888889
14 0.63828125 0.11018518518518519 0.023958333333333335 0.044444444444444446
17 0.8328125 0.18611111111111112 0.020833333333333332 0.037037037037037035
18 0.7591145833333334 0.48148148148148145 0.020833333333333332 0.044444444444444446
19 0.9059895833333333 0.1638888888888889 0.016145833333333335 0.03333333333333333
20 0.73984375 0.5111111111111111 0.022916666666666665 0.040740740740740744
9 0.28932291666666665 0.6814814814814815 0.022916666666666665 0.03888888888888889
10 0.17942708333333332 0.7574074074074074 0.021354166666666667 0.03796296296296296
12 0.3177083333333333 0.7851851851851852 0.025 0.040740740740740744