0 0.078125 0.13703703703703704 0.019791666666666666 0.04722222222222222
1 0.48932291666666666 0.027314814814814816 0.03697916666666667 0.05185185185185185
2 0.91171875 0.1287037037037037 0.025520833333333333 0.04814814814814815
3 0.08984375 0.8712962962962963 0.0234375 0.04814814814814815
4 0.48984375 0.9745370370370371 0.0359375 0.049074074074074076
5 0.8984375 0.8870370370370371 0.027083333333333334 0.04537037037037037
6 0.8934895833333333 0.1814814814814815 0.017708333333333333 0.037037037037037035
7 0.903125 0.5962962962962963 0.018229166666666668 0.03888888888888889
14 0.6369791666666667 0.1087962962962963 0.022916666666666665 0.041666666666666664
17 0.8330729166666667 0.18703703703703703 0.0203125 0.03796296296296296
18 0.7588541666666667 0.48148148148148145 0.023958333333333335 0.03888888888888889
20 0.7385416666666667 0.5115740740740741 0.021354166666666667 0.041666666666666664
9 0.4953125 0.7087962962962963 0.0234375 0.04259259259259259
10 0.15260416666666668 0.6518518518518519 0.0203125 0.03888888888888889
12 0.31796875 0.7833333333333333 0.022916666666666665 0.041666666666666664