1 0.7645833333333333 0.4810185185185185 0.0296875 0.06018518518518518
4 0.23619791666666667 0.4810185185185185 0.028645833333333332 0.062037037037037036
6 0.5278645833333333 0.9675925925925926 0.021354166666666667 0.037037037037037035
7 0.6875 0.9958333333333333 0.019791666666666666 0.008333333333333333
8 0.47291666666666665 0.5694444444444444 0.0234375 0.04259259259259259
10 0.6580729166666667 0.7773148148148148 0.022916666666666665 0.040740740740740744
11 0.44088541666666664 0.8861111111111111 0.022916666666666665 0.03981481481481482
14 0.5705729166666667 0.8578703703703704 0.021354166666666667 0.037037037037037035
15 0.5734375 0.5916666666666667 0.0234375 0.044444444444444446
17 0.45651041666666664 0.9888888888888889 0.021354166666666667 0.022222222222222223
18 0.596875 0.9467592592592593 0.022395833333333334 0.03611111111111111
21 0.56171875 0.9092592592592592 0.022916666666666665 0.03796296296296296