0 0.07877604166666667 0.13657407407407407 0.0234375 0.05324074074074074
1 0.4895833333333333 0.03125 0.0390625 0.06018518518518518
2 0.9114583333333334 0.1232638888888889 0.026041666666666668 0.052083333333333336
3 0.09114583333333333 0.8703703703703703 0.024739583333333332 0.04861111111111111
4 0.4899088541666667 0.9722222222222222 0.038411458333333336 0.05092592592592592
5 0.8981119791666666 0.8859953703703703 0.027994791666666668 0.052083333333333336
6 0.3971354166666667 0.10069444444444445 0.022135416666666668 0.041666666666666664
14 0.6373697916666666 0.10821759259259259 0.022135416666666668 0.04050925925925926
17 0.5026041666666666 0.6857638888888888 0.0234375 0.04513888888888889
18 0.759765625 0.4820601851851852 0.020833333333333332 0.04513888888888889
20 0.7395833333333334 0.5104166666666666 0.020833333333333332 0.03935185185185185
9 0.2604166666666667 0.22106481481481483 0.022135416666666668 0.041666666666666664
10 0.15234375 0.6510416666666666 0.020833333333333332 0.03587962962962963
12 0.318359375 0.7853009259259259 0.022135416666666668 0.04282407407407408