0 0.07444105691056913 0.13358175248419152 0.024771341463414635 0.046296296296296294
2 0.9115853658536586 0.12398373983739841 0.026041666666666668 0.04742547425474255
3 0.09032012195121952 0.869241192411924 0.02350101626016259 0.047425474254742576
4 0.48951981707317066 0.9703026196928635 0.033028455284552824 0.04403794037940374
5 0.8985645325203251 0.883355916892502 0.02921747967479682 0.04855465221318874
6 0.9058689024390243 0.43394308943089427 0.018419715447154417 0.03500451671183379
7 0.7877286585365854 0.1663279132791328 0.020960365853658538 0.035004516711833765
8 0.5390625 0.5479900632339656 0.02159552845528457 0.04403794037940374
9 0.9026930894308942 0.6507452574525745 0.018419715447154417 0.037262872628726296
11 0.7683561991869917 0.5101626016260161 0.022865853658536512 0.03839205058717257
13 0.8105945121951219 0.5344399277326106 0.022230691056910484 0.03952122854561885
14 0.7032520325203252 0.37691960252935863 0.026041666666666668 0.04290876242095757
15 0.5501778455284553 0.3701445347786811 0.023501016260162544 0.04065040650406502
16 0.8960238821138211 0.5700090334236675 0.017784552845528386 0.03387533875338746
17 0.7788363821138212 0.5750903342366757 0.019690040650406478 0.037262872628726296
18 0.7515243902439025 0.3278003613369467 0.0222306910569106 0.03500451671183379
19 0.8991996951219512 0.48588527551942184 0.019054878048780567 0.030487804878048683
20 0.7909044715447154 0.5434733514001806 0.018419715447154535 0.037262872628726296
21 0.7292936991869917 0.39159891598915986 0.0222306910569106 0.038392050587172516