1 0.4882494918699187 0.029132791327913292 0.030487804878048762 0.05194218608852755
2 0.9122205284552846 0.12454832881662152 0.02731199186991861 0.046296296296296294
3 0.0893673780487805 0.8652890695573622 0.025406504065040636 0.04403794037940374
4 0.4888846544715447 0.9719963866305328 0.03429878048780483 0.04516711833785002
5 0.8991996951219512 0.882226738934056 0.02921747967479682 0.04855465221318885
6 0.344067581300813 0.40232610659439927 0.025406504065040636 0.04403794037940374
7 0.7877286585365854 0.1663279132791328 0.020960365853658538 0.03726287262872627
8 0.5908282520325204 0.23294941282746162 0.023501016260162662 0.03952122854561879
9 0.9023755081300813 0.6490514905149051 0.02032520325203251 0.03387533875338746
10 0.655614837398374 0.21770551038843722 0.023501016260162544 0.03839205058717257
11 0.22402184959349594 0.24367660343270095 0.02286585365853657 0.038392050587172516
13 0.8080538617886179 0.5271002710027101 0.020960365853658538 0.04065040650406502
14 0.6349720528455284 0.33683378500451666 0.022865853658536512 0.0440379403794038
15 0.5508130081300813 0.3684507678410117 0.024771341463414604 0.03952122854561879
16 0.8963414634146342 0.5700090334236675 0.018419715447154417 0.03839205058717257
17 0.7870934959349593 0.5903342366757001 0.0222306910569106 0.03839205058717257
18 0.7512068089430894 0.32667118337850043 0.02159552845528457 0.03952122854561879
19 0.8474339430894309 0.8393179765130983 0.020960365853658538 0.030487804878048738
20 0.7915396341463413 0.5446025293586269 0.019690040650406478 0.037262872628726296
21 0.7143673780487805 0.2758581752484191 0.025406504065040636 0.03952122854561879