1 0.76484375 0.48194444444444445 0.0265625 0.062037037037037036
4 0.23411458333333332 0.47962962962962963 0.025 0.062037037037037036
6 0.7184895833333333 0.45787037037037037 0.021354166666666667 0.040740740740740744
7 0.6877604166666667 0.9944444444444445 0.0203125 0.011111111111111112
8 0.29973958333333334 0.9861111111111112 0.021354166666666667 0.027777777777777776
10 0.6596354166666667 0.7759259259259259 0.025 0.040740740740740744
11 0.4942708333333333 0.9777777777777777 0.0203125 0.037037037037037035
14 0.5705729166666667 0.8578703703703704 0.021354166666666667 0.03981481481481482
15 0.5739583333333333 0.5898148148148148 0.025 0.040740740740740744
17 0.4549479166666667 0.9884259259259259 0.0234375 0.023148148148148147
21 0.5611979166666666 0.9083333333333333 0.022395833333333334 0.03611111111111111