0 0.07737198795180728 0.13074520303435969 0.02572791164658635 0.044622936189201254
1 0.4883910642570281 0.03536367692994204 0.037023092369477935 0.052431950022311456
2 0.912274096385542 0.12572512271307457 0.02886546184738954 0.05020080321285139
3 0.08898092369477915 0.8686970102632753 0.027610441767068276 0.05243195002231152
4 0.4899598393574297 0.9696564033913433 0.03514056224899598 0.051316376617581407
5 0.9000376506024097 0.8826416778224007 0.028237951807228847 0.051316376617581407
6 0.2389558232931727 0.35162873717090587 0.02133534136546184 0.037929495760821046
8 0.5451807228915662 0.4843819723337796 0.023845381526104485 0.0423917893797412
10 0.8962725903614458 0.21218206157965194 0.016942771084337355 0.035698348951360995
11 0.8482680722891566 0.2701918786256136 0.020080321285140576 0.033467202141900944
12 0.28664658634538154 0.8871039714413209 0.0225903614457831 0.03569834895136092
13 0.827246485943775 0.30031236055332444 0.020707831325301147 0.037929495760821046
14 0.14420180722891568 0.6154618473895582 0.020080321285140576 0.0345827755466309
17 0.8172063253012049 0.7259036144578314 0.020707831325301265 0.0345827755466309
19 0.3835968875502008 0.9077420794288263 0.023217871485943793 0.03458277554663101
20 0.7331199799196786 0.5111557340473003 0.020707831325301265 0.04016064257028107
21 0.7020582329317269 0.3650156180276662 0.02133534136546184 0.040160642570281124