0 0.07604166666666666 0.13194444444444445 0.023958333333333335 0.04537037037037037
1 0.48854166666666665 0.03287037037037037 0.03229166666666667 0.05277777777777778
2 0.9135416666666667 0.12361111111111112 0.025 0.04814814814814815
3 0.09166666666666666 0.8685185185185185 0.025 0.05092592592592592
4 0.4901041666666667 0.9708333333333333 0.0328125 0.04722222222222222
5 0.9005208333333333 0.8837962962962963 0.028125 0.05
6 0.8283854166666667 0.40185185185185185 0.019791666666666666 0.040740740740740744
7 0.7875 0.16574074074074074 0.019270833333333334 0.03425925925925926
8 0.5359375 0.5282407407407408 0.021354166666666667 0.040740740740740744
9 0.9026041666666667 0.6513888888888889 0.018229166666666668 0.03796296296296296
10 0.6557291666666667 0.2175925925925926 0.025 0.040740740740740744
11 0.7677083333333333 0.5120370370370371 0.021354166666666667 0.03981481481481482
13 0.8111979166666666 0.5337962962962963 0.019791666666666666 0.03611111111111111
14 0.7020833333333333 0.375 0.0234375 0.03981481481481482
15 0.5505208333333333 0.36944444444444446 0.025520833333333333 0.03981481481481482
16 0.8973958333333333 0.5694444444444444 0.017708333333333333 0.032407407407407406
17 0.7791666666666667 0.5787037037037037 0.022916666666666665 0.03981481481481482
18 0.75078125 0.32731481481481484 0.022395833333333334 0.03796296296296296
19 0.90625 0.4634259259259259 0.017708333333333333 0.032407407407407406
20 0.7908854166666667 0.5444444444444444 0.019791666666666666 0.03518518518518519
21 0.7296875 0.3902777777777778 0.021354166666666667 0.03796296296296296