0 0.0765625 0.13055555555555556 0.029166666666666667 0.04259259259259259
1 0.48802083333333335 0.03425925925925926 0.03229166666666667 0.046296296296296294
2 0.9106770833333333 0.12546296296296297 0.0328125 0.062037037037037036
3 0.08776041666666666 0.8699074074074075 0.028645833333333332 0.041666666666666664
4 0.48854166666666665 0.9703703703703703 0.033854166666666664 0.046296296296296294
5 0.8973958333333333 0.8837962962962963 0.0265625 0.05185185185185185
6 0.17161458333333332 0.16805555555555557 0.0234375 0.03796296296296296
9 0.38385416666666666 0.10462962962962963 0.027083333333333334 0.04537037037037037
11 0.76953125 0.5074074074074074 0.023958333333333335 0.046296296296296294
12 0.9002604166666667 0.6060185185185185 0.019791666666666666 0.04259259259259259
17 0.09635416666666667 0.17777777777777778 0.021354166666666667 0.027777777777777776
20 0.08958333333333333 0.4375 0.022395833333333334 0.032407407407407406
21 0.8052083333333333 0.40185185185185185 0.0203125 0.04537037037037037