0 0.07447916666666667 0.13472222222222222 0.022395833333333334 0.046296296296296294
1 0.48828125 0.033796296296296297 0.0328125 0.05185185185185185
2 0.9125 0.12175925925925926 0.022916666666666665 0.04722222222222222
3 0.09010416666666667 0.8703703703703703 0.0265625 0.05185185185185185
4 0.48984375 0.9726851851851852 0.034895833333333334 0.044444444444444446
5 0.89921875 0.8837962962962963 0.028125 0.05185185185185185
6 0.3875 0.23842592592592593 0.025 0.044444444444444446
7 0.7049479166666667 0.11342592592592593 0.022916666666666665 0.037037037037037035
8 0.10494791666666667 0.5199074074074074 0.018229166666666668 0.032407407407407406
9 0.9010416666666666 0.6509259259259259 0.017708333333333333 0.037037037037037035
10 0.5786458333333333 0.1763888888888889 0.0234375 0.03981481481481482
11 0.22395833333333334 0.24259259259259258 0.021354166666666667 0.040740740740740744
13 0.8072916666666666 0.5263888888888889 0.018229166666666668 0.037037037037037035
14 0.5828125 0.6717592592592593 0.025520833333333333 0.040740740740740744
16 0.8953125 0.5703703703703704 0.019270833333333334 0.03518518518518519
17 0.78671875 0.5925925925925926 0.0203125 0.03796296296296296
18 0.7520833333333333 0.3375 0.019791666666666666 0.03611111111111111
20 0.790625 0.5453703703703704 0.0203125 0.040740740740740744
21 0.5924479166666666 0.43148148148148147 0.025520833333333333 0.041666666666666664