0 0.07666412601626019 0.1307588075880759 0.029217479674796747 0.04290876242095754
1 0.4879319105691057 0.034214092140921415 0.032393292682926796 0.046296296296296294
2 0.9106326219512194 0.12567750677506775 0.033028455284552886 0.0621047877145438
3 0.08777947154471546 0.8698057813911472 0.02858231707317073 0.041779584462511295
4 0.48856707317073167 0.9703026196928635 0.03366361788617886 0.046296296296296294
5 0.897294207317073 0.8839205058717253 0.026676829268292696 0.05194218608852747
6 0.17162093495934963 0.16802168021680217 0.023501016260162603 0.038392050587172516
9 0.383765243902439 0.10478771454381211 0.02731199186991867 0.045167118337850046
11 0.7696265243902438 0.5073396567299006 0.024136178861788576 0.046296296296296294
12 0.9001524390243901 0.6061427280939475 0.019690040650406478 0.04290876242095757
17 0.0963541666666667 0.1776196928635953 0.021595528455284556 0.028229448961156263
20 0.08968495934959352 0.437330623306233 0.022230691056910556 0.03274616079494124
21 0.8051956300813008 0.40176151761517614 0.02032520325203251 0.04516711833785002