0 0.07838541666666667 0.13472222222222222 0.022916666666666665 0.04722222222222222
1 0.48932291666666666 0.026851851851851852 0.03958333333333333 0.053703703703703705
2 0.9119791666666667 0.12731481481481483 0.021875 0.053703703703703705
3 0.09010416666666667 0.8722222222222222 0.022916666666666665 0.05
4 0.48984375 0.975 0.035416666666666666 0.04814814814814815
5 0.8989583333333333 0.8842592592592593 0.026041666666666668 0.053703703703703705
6 0.8796875 0.26666666666666666 0.019791666666666666 0.03611111111111111
7 0.9046875 0.5967592592592592 0.016145833333333335 0.03611111111111111
14 0.63671875 0.1087962962962963 0.021875 0.041666666666666664
17 0.8317708333333333 0.18518518518518517 0.0203125 0.041666666666666664
18 0.76015625 0.48194444444444445 0.022916666666666665 0.04259259259259259
19 0.9057291666666667 0.1648148148148148 0.018229166666666668 0.03611111111111111
20 0.7393229166666667 0.5115740740740741 0.022916666666666665 0.03888888888888889
9 0.49453125 0.7083333333333334 0.023958333333333335 0.044444444444444446
10 0.1515625 0.6523148148148148 0.021875 0.03796296296296296
12 0.31666666666666665 0.7851851851851852 0.021354166666666667 0.040740740740740744