0 0.07747395833333333 0.13483796296296297 0.026041666666666668 0.04513888888888889
1 0.4899088541666667 0.028935185185185185 0.037109375 0.05324074074074074
3 0.08951822916666667 0.8692129629629629 0.026692708333333332 0.05092592592592592
4 0.49150855654761905 0.9752314814814815 0.036402529761904744 0.047685185185185185
5 0.9000651041666666 0.8848379629629629 0.022786458333333332 0.059027777777777776
6 0.2757161458333333 0.4513888888888889 0.024088541666666668 0.04398148148148148
14 0.6158854166666666 0.16724537037037038 0.022135416666666668 0.04282407407407408
17 0.5029296875 0.6846064814814815 0.024088541666666668 0.04513888888888889
18 0.7600911458333334 0.4820601851851852 0.022786458333333332 0.04282407407407408
20 0.7392578125 0.5109953703703703 0.021484375 0.04282407407407408
9 0.2666015625 0.27141203703703703 0.024088541666666668 0.04513888888888889
10 0.15234375 0.6516203703703703 0.022135416666666668 0.041666666666666664
12 0.1083984375 0.7731481481481481 0.018880208333333332 0.041666666666666664