0 0.0728531504065041 0.13188798554652212 0.024136178861788617 0.038392050587172544
1 0.4888846544715447 0.030826558265582667 0.03429878048780483 0.0530713640469738
2 0.9141260162601625 0.12398373983739841 0.027311991869918728 0.04742547425474255
3 0.0893673780487805 0.8669828364950315 0.02286585365853657 0.049683830171635024
4 0.4892022357723577 0.972560975609756 0.031122967479674794 0.04177958446251119
5 0.8998348577235772 0.882791327913279 0.025406504065040636 0.04968383017163491
21 0.7296112804878049 0.3899051490514905 0.02286585365853663 0.041779584462511295
20 0.7909044715447154 0.5440379403794038 0.019690040650406478 0.03613369467028001
19 0.9074568089430894 0.4666892502258356 0.019054878048780446 0.03500451671183379
18 0.814087906504065 0.43337850045167114 0.02159552845528457 0.03387533875338752
17 0.7791539634146342 0.5767841011743451 0.02159552845528457 0.03839205058717257
16 0.8909425813008129 0.6213866305329719 0.019054878048780446 0.03500451671183374
15 0.5508130081300813 0.36957994579945797 0.023501016260162544 0.03952122854561879
14 0.7019817073170731 0.3763550135501355 0.022230691056910484 0.03952122854561879
13 0.812182418699187 0.5350045167118337 0.02159552845528457 0.03839205058717257
12 0.09000254065040653 0.15164859981933151 0.016514227642276412 0.03048780487804879
11 0.7680386178861788 0.509598012646793 0.0222306910569106 0.03500451671183374
10 0.6559324186991871 0.21714092140921412 0.022865853658536512 0.0440379403794038
9 0.9023755081300813 0.6496160794941283 0.017784552845528386 0.03500451671183374
8 0.775660569105691 0.855126467931346 0.023501016260162544 0.03952122854561874
7 0.7864583333333334 0.16689250225835592 0.020960365853658538 0.038392050587172516
6 0.10302337398373985 0.16519873532068655 0.01587906504065041 0.030487804878048762