0 0.07682291666666667 0.13310185185185186 0.0234375 0.05092592592592592
1 0.4899088541666667 0.028356481481481483 0.035807291666666664 0.052083333333333336
2 0.9114583333333334 0.12268518518518519 0.026041666666666668 0.046296296296296294
3 0.09147135416666667 0.8703703703703703 0.024088541666666668 0.05092592592592592
4 0.4907788825757576 0.9706018518518519 0.03494318181818183 0.05694444444444444
5 0.8994140625 0.8859953703703703 0.024088541666666668 0.052083333333333336
6 0.7493489583333334 0.11979166666666667 0.0234375 0.03819444444444445
14 0.615234375 0.16782407407407407 0.0234375 0.04398148148148148
17 0.501953125 0.6851851851851852 0.0234375 0.041666666666666664
18 0.7600911458333334 0.48148148148148145 0.022786458333333332 0.041666666666666664
20 0.740234375 0.5115740740740741 0.022135416666666668 0.04398148148148148
9 0.2669270833333333 0.27199074074074076 0.0234375 0.046296296296296294
10 0.15201822916666666 0.6516203703703703 0.022786458333333332 0.037037037037037035
12 0.31640625 0.7841435185185185 0.022135416666666668 0.04282407407407408