1 0.7622395833333333 0.47962962962962963 0.025520833333333333 0.05740740740740741
4 0.234375 0.48194444444444445 0.023958333333333335 0.05555555555555555
6 0.48072916666666665 0.10648148148148148 0.020833333333333332 0.03796296296296296
7 0.6877604166666667 0.9958333333333333 0.019270833333333334 0.008333333333333333
8 0.6997395833333333 0.47129629629629627 0.022395833333333334 0.040740740740740744
10 0.65859375 0.7759259259259259 0.022395833333333334 0.040740740740740744
11 0.64453125 0.014814814814814815 0.021354166666666667 0.02962962962962963
14 0.59140625 0.7398148148148148 0.023958333333333335 0.040740740740740744
15 0.5736979166666667 0.5902777777777778 0.022916666666666665 0.041666666666666664
17 0.44895833333333335 0.9953703703703703 0.019791666666666666 0.009259259259259259
18 0.5971354166666667 0.9476851851851852 0.019270833333333334 0.03425925925925926
21 0.6263020833333334 0.8805555555555555 0.021354166666666667 0.037037037037037035