0 0.07444105691056913 0.13471093044263777 0.024771341463414635 0.0440379403794038
1 0.4892022357723577 0.03195573622402892 0.03493394308943086 0.0485546522131888
2 0.9112677845528455 0.12003161698283651 0.024136178861788694 0.03952122854561879
3 0.0893673780487805 0.8675474254742547 0.02286585365853657 0.046296296296296294
4 0.4892022357723577 0.9697380307136402 0.031122967479674794 0.047425474254742576
5 0.8998348577235772 0.8856142728093945 0.02921747967479682 0.05307136404697385
6 0.42917936991869915 0.13358175248419152 0.024136178861788576 0.041779584462511295
7 0.7045223577235772 0.11382113821138212 0.0222306910569106 0.038392050587172516
8 0.10873983739837399 0.518631436314363 0.01969004065040651 0.03274616079494129
9 0.9023755081300813 0.6484869015356819 0.017784552845528386 0.03500451671183374
10 0.5784425813008129 0.17649051490514905 0.024136178861788576 0.041779584462511295
11 0.224974593495935 0.24311201445347788 0.023501016260162575 0.037262872628726296
13 0.8080538617886179 0.527664859981933 0.019690040650406478 0.03500451671183384
14 0.5819359756097561 0.6738934056007226 0.023501016260162544 0.04516711833785002
16 0.8957063008130081 0.5711382113821137 0.019690040650406478 0.03613369467028001
17 0.7880462398373983 0.5914634146341463 0.02159552845528457 0.03839205058717247
18 0.7521595528455284 0.33796296296296297 0.023501016260162662 0.041779584462511295
20 0.7905868902439025 0.5440379403794038 0.022865853658536512 0.03839205058717257
21 0.5920985772357723 0.43224932249322495 0.026041666666666668 0.04065040650406507