0 0.07602896341463418 0.13075880758807587 0.028744178097014128 0.05110076106135845
1 0.4869791666666667 0.031018518518518518 0.03697916666666667 0.062037037037037036
2 0.9125381097560975 0.11946702800361338 0.03312602848172072 0.05889071730083682
3 0.08809705284552848 0.8748870822041552 0.029217479674796702 0.05194218608852747
5 0.8998348577235772 0.8906955736224028 0.030301982829971052 0.05387019169772632
6 0.5651041666666666 0.5948509485094851 0.022901113284197076 0.04071309028301703
8 0.5441438008130082 0.4864498644986449 0.025564801572025134 0.04544853612804458
10 0.8960238821138211 0.21205962059620595 0.019349017037255816 0.03439825251067711
11 0.8483866869918698 0.26964769647696474 0.020483378425555306 0.03641489497876499
12 0.2843622967479675 0.8884372177055103 0.024269528931075732 0.0431458292108013
13 0.8274263211382114 0.3012646793134598 0.021929213035609744 0.038985267618861875
14 0.14335619918699188 0.6151761517615175 0.02159552845528463 0.03839205058717257
17 0.8185340447154471 0.7269647696476964 0.023320070821501324 0.041457903682669016
19 0.38217733739837395 0.9076332429990964 0.02163285869655288 0.03845841546053845
20 0.732151930894309 0.5112917795844625 0.0271861465434867 0.04833092718842059
21 0.7022992886178862 0.3656278229448961 0.022901113284197076 0.04071309028301713