0 0.07571138211382115 0.12906504065040653 0.02223069105691057 0.0440379403794038
1 0.4888846544715447 0.029132791327913292 0.03429878048780483 0.05420054200542005
2 0.9138084349593496 0.12285456187895212 0.026676829268292696 0.045167118337850046
3 0.08968495934959352 0.8681120144534779 0.022230691056910556 0.049683830171635024
4 0.48856707317073167 0.9703026196928635 0.031122967479674794 0.04855465221318885
5 0.8998348577235772 0.8833559168925021 0.024136178861788576 0.050813008130081196
6 0.502540650406504 0.8596431797651308 0.023501016260162603 0.041779584462511295
7 0.7889989837398375 0.1663279132791328 0.019690040650406478 0.039521228545618764
8 0.775978150406504 0.8528681120144534 0.02032520325203251 0.037262872628726296
9 0.9026930894308942 0.6490514905149051 0.017149390243902475 0.03613369467028001
10 0.65625 0.21770551038843722 0.0222306910569106 0.04516711833785002
11 0.7680386178861788 0.5101626016260161 0.0222306910569106 0.03839205058717257
13 0.8125 0.5350045167118337 0.019690040650406478 0.03613369467028001
14 0.7022992886178863 0.37466124661246614 0.025406504065040636 0.04290876242095757
15 0.5504954268292683 0.3684507678410118 0.022865853658536512 0.041779584462511295
16 0.890625 0.6213866305329719 0.01587906504065041 0.032746160794941186
17 0.7794715447154471 0.5784778681120143 0.022230691056910484 0.037262872628726296
18 0.8137703252032521 0.43394308943089427 0.019690040650406478 0.037262872628726344
19 0.9071392276422763 0.46612466124661245 0.017149390243902354 0.03387533875338752
20 0.7912220528455284 0.54516711833785 0.02032520325203251 0.036133694670280124
21 0.7299288617886179 0.38990514905149054 0.023501016260162662 0.03952122854561879