0 0.078125 0.13425925925925927 0.028125 0.044444444444444446
1 0.4890625 0.032407407407407406 0.03802083333333333 0.04722222222222222
3 0.08932291666666667 0.8708333333333333 0.025520833333333333 0.05277777777777778
4 0.48984375 0.9731481481481481 0.034895833333333334 0.04722222222222222
5 0.8994791666666667 0.8814814814814815 0.028125 0.053703703703703705
6 0.6348958333333333 0.5921296296296297 0.023958333333333335 0.041666666666666664
8 0.6515625 0.5472222222222223 0.0234375 0.041666666666666664
10 0.4734375 0.43425925925925923 0.0234375 0.03981481481481482
11 0.7645833333333333 0.538425925925926 0.020833333333333332 0.03888888888888889
12 0.2859375 0.8861111111111111 0.022395833333333334 0.03796296296296296
13 0.8294270833333334 0.3023148148148148 0.017708333333333333 0.03333333333333333
14 0.11380208333333333 0.6476851851851851 0.015625 0.032407407407407406
15 0.8390625 0.8467592592592592 0.020833333333333332 0.03333333333333333
17 0.8169270833333333 0.7240740740740741 0.017708333333333333 0.03611111111111111
19 0.38333333333333336 0.9087962962962963 0.022395833333333334 0.037037037037037035
20 0.7322916666666667 0.5125 0.021354166666666667 0.03796296296296296
21 0.7018229166666666 0.3648148148148148 0.0234375 0.03981481481481482