0 0.07444105691056913 0.13132339656729902 0.027311991869918697 0.0530713640469738
1 0.48824949186991873 0.03195573622402892 0.03429878048780489 0.0440379403794038
2 0.9128556910569104 0.12511291779584463 0.02858231707317067 0.04742547425474255
3 0.08746189024390245 0.8686766034327008 0.025406504065040636 0.04855465221318874
4 0.48856707317073167 0.972560975609756 0.03366361788617886 0.046296296296296294
5 0.8976117886178862 0.882791327913279 0.027311991869918728 0.05194218608852747
6 0.19702743902439027 0.7264001806684732 0.020960365853658538 0.037262872628726296
7 0.6416412601626017 0.8472222222222221 0.0222306910569106 0.03952122854561885
8 0.8277439024390243 0.1330171635049684 0.0222306910569106 0.038392050587172544
9 0.4307672764227642 0.6987353206865401 0.023501016260162603 0.04290876242095757
11 0.41647611788617883 0.802055103884372 0.024136178861788576 0.041779584462511295
12 0.5679623983739838 0.8777100271002709 0.0222306910569106 0.03952122854561874
13 0.8804623983739838 0.5897696476964769 0.019690040650406478 0.037262872628726296
14 0.24720528455284552 0.3836946702800361 0.023501016260162603 0.03839205058717257
15 0.8385416666666666 0.5383920505871724 0.019690040650406478 0.04065040650406512
16 0.7991615853658537 0.6795392953929538 0.0222306910569106 0.03839205058717247
17 0.7296112804878049 0.4954832881662149 0.02286585365853663 0.04065040650406502
18 0.892212906504065 0.5112917795844624 0.017784552845528386 0.04065040650406502
19 0.7994791666666666 0.5863821138211381 0.02032520325203251 0.037262872628726296
20 0.6737169715447154 0.5621047877145438 0.02286585365853663 0.04065040650406502