0 0.08385416666666666 0.11944444444444445 0.027083333333333334 0.04722222222222222
1 0.4973958333333333 0.02638888888888889 0.03125 0.046296296296296294
2 0.9208333333333333 0.11851851851851852 0.0265625 0.04537037037037037
3 0.09348958333333333 0.8555555555555555 0.028645833333333332 0.04259259259259259
4 0.49557291666666664 0.962037037037037 0.0296875 0.05648148148148148
5 0.9065104166666667 0.8782407407407408 0.028645833333333332 0.04722222222222222
6 0.2484375 0.11064814814814815 0.022395833333333334 0.040740740740740744
7 0.5770833333333333 0.3851851851851852 0.028125 0.044444444444444446
8 0.7013020833333333 0.8189814814814815 0.020833333333333332 0.041666666666666664
9 0.47578125 0.2074074074074074 0.0234375 0.04259259259259259
10 0.5619791666666667 0.9097222222222222 0.021354166666666667 0.03796296296296296
11 0.5083333333333333 0.4615740740740741 0.028645833333333332 0.04722222222222222
12 0.4895833333333333 0.10833333333333334 0.0265625 0.040740740740740744
13 0.29296875 0.6990740740740741 0.0234375 0.03981481481481482
14 0.3815104166666667 0.14583333333333334 0.023958333333333335 0.041666666666666664
15 0.5216145833333333 0.38472222222222224 0.0234375 0.04259259259259259
16 0.2869791666666667 0.15324074074074073 0.022916666666666665 0.040740740740740744
17 0.82265625 0.8546296296296296 0.020833333333333332 0.03796296296296296
18 0.42578125 0.46296296296296297 0.028645833333333332 0.05
19 0.5119791666666667 0.7337962962962963 0.022395833333333334 0.03796296296296296
20 0.6731770833333334 0.2564814814814815 0.0265625 0.044444444444444446
21 0.8455729166666667 0.5481481481481482 0.020833333333333332 0.041666666666666664