0 0.07708333333333334 0.13657407407407407 0.023958333333333335 0.04814814814814815
1 0.48854166666666665 0.025 0.03697916666666667 0.05
2 0.9125 0.12546296296296297 0.022916666666666665 0.05648148148148148
3 0.09088541666666666 0.8726851851851852 0.022916666666666665 0.05092592592592592
4 0.48802083333333335 0.9745370370370371 0.0359375 0.049074074074074076
5 0.8984375 0.888425925925926 0.025 0.04722222222222222
6 0.8911458333333333 0.29212962962962963 0.018229166666666668 0.03796296296296296
7 0.9033854166666667 0.5953703703703703 0.017708333333333333 0.03333333333333333
14 0.6369791666666667 0.1087962962962963 0.022916666666666665 0.041666666666666664
17 0.8317708333333333 0.18611111111111112 0.0203125 0.041666666666666664
18 0.7591145833333334 0.4824074074074074 0.021875 0.03888888888888889
19 0.8986979166666667 0.34305555555555556 0.017708333333333333 0.03611111111111111
20 0.73828125 0.5111111111111111 0.021875 0.03796296296296296
8 0.7755208333333333 0.5462962962962963 0.020833333333333332 0.03888888888888889
9 0.590625 0.9078703703703703 0.0234375 0.03796296296296296
10 0.18541666666666667 0.5953703703703703 0.020833333333333332 0.03796296296296296
12 0.31640625 0.7851851851851852 0.021875 0.040740740740740744
13 0.79140625 0.28888888888888886 0.023958333333333335 0.040740740740740744