0 0.07786458333333333 0.13333333333333333 0.022916666666666665 0.04814814814814815
1 0.4908854166666667 0.027777777777777776 0.0375 0.053703703703703705
2 0.91171875 0.12731481481481483 0.025520833333333333 0.053703703703703705
3 0.090625 0.8722222222222222 0.025 0.05185185185185185
4 0.48984375 0.9773148148148149 0.0359375 0.04259259259259259
5 0.8994791666666667 0.8847222222222222 0.021354166666666667 0.05185185185185185
6 0.8330729166666667 0.3449074074074074 0.01875 0.041666666666666664
7 0.90390625 0.5962962962962963 0.016145833333333335 0.037037037037037035
14 0.7953125 0.2796296296296296 0.01875 0.03796296296296296
17 0.8424479166666666 0.16666666666666666 0.018229166666666668 0.03888888888888889
18 0.7588541666666667 0.48194444444444445 0.021354166666666667 0.03796296296296296
19 0.8986979166666667 0.34305555555555556 0.017708333333333333 0.03796296296296296
20 0.7390625 0.5111111111111111 0.020833333333333332 0.03796296296296296
21 0.8138020833333334 0.5453703703703704 0.019791666666666666 0.03888888888888889
8 0.77578125 0.5435185185185185 0.021354166666666667 0.03611111111111111
9 0.58984375 0.9069444444444444 0.0234375 0.03796296296296296
10 0.18541666666666667 0.5949074074074074 0.020833333333333332 0.03518518518518519
11 0.8484375 0.24351851851851852 0.018229166666666668 0.040740740740740744
12 0.3177083333333333 0.7847222222222222 0.0234375 0.03888888888888889
13 0.79453125 0.48518518518518516 0.021354166666666667 0.041666666666666664