0 0.07779947916666667 0.13657407407407407 0.024088541666666668 0.04861111111111111
1 0.4895833333333333 0.02662037037037037 0.036458333333333336 0.05092592592592592
2 0.9124348958333334 0.12789351851851852 0.026692708333333332 0.052083333333333336
3 0.09114583333333333 0.8709490740740741 0.024739583333333332 0.04976851851851852
4 0.48826878324468087 0.9734953703703704 0.03122506648936169 0.05115740740740741
5 0.8994140625 0.8888888888888888 0.025390625 0.05555555555555555
6 0.5924479166666666 0.5532407407407407 0.0234375 0.04398148148148148
7 0.9046223958333334 0.5978009259259259 0.016276041666666668 0.03587962962962963
14 0.6373697916666666 0.109375 0.022135416666666668 0.03819444444444445
17 0.8326822916666666 0.18460648148148148 0.020833333333333332 0.04050925925925926
18 0.7600911458333334 0.4826388888888889 0.021484375 0.04398148148148148
19 0.8990885416666666 0.3425925925925926 0.020833333333333332 0.03935185185185185
20 0.7392578125 0.5115740740740741 0.021484375 0.03935185185185185
9 0.5914713541666666 0.9068287037037037 0.021484375 0.03587962962962963
10 0.18522135416666666 0.5954861111111112 0.020182291666666668 0.04050925925925926
12 0.3177083333333333 0.7853009259259259 0.022135416666666668 0.04282407407407408
13 0.791015625 0.28877314814814814 0.022135416666666668 0.03819444444444445