0 0.07779947916666667 0.13773148148148148 0.020182291666666668 0.04398148148148148
1 0.4895833333333333 0.02546296296296296 0.03515625 0.05092592592592592
2 0.9127604166666666 0.1255787037037037 0.022135416666666668 0.04282407407407408
3 0.08919270833333333 0.8715277777777778 0.020833333333333332 0.04861111111111111
4 0.4895833333333333 0.9734953703703704 0.03515625 0.05115740740740741
5 0.8987630208333334 0.8859953703703703 0.021484375 0.04282407407407408
6 0.5465494791666666 0.4131944444444444 0.024088541666666668 0.041666666666666664
7 0.9039713541666666 0.5966435185185185 0.017578125 0.03356481481481482
14 0.794921875 0.2800925925925926 0.020833333333333332 0.03935185185185185
15 0.8063151041666666 0.7401620370370371 0.017578125 0.03356481481481482
16 0.7076822916666666 0.7326388888888888 0.020833333333333332 0.037037037037037035
17 0.9046223958333334 0.22800925925925927 0.018880208333333332 0.037037037037037035
18 0.7591145833333334 0.4809027777777778 0.022135416666666668 0.04050925925925926
19 0.8997395833333334 0.3431712962962963 0.016927083333333332 0.03356481481481482
20 0.7392578125 0.5115740740740741 0.022786458333333332 0.037037037037037035
21 0.8141276041666666 0.5451388888888888 0.022786458333333332 0.037037037037037035
8 0.775390625 0.5451388888888888 0.020833333333333332 0.03935185185185185
9 0.5908203125 0.9079861111111112 0.022786458333333332 0.03819444444444445
10 0.185546875 0.5954861111111112 0.020833333333333332 0.03587962962962963
11 0.8470052083333334 0.24537037037037038 0.01953125 0.03935185185185185
12 0.31640625 0.7841435185185185 0.020833333333333332 0.03819444444444445
13 0.7942708333333334 0.4832175925925926 0.018229166666666668 0.04282407407407408