0 0.0765625 0.13240740740740742 0.025520833333333333 0.044444444444444446
1 0.48802083333333335 0.03287037037037037 0.0296875 0.04814814814814815
2 0.9135416666666667 0.12268518518518519 0.027083333333333334 0.05
3 0.09192708333333334 0.8703703703703703 0.029166666666666667 0.05
4 0.48932291666666666 0.9722222222222222 0.033854166666666664 0.04722222222222222
5 0.8989583333333333 0.8837962962962963 0.026041666666666668 0.05185185185185185
6 0.3611979166666667 0.2712962962962963 0.025520833333333333 0.03981481481481482
7 0.7869791666666667 0.16527777777777777 0.020833333333333332 0.03518518518518519
8 0.7763020833333333 0.8532407407407407 0.020833333333333332 0.03611111111111111
9 0.90234375 0.65 0.017708333333333333 0.03611111111111111
10 0.6559895833333333 0.2175925925925926 0.021354166666666667 0.03796296296296296
11 0.7682291666666666 0.5101851851851852 0.0203125 0.03796296296296296
13 0.8111979166666666 0.5342592592592592 0.019791666666666666 0.037037037037037035
14 0.7020833333333333 0.37453703703703706 0.022395833333333334 0.03796296296296296
15 0.5505208333333333 0.37083333333333335 0.022916666666666665 0.044444444444444446
16 0.8903645833333333 0.6212962962962963 0.017708333333333333 0.03518518518518519
17 0.7794270833333333 0.5777777777777777 0.020833333333333332 0.03796296296296296
18 0.8140625 0.4356481481481482 0.022916666666666665 0.03796296296296296
19 0.9065104166666667 0.46574074074074073 0.0171875 0.030555555555555555
20 0.7908854166666667 0.5453703703703704 0.020833333333333332 0.040740740740740744
21 0.7299479166666667 0.3912037037037037 0.022395833333333334 0.03981481481481482