0 0.07539380081300816 0.13414634146341464 0.024136178861788617 0.045167118337850046
1 0.4892022357723577 0.034778681120144546 0.03366361788617886 0.05420054200542006
2 0.9134908536585366 0.1262420957542909 0.026041666666666668 0.049683830171635045
3 0.09063770325203253 0.8681120144534779 0.025406504065040636 0.047425474254742465
4 0.4892022357723577 0.9714317976513097 0.03239329268292686 0.04403794037940374
5 0.8982469512195121 0.8873080397470641 0.026041666666666668 0.051942186088527575
6 0.18781758130081302 0.36957994579945797 0.02159552845528457 0.041779584462511295
7 0.7867759146341463 0.16689250225835592 0.02159552845528457 0.04065040650406502
8 0.5920985772357723 0.23520776874435412 0.026041666666666668 0.03952122854561879
9 0.9023755081300813 0.6484869015356819 0.019054878048780446 0.03274616079494129
10 0.655614837398374 0.21883468834688347 0.024771341463414604 0.04290876242095752
11 0.22370426829268292 0.243676603432701 0.02223069105691057 0.04516711833785002
13 0.8067835365853658 0.5299232158988256 0.019690040650406478 0.037262872628726296
14 0.6340193089430894 0.33626919602529354 0.026041666666666668 0.04290876242095752
16 0.8966590447154471 0.5700090334236675 0.017784552845528386 0.03387533875338746
17 0.7867759146341463 0.5914634146341463 0.02159552845528457 0.04065040650406502
18 0.7508892276422763 0.3278003613369467 0.020960365853658538 0.03952122854561879
20 0.7921747967479675 0.5440379403794038 0.0222306910569106 0.03613369467028001
21 0.7137322154471544 0.27585817524841916 0.02286585365853663 0.041779584462511295