0 0.07786458333333333 0.13472222222222222 0.023958333333333335 0.04259259259259259
1 0.48854166666666665 0.026851851851851852 0.03697916666666667 0.053703703703703705
2 0.9114583333333334 0.12268518518518519 0.0234375 0.04814814814814815
3 0.090625 0.8675925925925926 0.020833333333333332 0.04537037037037037
4 0.4890625 0.9745370370370371 0.035416666666666666 0.05092592592592592
5 0.8963541666666667 0.8870370370370371 0.0234375 0.04722222222222222
6 0.5463541666666667 0.41203703703703703 0.026041666666666668 0.044444444444444446
7 0.9046875 0.5962962962962963 0.017708333333333333 0.037037037037037035
14 0.7940104166666667 0.28055555555555556 0.021354166666666667 0.03796296296296296
15 0.80625 0.7407407407407407 0.01875 0.03518518518518519
16 0.7072916666666667 0.7337962962962963 0.021354166666666667 0.037037037037037035
17 0.9052083333333333 0.22916666666666666 0.017708333333333333 0.03518518518518519
18 0.759375 0.4810185185185185 0.021354166666666667 0.040740740740740744
19 0.9 0.34444444444444444 0.017708333333333333 0.03333333333333333
20 0.73828125 0.5101851851851852 0.020833333333333332 0.03888888888888889
21 0.8140625 0.5444444444444444 0.01875 0.03611111111111111
8 0.77578125 0.5453703703703704 0.0203125 0.037037037037037035
9 0.5908854166666667 0.9064814814814814 0.021354166666666667 0.03888888888888889
10 0.18463541666666666 0.5949074074074074 0.021354166666666667 0.03518518518518519
11 0.8473958333333333 0.24305555555555555 0.017708333333333333 0.03888888888888889
12 0.31666666666666665 0.7851851851851852 0.021354166666666667 0.040740740740740744
13 0.79375 0.48148148148148145 0.019791666666666666 0.041666666666666664