0 0.07760416666666667 0.13518518518518519 0.021875 0.04814814814814815
1 0.48828125 0.028703703703703703 0.0390625 0.05555555555555555
2 0.9135416666666667 0.1287037037037037 0.026041666666666668 0.05555555555555555
3 0.09088541666666666 0.8731481481481481 0.025520833333333333 0.05
4 0.4901041666666667 0.9740740740740741 0.03958333333333333 0.05
6 0.8614583333333333 0.14166666666666666 0.021875 0.03611111111111111
14 0.6377604166666667 0.10833333333333334 0.021354166666666667 0.04259259259259259
17 0.7877604166666666 0.13842592592592592 0.021875 0.040740740740740744
18 0.759375 0.47962962962962963 0.022916666666666665 0.04259259259259259
20 0.73828125 0.5101851851851852 0.021875 0.041666666666666664
9 0.49453125 0.7078703703703704 0.023958333333333335 0.04259259259259259
10 0.153125 0.6518518518518519 0.020833333333333332 0.041666666666666664
12 0.31744791666666666 0.7842592592592592 0.021354166666666667 0.04259259259259259