0 0.07705823293172695 0.13186077643908972 0.027610441767068263 0.04462293618920124
1 0.48933232931726905 0.03369031682284699 0.03388554216867471 0.05131637661758143
2 0.9113328313253012 0.12182061579651944 0.025727911646586322 0.05131637661758143
3 0.09023594377510044 0.8720437304774653 0.026355421686746983 0.05466309683177144
4 0.48870481927710846 0.969098616688978 0.03639558232931724 0.04796965640339147
5 0.899410140562249 0.8831994645247657 0.026982931726907584 0.05466309683177155
6 0.4767821285140562 0.22222222222222224 0.02259036144578316 0.040160642570281124
7 0.7437876506024097 0.44533690316822844 0.02196285140562253 0.040160642570281124
8 0.8081074297188755 0.5903614457831325 0.01882530120481931 0.03569834895136102
9 0.6286395582329317 0.6656626506024096 0.022590361445783223 0.04127621597501119
10 0.7249623493975903 0.26572958500669347 0.02196285140562253 0.037929495760821046
11 0.7657505020080322 0.5390450691655511 0.020707831325301265 0.037929495760821046
12 0.5163152610441767 0.29640785363676936 0.02510040160642569 0.04127621597501114
13 0.7538278112449799 0.2958500669344043 0.020707831325301147 0.040160642570281124
14 0.6772715863453815 0.22612672913877738 0.02196285140562253 0.03681392235609104
15 0.8956450803212851 0.7521195894689869 0.015687751004015975 0.033467202141900895
16 0.8237951807228915 0.8759482373940205 0.017570281124498047 0.033467202141900895
17 0.7051957831325301 0.6500446229361893 0.022590361445783223 0.03904506916555106
18 0.8846636546184737 0.3376840696117805 0.020080321285140576 0.03904506916555106
19 0.5727911646586344 0.3348951360999554 0.0225903614457831 0.037929495760821046
20 0.7331199799196786 0.5111557340473003 0.019452811244979884 0.04016064257028107
21 0.20789407630522092 0.4347389558232932 0.019452811244979915 0.03458277554663096