0 0.07786458333333333 0.13425925925925927 0.022916666666666665 0.05092592592592592
1 0.4908854166666667 0.030555555555555555 0.0390625 0.05
2 0.91171875 0.12407407407407407 0.025520833333333333 0.06481481481481481
3 0.09166666666666666 0.8731481481481481 0.026041666666666668 0.05462962962962963
4 0.48984375 0.9745370370370371 0.03854166666666667 0.04814814814814815
5 0.9010416666666666 0.887962962962963 0.0234375 0.04814814814814815
6 0.28515625 0.5930555555555556 0.025 0.04259259259259259
14 0.61484375 0.16620370370370371 0.022916666666666665 0.04537037037037037
17 0.5026041666666666 0.6861111111111111 0.025 0.041666666666666664
18 0.7598958333333333 0.48148148148148145 0.0234375 0.041666666666666664
20 0.7395833333333334 0.5101851851851852 0.021875 0.03888888888888889
9 0.26614583333333336 0.2712962962962963 0.0234375 0.040740740740740744
10 0.15260416666666668 0.6518518518518519 0.021354166666666667 0.03888888888888889
12 0.10885416666666667 0.8166666666666667 0.020833333333333332 0.03148148148148148