1 0.7604166666666666 0.4787037037037037 0.025 0.06666666666666667
4 0.23541666666666666 0.48194444444444445 0.027083333333333334 0.058333333333333334
6 0.6236979166666666 0.9115740740740741 0.021354166666666667 0.03796296296296296
8 0.46536458333333336 0.7606481481481482 0.022395833333333334 0.03888888888888889
9 0.39114583333333336 0.7018518518518518 0.021875 0.03796296296296296
10 0.5877604166666667 0.625462962962963 0.023958333333333335 0.041666666666666664
11 0.4786458333333333 0.9712962962962963 0.021354166666666667 0.037037037037037035
12 0.28098958333333335 0.11898148148148148 0.0203125 0.03888888888888889
19 0.2716145833333333 0.2912037037037037 0.0203125 0.04259259259259259
20 0.4942708333333333 0.9120370370370371 0.021354166666666667 0.03425925925925926
21 0.5763020833333333 0.8601851851851852 0.020833333333333332 0.03796296296296296