1 0.23619791666666667 0.5189814814814815 0.025520833333333333 0.06666666666666667
4 0.7653645833333333 0.5166666666666667 0.0265625 0.06481481481481481
6 0.37552083333333336 0.08796296296296297 0.020833333333333332 0.037037037037037035
8 0.5348958333333333 0.24027777777777778 0.021875 0.03981481481481482
9 0.60859375 0.29768518518518516 0.022395833333333334 0.037037037037037035
11 0.5216145833333333 0.029166666666666667 0.021875 0.03333333333333333
12 0.7177083333333333 0.8796296296296297 0.0203125 0.037037037037037035
10 0.43515625 0.45416666666666666 0.0234375 0.04259259259259259
19 0.7296875 0.7078703703703704 0.022395833333333334 0.03888888888888889
20 0.5065104166666666 0.08611111111111111 0.0234375 0.03611111111111111
21 0.4239583333333333 0.1412037037037037 0.021354166666666667 0.041666666666666664