0 0.07507621951219515 0.13019421860885277 0.02223069105691057 0.041779584462511295
1 0.4892022357723577 0.031955736224028926 0.03493394308943086 0.055329719963866306
2 0.9138084349593496 0.12511291779584463 0.02794715447154476 0.04742547425474255
3 0.09032012195121954 0.8675474254742546 0.027311991869918697 0.04855465221318874
4 0.4888846544715447 0.9714317976513097 0.033028455284552886 0.04403794037940374
5 0.8991996951219512 0.8861788617886178 0.02794715447154476 0.051942186088527575
21 0.7286585365853658 0.38990514905149054 0.023501016260162544 0.03952122854561879
20 0.7909044715447154 0.5446025293586267 0.019690040650406478 0.03274616079494129
19 0.9065040650406504 0.46499548328816614 0.01587906504065041 0.02935862691960251
18 0.8131351626016259 0.43337850045167114 0.020960365853658538 0.03613369467028007
17 0.7791539634146342 0.5779132791327912 0.02032520325203251 0.036133694670280124
16 0.8912601626016259 0.6208220415537488 0.015879065040650293 0.03613369467028001
15 0.5504954268292683 0.37070912375790427 0.022865853658536512 0.041779584462511295
14 0.7019817073170731 0.37466124661246614 0.023501016260162544 0.03839205058717257
13 0.8118648373983739 0.53613369467028 0.019690040650406478 0.036133694670280124
12 0.09159044715447155 0.1527777777777778 0.018419715447154462 0.03048780487804879
11 0.7683561991869918 0.5107271906052393 0.02159552845528457 0.03952122854561885
10 0.655614837398374 0.2171409214092141 0.022230691056910484 0.041779584462511295
9 0.9023755081300813 0.6501806684733513 0.017784552845528386 0.03613369467028001
7 0.7870934959349593 0.16463414634146342 0.020960365853658538 0.04065040650406502
6 0.26784806910569103 0.2803748870822041 0.021595528455284542 0.03952122854561879