1 0.7635416666666667 0.48194444444444445 0.027604166666666666 0.06018518518518518
4 0.23854166666666668 0.4810185185185185 0.0234375 0.06481481481481481
6 0.6127604166666667 0.9393518518518519 0.021875 0.03611111111111111
7 0.53046875 0.9337962962962963 0.021875 0.03796296296296296
8 0.46484375 0.7592592592592593 0.022395833333333334 0.041666666666666664
9 0.39114583333333336 0.700925925925926 0.021875 0.03796296296296296
10 0.665625 0.9009259259259259 0.0203125 0.03888888888888889
11 0.4791666666666667 0.9703703703703703 0.022395833333333334 0.037037037037037035
12 0.29375 0.1439814814814815 0.020833333333333332 0.03796296296296296
17 0.3770833333333333 0.9925925925925926 0.020833333333333332 0.014814814814814815
19 0.2869791666666667 0.30462962962962964 0.019270833333333334 0.03981481481481482
20 0.4934895833333333 0.913425925925926 0.021875 0.03888888888888889
21 0.3640625 0.8324074074074074 0.021875 0.03611111111111111