0 0.07571138211382115 0.13358175248419152 0.024771341463414635 0.0485546522131888
1 0.4888846544715447 0.03139114724480579 0.033028455284552886 0.049683830171635045
2 0.9128556910569104 0.12285456187895212 0.027311991869918728 0.04742547425474255
3 0.0893673780487805 0.8658536585365852 0.024136178861788603 0.04968383017163513
4 0.4888846544715447 0.9719963866305328 0.03175813008130082 0.042908762420957466
5 0.8991996951219512 0.8844850948509483 0.02794715447154476 0.0508130081300813
6 0.8321900406504065 0.14826106594399277 0.018419715447154535 0.03500451671183379
7 0.7870934959349593 0.1663279132791328 0.020960365853658538 0.035004516711833765
8 0.5905106707317073 0.23464317976513097 0.024136178861788694 0.038392050587172516
9 0.9017403455284553 0.6501806684733513 0.017784552845528386 0.03839205058717257
10 0.655614837398374 0.21883468834688347 0.023501016260162544 0.04065040650406507
11 0.22529217479674798 0.24480578139114723 0.021595528455284542 0.04065040650406502
13 0.8080538617886179 0.5271002710027101 0.0222306910569106 0.036133694670280124
14 0.6349720528455284 0.33570460704607047 0.024136178861788576 0.041779584462511295
16 0.894753556910569 0.5700090334236675 0.02032520325203251 0.03613369467028001
17 0.7870934959349593 0.5914634146341463 0.020960365853658538 0.03839205058717247
18 0.7512068089430894 0.3261065943992773 0.02032520325203251 0.03613369467028001
20 0.7909044715447154 0.5457317073170731 0.020960365853658538 0.03500451671183384
21 0.7140497967479675 0.2764227642276422 0.023501016260162662 0.04516711833785007