0 0.07708333333333334 0.13518518518518519 0.022916666666666665 0.044444444444444446
1 0.48828125 0.025 0.0375 0.05
2 0.9135416666666667 0.125 0.026041666666666668 0.05092592592592592
4 0.4895833333333333 0.9712962962962963 0.0375 0.05555555555555555
5 0.8989583333333333 0.8851851851851852 0.026041666666666668 0.05092592592592592
6 0.9 0.27824074074074073 0.017708333333333333 0.03611111111111111
7 0.9041666666666667 0.5962962962962963 0.018229166666666668 0.037037037037037035
14 0.79453125 0.2796296296296296 0.0203125 0.03796296296296296
17 0.8919270833333334 0.19212962962962962 0.018229166666666668 0.03518518518518519
18 0.7598958333333333 0.48148148148148145 0.020833333333333332 0.03888888888888889
19 0.8997395833333334 0.34444444444444444 0.016666666666666666 0.03148148148148148
20 0.7390625 0.5111111111111111 0.020833333333333332 0.03796296296296296
21 0.8138020833333334 0.5453703703703704 0.0234375 0.03888888888888889
8 0.7755208333333333 0.5458333333333333 0.021875 0.03796296296296296
9 0.5901041666666667 0.9064814814814814 0.025520833333333333 0.037037037037037035
11 0.8479166666666667 0.24444444444444444 0.0203125 0.037037037037037035
12 0.31744791666666666 0.7842592592592592 0.021354166666666667 0.040740740740740744
13 0.7940104166666667 0.4837962962962963 0.021354166666666667 0.03888888888888889