0 0.07737198795180728 0.13074520303435969 0.02823795180722891 0.046854082998661305
1 0.4883910642570281 0.03424810352521201 0.038278112449799194 0.04796965640339134
2 0.9125878514056225 0.12516733601070956 0.028237951807228847 0.04685408299866132
3 0.0883534136546185 0.8709281570727354 0.027610441767068263 0.052431950022311415
4 0.48901857429718876 0.9707719767960732 0.03702309236947787 0.046854082998661145
5 0.8981551204819277 0.8820838911200357 0.026982931726907584 0.04796965640339137
6 0.5960090361445783 0.4241410084783579 0.0225903614457831 0.0423917893797412
7 0.7428463855421688 0.45983935742971893 0.020080321285140576 0.03569834895136108
14 0.8925075301204818 0.2690763052208836 0.01819779116465874 0.03569834895136102
15 0.8074799196787148 0.605979473449353 0.01882530120481931 0.033467202141901
16 0.7742218875502007 0.6595269968763945 0.020080321285140576 0.037929495760821046
17 0.722766064257028 0.5831102186523873 0.0225903614457831 0.039045069165551165
18 0.803714859437751 0.427487728692548 0.020080321285140576 0.03569834895136102
19 0.6960968875502008 0.27967425256581885 0.020707831325301147 0.03904506916555106
20 0.732492469879518 0.5105979473449352 0.019452811244980002 0.03681392235609104
21 0.7073920682730924 0.8993752788933511 0.020707831325301265 0.03569834895136092
8 0.8510918674698795 0.5362561356537261 0.019452811244979884 0.03458277554663101
9 0.689508032128514 0.5725122713074521 0.0225903614457831 0.037929495760821046
10 0.7240210843373495 0.42971887550200805 0.02133534136546184 0.0379294957608211
11 0.7582203815261044 0.535140562248996 0.019452811244979884 0.03458277554663101
12 0.6606425702811245 0.33266398929049534 0.02133534136546184 0.037929495760821046
13 0.7506902610441767 0.3995983935742972 0.02196285140562253 0.037929495760821046