1 0.7630208333333334 0.4810185185185185 0.029166666666666667 0.062037037037037036
4 0.234375 0.47962962962962963 0.028125 0.05740740740740741
6 0.5669270833333333 0.1125 0.022395833333333334 0.03981481481481482
7 0.6872395833333333 0.9958333333333333 0.021354166666666667 0.008333333333333333
8 0.6486979166666667 0.6597222222222222 0.021354166666666667 0.040740740740740744
10 0.6575520833333334 0.7773148148148148 0.021354166666666667 0.040740740740740744
11 0.6434895833333333 0.015277777777777777 0.022395833333333334 0.030555555555555555
14 0.59140625 0.7393518518518518 0.023958333333333335 0.044444444444444446
17 0.4473958333333333 0.9962962962962963 0.020833333333333332 0.007407407407407408
18 0.596875 0.9467592592592593 0.0234375 0.03796296296296296
21 0.6247395833333333 0.8800925925925925 0.0234375 0.040740740740740744