0 0.075 0.13518518518518519 0.027083333333333334 0.05185185185185185
1 0.48828125 0.032407407407407406 0.03802083333333333 0.05
2 0.9111979166666667 0.12453703703703704 0.0265625 0.044444444444444446
3 0.0890625 0.8685185185185185 0.028645833333333332 0.06018518518518518
4 0.4890625 0.9689814814814814 0.0359375 0.06018518518518518
5 0.9002604166666667 0.8851851851851852 0.025 0.058333333333333334
7 0.6809895833333334 0.48148148148148145 0.027083333333333334 0.04351851851851852
8 0.5549479166666667 0.2810185185185185 0.024479166666666666 0.04814814814814815
9 0.7328125 0.4726851851851852 0.023958333333333335 0.041666666666666664
10 0.68125 0.538425925925926 0.0265625 0.04537037037037037
11 0.7651041666666667 0.17824074074074073 0.021875 0.041666666666666664
13 0.75390625 0.4648148148148148 0.021875 0.04351851851851852
14 0.75234375 0.5074074074074074 0.023958333333333335 0.04351851851851852
15 0.76484375 0.12638888888888888 0.023958333333333335 0.03981481481481482
18 0.7739583333333333 0.6717592592592593 0.0234375 0.03981481481481482
19 0.7203125 0.5453703703703704 0.025 0.04537037037037037
20 0.7067708333333333 0.43148148148148147 0.021875 0.04351851851851852
21 0.7479166666666667 0.5944444444444444 0.022395833333333334 0.04351851851851852