1 0.7622395833333333 0.4810185185185185 0.03177083333333333 0.06018518518518518
4 0.23489583333333333 0.4824074074074074 0.028645833333333332 0.058333333333333334
6 0.63046875 0.9638888888888889 0.022395833333333334 0.03981481481481482
7 0.7223958333333333 0.913425925925926 0.021354166666666667 0.037037037037037035
8 0.6489583333333333 0.6615740740740741 0.020833333333333332 0.044444444444444446
10 0.6580729166666667 0.7759259259259259 0.023958333333333335 0.04537037037037037
11 0.6434895833333333 0.015277777777777777 0.021354166666666667 0.030555555555555555
14 0.5908854166666667 0.7393518518518518 0.023958333333333335 0.046296296296296294
17 0.44817708333333334 0.9962962962962963 0.021354166666666667 0.007407407407407408
18 0.5958333333333333 0.9458333333333333 0.021354166666666667 0.03981481481481482
21 0.6260416666666667 0.8796296296296297 0.022395833333333334 0.03981481481481482