1 0.7630208333333334 0.48148148148148145 0.03229166666666667 0.04814814814814815
4 0.23567708333333334 0.47962962962962963 0.0328125 0.05
7 0.72265625 0.6023148148148149 0.020833333333333332 0.03796296296296296
14 0.45260416666666664 0.9486111111111111 0.018229166666666668 0.03611111111111111
15 0.46770833333333334 0.9009259259259259 0.0203125 0.03333333333333333
18 0.4296875 0.9685185185185186 0.019791666666666666 0.037037037037037035
19 0.36614583333333334 0.8333333333333334 0.0203125 0.02962962962962963
20 0.49375 0.9157407407407407 0.0203125 0.03518518518518519
21 0.5924479166666666 0.8861111111111111 0.020833333333333332 0.03796296296296296
10 0.7216145833333333 0.31712962962962965 0.0203125 0.037037037037037035
13 0.39296875 0.9111111111111111 0.01875 0.037037037037037035