0 0.07666412601626019 0.13640469738030714 0.026676829268292682 0.04290876242095754
1 0.48856707317073167 0.030826558265582667 0.03493394308943086 0.0485546522131888
2 0.9128556910569104 0.12511291779584463 0.02858231707317067 0.049683830171635045
3 0.09032012195121952 0.8675474254742546 0.02477134146341462 0.05307136404697385
4 0.48951981707317066 0.9708672086720866 0.03429878048780489 0.042908762420957466
5 0.8985645325203251 0.8850496838301716 0.026676829268292696 0.051942186088527575
6 0.29928861788617883 0.41700542005420055 0.020960365853658538 0.03726287262872624
7 0.7867759146341463 0.16689250225835592 0.019054878048780446 0.038392050587172516
8 0.5901930894308942 0.23520776874435412 0.024771341463414722 0.03952122854561879
9 0.9014227642276421 0.6501806684733512 0.017149390243902354 0.033875338753387566
10 0.65625 0.21770551038843722 0.023501016260162544 0.04065040650406502
11 0.22465701219512196 0.24480578139114723 0.019054878048780477 0.038392050587172516
13 0.8064659552845529 0.5287940379403793 0.019054878048780567 0.037262872628726296
14 0.6352896341463414 0.33626919602529354 0.023501016260162544 0.04065040650406507
15 0.5514481707317073 0.3701445347786811 0.023501016260162544 0.04516711833785002
16 0.8960238821138212 0.5705736224028907 0.015243902439024381 0.037262872628726296
17 0.7874110772357723 0.5920280036133694 0.019054878048780446 0.03500451671183384
18 0.7515243902439025 0.3278003613369467 0.019690040650406478 0.03952122854561879
19 0.8490218495934959 0.8404471544715446 0.016514227642276443 0.03500451671183384
20 0.7896341463414633 0.5440379403794038 0.020960365853658538 0.03839205058717257
21 0.7130970528455284 0.27529358626919603 0.02159552845528457 0.03839205058717257