0 0.07630208333333334 0.13240740740740742 0.026041666666666668 0.044444444444444446
1 0.48932291666666666 0.033796296296296297 0.03229166666666667 0.04722222222222222
2 0.9143229166666667 0.12546296296296297 0.023958333333333335 0.05092592592592592
3 0.090625 0.8712962962962963 0.0265625 0.04722222222222222
4 0.4895833333333333 0.9731481481481481 0.0328125 0.04259259259259259
5 0.9002604166666667 0.8837962962962963 0.026041666666666668 0.05462962962962963
6 0.8583333333333333 0.538425925925926 0.018229166666666668 0.03796296296296296
7 0.7875 0.16574074074074074 0.0203125 0.03796296296296296
8 0.57265625 0.649537037037037 0.023958333333333335 0.044444444444444446
9 0.9036458333333334 0.6509259259259259 0.017708333333333333 0.03518518518518519
10 0.6559895833333333 0.2175925925925926 0.022916666666666665 0.04259259259259259
11 0.76796875 0.5106481481481482 0.019791666666666666 0.03981481481481482
13 0.8122395833333333 0.5356481481481481 0.021354166666666667 0.037037037037037035
14 0.70234375 0.3763888888888889 0.021354166666666667 0.041666666666666664
15 0.5505208333333333 0.37037037037037035 0.023958333333333335 0.040740740740740744
16 0.8973958333333333 0.5842592592592593 0.019270833333333334 0.03518518518518519
17 0.7796875 0.5777777777777777 0.021354166666666667 0.03796296296296296
18 0.8135416666666667 0.43333333333333335 0.021354166666666667 0.03796296296296296
19 0.9078125 0.4666666666666667 0.0171875 0.032407407407407406
20 0.7919270833333333 0.5444444444444444 0.0203125 0.03518518518518519
21 0.73125 0.38981481481481484 0.020833333333333332 0.037037037037037035