0 0.0765625 0.13425925925925927 0.023958333333333335 0.05092592592592592
1 0.4895833333333333 0.026851851851851852 0.0375 0.04814814814814815
2 0.9125 0.12685185185185185 0.028125 0.04537037037037037
3 0.09010416666666667 0.8731481481481481 0.025520833333333333 0.05
4 0.4890625 0.975925925925926 0.036458333333333336 0.046296296296296294
5 0.8973958333333333 0.8865740740740741 0.025520833333333333 0.04814814814814815
6 0.8908854166666667 0.29398148148148145 0.01875 0.037037037037037035
7 0.9046875 0.5953703703703703 0.016145833333333335 0.03796296296296296
14 0.6377604166666667 0.10694444444444444 0.021354166666666667 0.040740740740740744
17 0.8317708333333333 0.18611111111111112 0.0203125 0.037037037037037035
18 0.7588541666666667 0.4810185185185185 0.021354166666666667 0.03796296296296296
19 0.8986979166666667 0.3435185185185185 0.01875 0.037037037037037035
20 0.7395833333333334 0.5092592592592593 0.021875 0.041666666666666664
8 0.77578125 0.5439814814814815 0.022916666666666665 0.037037037037037035
9 0.590625 0.9064814814814814 0.021875 0.03518518518518519
10 0.18489583333333334 0.5962962962962963 0.020833333333333332 0.037037037037037035
12 0.3182291666666667 0.7842592592592592 0.0234375 0.040740740740740744
13 0.79140625 0.28888888888888886 0.021354166666666667 0.03796296296296296