0 0.07447916666666667 0.13472222222222222 0.025 0.044444444444444446
1 0.48932291666666666 0.03194444444444444 0.034895833333333334 0.04814814814814815
2 0.9111979166666667 0.11990740740740741 0.023958333333333335 0.03981481481481482
3 0.08932291666666667 0.8675925925925926 0.022916666666666665 0.046296296296296294
4 0.48932291666666666 0.9699074074074074 0.03125 0.04722222222222222
5 0.8997395833333334 0.8856481481481482 0.029166666666666667 0.05277777777777778
6 0.42916666666666664 0.1337962962962963 0.023958333333333335 0.041666666666666664
7 0.7044270833333334 0.11388888888888889 0.022395833333333334 0.03796296296296296
8 0.10885416666666667 0.5185185185185185 0.019791666666666666 0.032407407407407406
9 0.90234375 0.6486111111111111 0.017708333333333333 0.03518518518518519
10 0.5783854166666667 0.1763888888888889 0.023958333333333335 0.041666666666666664
11 0.225 0.24305555555555555 0.0234375 0.037037037037037035
13 0.8080729166666667 0.5277777777777778 0.019791666666666666 0.03518518518518519
14 0.58203125 0.674074074074074 0.0234375 0.04537037037037037
16 0.8958333333333334 0.5712962962962963 0.019791666666666666 0.03611111111111111
17 0.7880208333333333 0.5916666666666667 0.021354166666666667 0.03796296296296296
18 0.7520833333333333 0.33796296296296297 0.0234375 0.041666666666666664
20 0.790625 0.5439814814814815 0.022916666666666665 0.03796296296296296
21 0.5921875 0.4324074074074074 0.026041666666666668 0.040740740740740744