0 0.07649739583333333 0.13541666666666666 0.021484375 0.05092592592592592
1 0.4899088541666667 0.028935185185185185 0.035807291666666664 0.05092592592592592
2 0.9117838541666666 0.1255787037037037 0.026692708333333332 0.052083333333333336
3 0.09114583333333333 0.8715277777777778 0.022135416666666668 0.04861111111111111
4 0.4904775943396226 0.9752314814814815 0.03694477201257863 0.047685185185185185
5 0.8987630208333334 0.8865740740740741 0.026692708333333332 0.05555555555555555
6 0.8304036458333334 0.8246527777777778 0.018880208333333332 0.03587962962962963
14 0.6376953125 0.10821759259259259 0.018880208333333332 0.04050925925925926
17 0.5022786458333334 0.6869212962962963 0.024088541666666668 0.04282407407407408
18 0.7587890625 0.4820601851851852 0.021484375 0.04513888888888889
20 0.7392578125 0.5115740740740741 0.021484375 0.03935185185185185
9 0.4391276041666667 0.8101851851851852 0.022786458333333332 0.03935185185185185
10 0.15234375 0.6521990740740741 0.020833333333333332 0.03819444444444445
12 0.3170572916666667 0.7847222222222222 0.0234375 0.03935185185185185