0 0.07539380081300816 0.13245257452574527 0.02286585365853659 0.0440379403794038
1 0.4888846544715447 0.0336495031616983 0.033028455284552886 0.051942186088527555
2 0.9128556910569104 0.12285456187895212 0.026041666666666668 0.04742547425474255
3 0.08968495934959352 0.8692411924119241 0.020960365853658524 0.051942186088527575
4 0.4887554596955545 0.9736788617886178 0.034040390935824345 0.0507904245709125
5 0.8988821138211381 0.8856142728093945 0.026041666666666668 0.04855465221318874
6 0.8461636178861788 0.15842366757000906 0.018419715447154535 0.03726287262872627
8 0.10810467479674798 0.5203252032520325 0.018419715447154476 0.03387533875338746
9 0.8944359756097561 0.23633694670280037 0.018419715447154535 0.03274616079494129
10 0.5784425813008129 0.17649051490514905 0.025406504065040636 0.041779584462511295
11 0.22465701219512196 0.24480578139114723 0.02286585365853657 0.03613369467028001
13 0.8077362804878049 0.5248419150858175 0.02032520325203251 0.03613369467028001
14 0.3196138211382114 0.7783423667570009 0.024771341463414663 0.03952122854561885
17 0.5695503048780488 0.66260162601626 0.024136178861788694 0.03839205058717257
18 0.16876270325203255 0.26004968383017163 0.02159552845528457 0.03500451671183379
21 0.5920985772357723 0.43224932249322484 0.023501016260162544 0.04290876242095752
20 0.7289761178861788 0.40232610659439927 0.02286585365853663 0.03952122854561874