0 0.078125 0.13368055555555555 0.022135416666666668 0.047453703703703706
1 0.4889322916666667 0.026041666666666668 0.0390625 0.04513888888888889
2 0.9130859375 0.1267361111111111 0.025390625 0.04513888888888889
3 0.08984375 0.8680555555555556 0.0234375 0.05092592592592592
4 0.4890037474593496 0.9792824074074075 0.03529916158536584 0.03958333333333333
5 0.8997395833333334 0.8854166666666666 0.0234375 0.05324074074074074
6 0.6868489583333334 0.28703703703703703 0.024739583333333332 0.041666666666666664
7 0.9039713541666666 0.5954861111111112 0.017578125 0.03819444444444445
14 0.7958984375 0.28125 0.022786458333333332 0.03935185185185185
17 0.8323567708333334 0.1863425925925926 0.020182291666666668 0.041666666666666664
18 0.7594401041666666 0.4826388888888889 0.024088541666666668 0.03935185185185185
19 0.8987630208333334 0.3443287037037037 0.017578125 0.04050925925925926
20 0.7392578125 0.5104166666666666 0.022786458333333332 0.03935185185185185
21 0.814453125 0.5439814814814815 0.01953125 0.041666666666666664
8 0.7757161458333334 0.5451388888888888 0.022786458333333332 0.03935185185185185
9 0.5914713541666666 0.90625 0.022786458333333332 0.037037037037037035
10 0.185546875 0.5943287037037037 0.022135416666666668 0.04050925925925926
12 0.3167317708333333 0.7847222222222222 0.022786458333333332 0.03935185185185185
13 0.7945963541666666 0.4826388888888889 0.024088541666666668 0.041666666666666664