0 0.07674447791164662 0.13186077643908972 0.0294929718875502 0.049085229808121376
1 0.48776355421686746 0.03257474341811696 0.037023092369477935 0.049085229808121376
2 0.9119603413654619 0.12516733601070956 0.02823795180722897 0.04685408299866132
3 0.08929467871485948 0.8698125836680053 0.02698293172690763 0.045738509593931234
4 0.48901857429718876 0.9707719767960732 0.03702309236947787 0.046854082998661145
5 0.899410140562249 0.8798527443105755 0.029492971887550113 0.05020080321285139
6 0.5310617469879518 0.3125836680053548 0.024472891566265056 0.040160642570281124
7 0.7441014056224898 0.4436635430611334 0.020080321285140576 0.03681392235609104
8 0.8796435742971888 0.5674921909861669 0.01757028112449793 0.03904506916555106
9 0.6531124497991968 0.6277331548415885 0.022590361445783223 0.03904506916555106
10 0.7240210843373495 0.3354529228023204 0.0225903614457831 0.03904506916555106
11 0.7641817269076305 0.537929495760821 0.020080321285140576 0.03569834895136102
12 0.5891064257028112 0.1162427487728693 0.023845381526104367 0.03792949576082106
13 0.7535140562248995 0.3365684962070504 0.02133534136546184 0.03904506916555111
14 0.7968122489959839 0.1441320838911201 0.02133534136546184 0.033467202141900944
15 0.8595632530120482 0.6918786256135654 0.01882530120481931 0.033467202141901
16 0.804656124497992 0.790606871932173 0.020707831325301147 0.03458277554663101
17 0.7120983935742972 0.6249442213297635 0.02133534136546184 0.037929495760821046
18 0.8498368473895581 0.3744979919678715 0.020707831325301265 0.03458277554663096
19 0.6327183734939759 0.15807675145024547 0.020707831325301265 0.03681392235609104
20 0.7328062248995983 0.5094823739402052 0.020080321285140576 0.039045069165551165
21 0.23173945783132535 0.7158634538152611 0.01819779116465865 0.03458277554663101