0 0.076171875 0.13190210027100271 0.0225800304878049 0.049655600722673894
1 0.4898770960365854 0.03264735772357724 0.0323138973577235 0.047171409214092144
2 0.9133717606707317 0.12340503613369468 0.022468877032520377 0.05309959349593498
3 0.09062182418699187 0.8698904697380307 0.024167936991869934 0.0551603432700992
4 0.48862264989837395 0.9690322944896113 0.029963795731707304 0.04827235772357733
5 0.897802337398374 0.889622854561879 0.026422764227642403 0.04979674796747986
6 0.1906678734756098 0.6454098915989159 0.020976244918699205 0.038900180668473235
14 0.5324885670731707 0.22929369918699186 0.022040142276422734 0.04909101174345075
16 0.6726292555894309 0.27333163956639567 0.02250063516260153 0.04457429990966575
17 0.7086588541666666 0.6203703703703703 0.029296875 0.06018518518518518
18 0.44435181656504064 0.7756887985546522 0.025549415650406478 0.044828364950316134
20 0.728245680894309 0.2327659214092141 0.024326727642276325 0.03988821138211386
8 0.43921493902439024 0.18469116982836495 0.021849593495934922 0.04796183378500453
9 0.7295318851626017 0.8511320009033423 0.02048399390243887 0.03847673893405586
10 0.5003017022357724 0.6099960478771455 0.02162728658536584 0.03971883468834676
11 0.37460302337398377 0.5905600722673893 0.022770579268292696 0.04471544715447151
12 0.5208809705284553 0.13218439476061428 0.02365980691056908 0.04005758807588077
13 0.5635956554878049 0.8510896567299006 0.022071900406504124 0.04081978319783191