0 0.07747395833333333 0.13425925925925927 0.020833333333333332 0.046296296296296294
1 0.490234375 0.026041666666666668 0.037760416666666664 0.04513888888888889
2 0.9143880208333334 0.12731481481481483 0.025390625 0.05092592592592592
3 0.09212239583333333 0.8709490740740741 0.022786458333333332 0.047453703703703706
4 0.4898177083333334 0.9740740740740741 0.03562499999999999 0.05
5 0.8997395833333334 0.8865740740740741 0.024739583333333332 0.04861111111111111
6 0.6819661458333334 0.22685185185185186 0.024088541666666668 0.04398148148148148
7 0.9046223958333334 0.5960648148148148 0.018880208333333332 0.037037037037037035
14 0.6376953125 0.10821759259259259 0.021484375 0.04513888888888889
17 0.8326822916666666 0.18460648148148148 0.022135416666666668 0.04050925925925926
18 0.759765625 0.4809027777777778 0.0234375 0.04282407407407408
19 0.9049479166666666 0.16435185185185186 0.01953125 0.034722222222222224
20 0.7389322916666666 0.5109953703703703 0.0234375 0.04050925925925926
9 0.361328125 0.2042824074074074 0.0234375 0.04282407407407408
10 0.1845703125 0.5949074074074074 0.021484375 0.041666666666666664
12 0.3173828125 0.7864583333333334 0.024088541666666668 0.04050925925925926