0 0.075 0.13657407407407407 0.025 0.04537037037037037
1 0.48984375 0.031018518518518518 0.036458333333333336 0.05277777777777778
2 0.91484375 0.12546296296296297 0.027083333333333334 0.05092592592592592
3 0.0890625 0.8662037037037037 0.027083333333333334 0.04814814814814815
4 0.48932291666666666 0.9680555555555556 0.03229166666666667 0.041666666666666664
5 0.8994791666666667 0.8842592592592593 0.027083333333333334 0.05092592592592592
21 0.59296875 0.43333333333333335 0.023958333333333335 0.040740740740740744
20 0.78984375 0.5458333333333333 0.021354166666666667 0.041666666666666664
18 0.16875 0.25925925925925924 0.0203125 0.03611111111111111
17 0.7875 0.5925925925925926 0.0203125 0.03796296296296296
16 0.8963541666666667 0.5694444444444444 0.0171875 0.03518518518518519
14 0.5822916666666667 0.6726851851851852 0.023958333333333335 0.04259259259259259
13 0.8078125 0.5282407407407408 0.019270833333333334 0.03796296296296296
11 0.22552083333333334 0.24444444444444444 0.020833333333333332 0.037037037037037035
10 0.5786458333333333 0.17685185185185184 0.025 0.040740740740740744
9 0.89296875 0.2273148148148148 0.017708333333333333 0.03518518518518519
8 0.10911458333333333 0.5208333333333334 0.017708333333333333 0.03518518518518519
6 0.8770833333333333 0.6199074074074075 0.016666666666666666 0.03796296296296296