0 0.08385416666666666 0.12268518518518519 0.03125 0.04722222222222222
1 0.5015625 0.029166666666666667 0.035416666666666666 0.03796296296296296
2 0.9205729166666666 0.12222222222222222 0.028645833333333332 0.044444444444444446
3 0.09453125 0.8527777777777777 0.028125 0.05277777777777778
4 0.49557291666666664 0.9634259259259259 0.033854166666666664 0.05092592592592592
5 0.90390625 0.8759259259259259 0.028645833333333332 0.04537037037037037
6 0.09739583333333333 0.23564814814814813 0.019791666666666666 0.03611111111111111
7 0.5752604166666667 0.38425925925925924 0.0265625 0.046296296296296294
8 0.69921875 0.8296296296296296 0.0203125 0.03796296296296296
9 0.45546875 0.17407407407407408 0.026041666666666668 0.046296296296296294
10 0.7869791666666667 0.8782407407407408 0.022395833333333334 0.03611111111111111
11 0.4708333333333333 0.4273148148148148 0.026041666666666668 0.044444444444444446
12 0.3924479166666667 0.1763888888888889 0.025520833333333333 0.046296296296296294
13 0.23177083333333334 0.7050925925925926 0.0203125 0.041666666666666664
14 0.24817708333333333 0.15 0.025520833333333333 0.040740740740740744
15 0.49765625 0.4546296296296296 0.023958333333333335 0.04537037037037037
16 0.12213541666666666 0.14583333333333334 0.025 0.037037037037037035
17 0.8067708333333333 0.7986111111111112 0.022395833333333334 0.041666666666666664
18 0.38984375 0.4305555555555556 0.022916666666666665 0.044444444444444446
19 0.3020833333333333 0.12175925925925926 0.022916666666666665 0.040740740740740744
20 0.67109375 0.25601851851851853 0.0265625 0.04259259259259259
21 0.8458333333333333 0.549537037037037 0.021354166666666667 0.04537037037037037