0 0.07877604166666667 0.1371527777777778 0.022135416666666668 0.04282407407407408
1 0.4895833333333333 0.026041666666666668 0.037760416666666664 0.052083333333333336
2 0.9114583333333334 0.1261574074074074 0.02734375 0.05092592592592592
3 0.09147135416666667 0.8697916666666666 0.026692708333333332 0.04282407407407408
4 0.48876736111111113 0.9763888888888889 0.03743055555555556 0.04537037037037037
5 0.8974609375 0.8859953703703703 0.026692708333333332 0.04976851851851852
6 0.6819661458333334 0.22800925925925927 0.022786458333333332 0.04398148148148148
7 0.9046223958333334 0.5966435185185185 0.016276041666666668 0.03819444444444445
14 0.6373697916666666 0.1076388888888889 0.0234375 0.041666666666666664
17 0.8330078125 0.1863425925925926 0.020182291666666668 0.03935185185185185
18 0.7594401041666666 0.48032407407407407 0.021484375 0.041666666666666664
19 0.9046223958333334 0.16319444444444445 0.017578125 0.037037037037037035
20 0.740234375 0.5104166666666666 0.022135416666666668 0.041666666666666664
9 0.3623046875 0.2048611111111111 0.025390625 0.041666666666666664
10 0.18489583333333334 0.59375 0.020833333333333332 0.03935185185185185
12 0.3180338541666667 0.7853009259259259 0.022786458333333332 0.04050925925925926