0 0.07760416666666667 0.13472222222222222 0.0265625 0.04537037037037037
1 0.48828125 0.03425925925925926 0.03802083333333333 0.05
2 0.9114583333333334 0.12407407407407407 0.028125 0.053703703703703705
3 0.08958333333333333 0.8680555555555556 0.027604166666666666 0.049074074074074076
4 0.4895833333333333 0.9694444444444444 0.0359375 0.05092592592592592
5 0.8997395833333334 0.8814814814814815 0.027604166666666666 0.049074074074074076
6 0.55 0.4976851851851852 0.0234375 0.04259259259259259
10 0.8953125 0.21064814814814814 0.017708333333333333 0.032407407407407406
11 0.8479166666666667 0.26944444444444443 0.020833333333333332 0.037037037037037035
12 0.2864583333333333 0.888425925925926 0.021875 0.03611111111111111
13 0.8268229166666666 0.3013888888888889 0.0203125 0.03981481481481482
14 0.14453125 0.6162037037037037 0.020833333333333332 0.03333333333333333
17 0.8161458333333333 0.725462962962963 0.01875 0.03611111111111111
19 0.38385416666666666 0.9064814814814814 0.022395833333333334 0.03888888888888889
20 0.7330729166666666 0.5106481481481482 0.021875 0.041666666666666664
21 0.7020833333333333 0.3648148148148148 0.022395833333333334 0.03981481481481482