0 0.07760416666666667 0.13425925925925927 0.0234375 0.046296296296296294
1 0.48932291666666666 0.026851851851851852 0.03697916666666667 0.046296296296296294
2 0.9140625 0.1259259259259259 0.025 0.05092592592592592
4 0.4901041666666667 0.975925925925926 0.04010416666666667 0.046296296296296294
5 0.8984375 0.887962962962963 0.026041666666666668 0.053703703703703705
6 0.7296875 0.3055555555555556 0.0234375 0.041666666666666664
7 0.9046875 0.5962962962962963 0.01875 0.037037037037037035
14 0.63671875 0.10740740740740741 0.0234375 0.041666666666666664
17 0.8322916666666667 0.18472222222222223 0.017708333333333333 0.040740740740740744
18 0.7588541666666667 0.48333333333333334 0.022916666666666665 0.040740740740740744
19 0.8986979166666667 0.34305555555555556 0.017708333333333333 0.03796296296296296
20 0.7401041666666667 0.5111111111111111 0.021875 0.03796296296296296
9 0.59140625 0.9055555555555556 0.022916666666666665 0.03796296296296296
10 0.18489583333333334 0.5949074074074074 0.020833333333333332 0.041666666666666664
12 0.3182291666666667 0.7939814814814815 0.018229166666666668 0.02962962962962963