0 0.07578125 0.13472222222222222 0.026041666666666668 0.041666666666666664
1 0.4901041666666667 0.031018518518518518 0.035416666666666666 0.05277777777777778
2 0.9119791666666667 0.12453703703703704 0.0265625 0.044444444444444446
3 0.08932291666666667 0.8712962962962963 0.025520833333333333 0.05185185185185185
4 0.48854166666666665 0.9731481481481481 0.03125 0.04537037037037037
5 0.8981770833333333 0.8851851851851852 0.026041666666666668 0.05185185185185185
6 0.18776041666666668 0.8606481481481482 0.022916666666666665 0.03981481481481482
7 0.7041666666666667 0.11388888888888889 0.022916666666666665 0.040740740740740744
8 0.16901041666666666 0.45185185185185184 0.0234375 0.03518518518518519
9 0.90234375 0.6509259259259259 0.019270833333333334 0.037037037037037035
10 0.5791666666666667 0.17685185185185184 0.022916666666666665 0.03796296296296296
11 0.22526041666666666 0.24444444444444444 0.021354166666666667 0.03981481481481482
13 0.8072916666666666 0.5287037037037037 0.020833333333333332 0.03981481481481482
14 0.58046875 0.8800925925925925 0.025520833333333333 0.037037037037037035
16 0.8958333333333334 0.5694444444444444 0.018229166666666668 0.032407407407407406
17 0.7875 0.5902777777777778 0.021354166666666667 0.03796296296296296
18 0.7505208333333333 0.3375 0.022916666666666665 0.03796296296296296
20 0.7908854166666667 0.5439814814814815 0.018229166666666668 0.03796296296296296
21 0.5924479166666666 0.43333333333333335 0.023958333333333335 0.040740740740740744