0 0.0796875 0.13518518518518519 0.021354166666666667 0.044444444444444446
1 0.48984375 0.02546296296296296 0.0359375 0.046296296296296294
2 0.9125 0.125 0.0265625 0.04814814814814815
3 0.09010416666666667 0.8708333333333333 0.022916666666666665 0.05
4 0.4890625 0.9763888888888889 0.035416666666666666 0.04537037037037037
5 0.8989583333333333 0.887962962962963 0.025 0.053703703703703705
6 0.8934895833333333 0.1824074074074074 0.017708333333333333 0.03796296296296296
7 0.90390625 0.5962962962962963 0.017708333333333333 0.03888888888888889
14 0.7174479166666666 0.18101851851851852 0.021875 0.03796296296296296
17 0.8317708333333333 0.18564814814814815 0.0203125 0.040740740740740744
18 0.7591145833333334 0.4810185185185185 0.020833333333333332 0.040740740740740744
19 0.8989583333333333 0.3435185185185185 0.018229166666666668 0.037037037037037035
20 0.7395833333333334 0.5101851851851852 0.021875 0.03888888888888889
8 0.7755208333333333 0.5439814814814815 0.021875 0.041666666666666664
9 0.59140625 0.9064814814814814 0.021354166666666667 0.03888888888888889
10 0.18515625 0.5953703703703703 0.021354166666666667 0.03796296296296296
12 0.3177083333333333 0.7847222222222222 0.021875 0.041666666666666664
13 0.7919270833333333 0.2898148148148148 0.022916666666666665 0.040740740740740744