0 0.07369791666666667 0.1337962962962963 0.0296875 0.05555555555555555
1 0.48854166666666665 0.033796296296296297 0.033854166666666664 0.06111111111111111
2 0.9096354166666667 0.12268518518518519 0.03125 0.05185185185185185
3 0.08671875 0.8680555555555556 0.03177083333333333 0.05185185185185185
4 0.48984375 0.9699074074074074 0.03125 0.05
5 0.89921875 0.8828703703703704 0.030729166666666665 0.04722222222222222
6 0.43046875 0.8347222222222223 0.025520833333333333 0.044444444444444446
7 0.7794270833333333 0.1175925925925926 0.022395833333333334 0.03981481481481482
8 0.7731770833333333 0.5819444444444445 0.0234375 0.046296296296296294
9 0.76328125 0.549537037037037 0.022916666666666665 0.040740740740740744
10 0.22786458333333334 0.7592592592592593 0.025520833333333333 0.044444444444444446
11 0.7338541666666667 0.49212962962962964 0.027083333333333334 0.04722222222222222
12 0.8013020833333333 0.4726851851851852 0.023958333333333335 0.04259259259259259
14 0.14869791666666668 0.28379629629629627 0.025 0.03981481481481482
16 0.54921875 0.5402777777777777 0.028125 0.044444444444444446
19 0.6119791666666666 0.7722222222222223 0.023958333333333335 0.05