0 0.07864583333333333 0.13425925925925927 0.028125 0.044444444444444446
1 0.48932291666666666 0.0375 0.036458333333333336 0.04351851851851852
2 0.9130208333333333 0.12685185185185185 0.030208333333333334 0.04351851851851852
3 0.08984375 0.8703703703703703 0.025520833333333333 0.053703703703703705
4 0.48984375 0.9722222222222222 0.034895833333333334 0.04351851851851852
5 0.90078125 0.8810185185185185 0.021875 0.05925925925925926
6 0.8997395833333334 0.3212962962962963 0.01875 0.03333333333333333
8 0.6455729166666667 0.5615740740740741 0.022395833333333334 0.03981481481481482
9 0.61328125 0.6939814814814815 0.020833333333333332 0.03981481481481482
10 0.72578125 0.20601851851851852 0.021354166666666667 0.03425925925925926
11 0.7638020833333333 0.5375 0.020833333333333332 0.03888888888888889
12 0.2859375 0.8870370370370371 0.021354166666666667 0.03611111111111111
13 0.8265625 0.3013888888888889 0.019270833333333334 0.03981481481481482
14 0.11458333333333333 0.6481481481481481 0.016145833333333335 0.03333333333333333
15 0.8401041666666667 0.8467592592592592 0.01875 0.03333333333333333
17 0.8174479166666667 0.7277777777777777 0.01875 0.03333333333333333
18 0.9015625 0.27037037037037037 0.01875 0.03333333333333333
19 0.38333333333333336 0.9083333333333333 0.022395833333333334 0.03611111111111111
20 0.7330729166666666 0.5101851851851852 0.018229166666666668 0.03796296296296296
21 0.70234375 0.36435185185185187 0.021875 0.03888888888888889