0 0.07786458333333333 0.13657407407407407 0.025520833333333333 0.046296296296296294
1 0.4890625 0.03009259259259259 0.035416666666666666 0.06018518518518518
2 0.9119791666666667 0.12962962962962962 0.03125 0.04814814814814815
3 0.090625 0.8685185185185185 0.0234375 0.05648148148148148
4 0.48932291666666666 0.975 0.03958333333333333 0.04814814814814815
6 0.9015625 0.6087962962962963 0.019791666666666666 0.041666666666666664
14 0.6364583333333333 0.11018518518518519 0.022916666666666665 0.041666666666666664
17 0.83203125 0.18518518518518517 0.019791666666666666 0.041666666666666664
18 0.759375 0.48333333333333334 0.021354166666666667 0.040740740740740744
20 0.7395833333333334 0.5111111111111111 0.0234375 0.04259259259259259
9 0.4953125 0.7101851851851851 0.025 0.04259259259259259
10 0.15208333333333332 0.6527777777777778 0.021354166666666667 0.03888888888888889
12 0.3177083333333333 0.7833333333333333 0.0234375 0.03888888888888889