1 0.23671875 0.5185185185185185 0.026041666666666668 0.06111111111111111
4 0.7643229166666666 0.5180555555555556 0.023958333333333335 0.05555555555555555
6 0.44557291666666665 0.7768518518518519 0.025 0.03981481481481482
7 0.31145833333333334 0.004166666666666667 0.019791666666666666 0.008333333333333333
8 0.35052083333333334 0.3388888888888889 0.019791666666666666 0.04259259259259259
10 0.3419270833333333 0.22314814814814815 0.021354166666666667 0.044444444444444446
11 0.35546875 0.9856481481481482 0.019270833333333334 0.028703703703703703
14 0.4078125 0.26064814814814813 0.022916666666666665 0.041666666666666664
15 0.42604166666666665 0.4097222222222222 0.0234375 0.03981481481481482
17 0.5515625 0.003703703703703704 0.020833333333333332 0.007407407407407408
18 0.4041666666666667 0.05324074074074074 0.0203125 0.03611111111111111
21 0.37421875 0.11990740740740741 0.022916666666666665 0.04259259259259259