1 0.23697916666666666 0.5203703703703704 0.028125 0.05740740740740741
4 0.7638020833333333 0.5189814814814815 0.022395833333333334 0.05555555555555555
7 0.31171875 0.003703703703703704 0.0203125 0.007407407407407408
8 0.39453125 0.4666666666666667 0.023958333333333335 0.040740740740740744
10 0.340625 0.22314814814814815 0.021354166666666667 0.03981481481481482
11 0.5057291666666667 0.022222222222222223 0.022916666666666665 0.03518518518518519
14 0.43046875 0.14074074074074075 0.022395833333333334 0.037037037037037035
15 0.4270833333333333 0.41064814814814815 0.022916666666666665 0.041666666666666664
17 0.54296875 0.010185185185185186 0.0203125 0.020370370370370372
18 0.403125 0.052314814814814814 0.020833333333333332 0.03796296296296296
21 0.43828125 0.09259259259259259 0.021354166666666667 0.03981481481481482