0 0.07682291666666667 0.13194444444444445 0.028125 0.049074074074074076
1 0.48828125 0.03333333333333333 0.034375 0.05
2 0.91171875 0.12731481481481483 0.028645833333333332 0.049074074074074076
3 0.08984375 0.8708333333333333 0.024479166666666666 0.05648148148148148
4 0.48828125 0.9694444444444444 0.0359375 0.04722222222222222
5 0.89921875 0.8828703703703704 0.027604166666666666 0.053703703703703705
6 0.8161458333333333 0.4888888888888889 0.0203125 0.03796296296296296
7 0.7434895833333334 0.44583333333333336 0.022395833333333334 0.03888888888888889
8 0.64609375 0.562037037037037 0.022395833333333334 0.03888888888888889
9 0.61328125 0.6925925925925925 0.021875 0.03888888888888889
10 0.7263020833333333 0.20601851851851852 0.021875 0.03888888888888889
11 0.7640625 0.538425925925926 0.0203125 0.041666666666666664
12 0.2872395833333333 0.8870370370370371 0.0203125 0.03611111111111111
13 0.8260416666666667 0.30092592592592593 0.019270833333333334 0.037037037037037035
14 0.11380208333333333 0.6472222222222223 0.018229166666666668 0.03611111111111111
15 0.8401041666666667 0.8462962962962963 0.01875 0.037037037037037035
17 0.8169270833333333 0.725925925925926 0.01875 0.032407407407407406
18 0.9013020833333333 0.2902777777777778 0.0171875 0.03148148148148148
19 0.38385416666666666 0.9050925925925926 0.021354166666666667 0.03981481481481482
20 0.7328125 0.5101851851851852 0.023958333333333335 0.03981481481481482
21 0.7020833333333333 0.3648148148148148 0.022395833333333334 0.03981481481481482