0 0.08183913934426226 0.1260245901639344 0.019851434426229497 0.04439890710382514
1 0.49327612704918034 0.02527322404371583 0.02561475409836067 0.043260473588342445
2 0.9188012295081966 0.12147085610200363 0.022412909836065698 0.039845173041894326
3 0.09240522540983603 0.8534836065573771 0.021772540983606536 0.039845173041894374
4 0.49135502049180335 0.956511839708561 0.025614754098360726 0.04781420765027317
5 0.9008709016393444 0.8705601092896176 0.023693647540983687 0.04212204007285969
6 0.5224129098360656 0.31785063752276865 0.022412909836065475 0.04098360655737703
7 0.8896644467213115 0.2984972677595628 0.017930327868852514 0.03870673952641172
14 0.6450435450819673 0.8591757741347907 0.020491803278688492 0.037568306010928865
15 0.9053534836065573 0.2563752276867031 0.01728995901639352 0.03187613843351548
16 0.6267930327868853 0.8295765027322406 0.019851434426229497 0.039845173041894374
18 0.7321337090163935 0.6121357012750457 0.019211065573770503 0.039845173041894374
17 0.8851818647540984 0.3958333333333333 0.01793032786885229 0.03756830601092896
11 0.7984118852459017 0.15334699453551912 0.018570696721311508 0.03756830601092896
11 0.5473872950819673 0.10211748633879782 0.023693647540983687 0.03984517304189436
10 0.5067238729508196 0.19034608378870674 0.023053278688524637 0.03870673952641162
8 0.423155737704918 0.18294626593806917 0.024974385245901676 0.039845173041894326
12 0.13274846311475405 0.1732695810564663 0.017930327868852458 0.036429872495446304
20 0.2947617827868852 0.6696265938069217 0.021772540983606592 0.03642987249544621
21 0.6930712090163935 0.7350865209471769 0.020491803278688492 0.037568306010928865