1 0.23193359375 0.5112847222222222 0.01708984375 0.046875
4 0.755859375 0.5121527777777778 0.0263671875 0.043402777777777776
6 0.4189453125 0.2526041666666667 0.02734375 0.043402777777777776
7 0.524658203125 0.2530381944444444 0.02490234375 0.03993055555555555
8 0.53173828125 0.1540798611111111 0.02490234375 0.046875
9 0.288330078125 0.8732638888888888 0.02099609375 0.044270833333333336
10 0.579345703125 0.1267361111111111 0.029296875 0.03732638888888889
11 0.5126953125 0.11675347222222222 0.02197265625 0.0390625
12 0.546630859375 0.21788194444444445 0.0244140625 0.03993055555555555
15 0.648193359375 0.3776041666666667 0.0224609375 0.0390625
17 0.61474609375 0.043402777777777776 0.0205078125 0.03732638888888889
18 0.617919921875 0.004774305555555556 0.02099609375 0.009548611111111112
19 0.434326171875 0.8064236111111112 0.02392578125 0.04861111111111111
20 0.49658203125 0.1879340277777778 0.02392578125 0.035590277777777776