0 0.05322265625 0.1111111111111111 0.02392578125 0.03298611111111111
1 0.47900390625 0.015625 0.0263671875 0.028645833333333332
2 0.9150390625 0.10460069444444445 0.02490234375 0.042534722222222224
3 0.06494140625 0.8624131944444444 0.02490234375 0.04774305555555555
4 0.476806640625 0.9657118055555556 0.0263671875 0.042534722222222224
5 0.90234375 0.8780381944444444 0.02783203125 0.041666666666666664
6 0.722412109375 0.6905381944444444 0.02392578125 0.04513888888888889
7 0.166259765625 0.5447048611111112 0.02392578125 0.0390625
14 0.7705078125 0.2204861111111111 0.021484375 0.044270833333333336
15 0.2373046875 0.8836805555555556 0.021484375 0.04079861111111111
16 0.54833984375 0.4010416666666667 0.025390625 0.041666666666666664
17 0.763427734375 0.4861111111111111 0.0185546875 0.04079861111111111
20 0.674072265625 0.3168402777777778 0.02294921875 0.042534722222222224
19 0.05712890625 0.4626736111111111 0.01904296875 0.036458333333333336
21 0.144287109375 0.2517361111111111 0.02001953125 0.0390625
8 0.454833984375 0.7400173611111112 0.0234375 0.042534722222222224
10 0.644775390625 0.5403645833333334 0.02392578125 0.042534722222222224
11 0.81787109375 0.6206597222222222 0.0234375 0.046875
9 0.599853515625 0.9192708333333334 0.0234375 0.03819444444444445
12 0.90625 0.2721354166666667 0.01708984375 0.044270833333333336