0 0.052382172131147514 0.10553278688524588 0.024974385245901648 0.048952641165755914
1 0.48046875 0.01502732240437157 0.02817622950819676 0.02049180327868853
2 0.9172003073770493 0.10780965391621129 0.02433401639344268 0.033014571948998185
3 0.0674308401639344 0.8637295081967213 0.023053278688524602 0.037568306010928865
4 0.47790727459016386 0.9730191256830601 0.02817622950819676 0.04895264116575583
5 0.9015112704918032 0.8813752276867032 0.024974385245901676 0.04098360655737703
6 0.8605276639344261 0.1886384335154827 0.019851434426229497 0.039845173041894326
7 0.7110015368852459 0.26035974499089254 0.021772540983606703 0.04212204007285969
14 0.8848616803278688 0.13342440801457195 0.019851434426229497 0.03187613843351548
15 0.47310450819672134 0.8381147540983607 0.024974385245901676 0.04098360655737703
16 0.5268954918032787 0.20571493624772316 0.024974385245901676 0.04212204007285972
17 0.31461321721311475 0.5922131147540983 0.02433401639344257 0.04326047358834254
19 0.6818647540983607 0.5500910746812386 0.023693647540983687 0.04326047358834254
20 0.3985015368852459 0.42714025500910746 0.02305327868852458 0.043260473588342445
21 0.3299820696721312 0.7447632058287796 0.02433401639344257 0.04098360655737703
8 0.7641521516393444 0.8654371584699454 0.02177254098360648 0.03642987249544621
9 0.10361168032786883 0.5352914389799636 0.01857069672131148 0.03870673952641152
11 0.5835681352459016 0.7572859744990894 0.023053278688524692 0.04326047358834254
12 0.3142930327868852 0.3787568306010929 0.024974385245901676 0.04212204007285969
13 0.13947233606557374 0.13911657559198543 0.018570696721311453 0.036429872495446255