0 0.05575284090909091 0.11174242424242431 0.0234375 0.041666666666666664
1 0.48011363636363635 0.015782828282828357 0.03125 0.03156565656565656
2 0.915838068181818 0.10542929292929298 0.02627840909090917 0.044191919191919164
3 0.06534090909090909 0.860479797979798 0.022727272727272735 0.046717171717171664
4 0.4772727272727272 0.9684343434343435 0.026988636363636465 0.04292929292929296
5 0.904119318181818 0.879419191919192 0.02556818181818188 0.04671717171717176
6 0.12890624999999997 0.6893939393939394 0.019176136363636367 0.03787878787878797
15 0.22230113636363635 0.09469696969696975 0.021306818181818232 0.04040404040404041
18 0.7365056818181818 0.21338383838383845 0.019886363636363757 0.042929292929292914
20 0.7514204545454546 0.3232323232323233 0.01846590909090917 0.03535353535353537
21 0.5582386363636364 0.22853535353535367 0.024147727272727293 0.04292929292929294
11 0.07634943181818182 0.4078282828282828 0.02059659090909091 0.03535353535353537