0 0.08154296875 0.1254340277777778 0.01904296875 0.0390625
1 0.4951171875 0.028645833333333332 0.02685546875 0.0390625
2 0.917236328125 0.1232638888888889 0.01904296875 0.043402777777777776
3 0.091796875 0.8532986111111112 0.02197265625 0.03993055555555555
4 0.491455078125 0.9552951388888888 0.0283203125 0.043402777777777776
5 0.901123046875 0.8741319444444444 0.0244140625 0.03732638888888889
16 0.33984375 0.5989583333333334 0.02392578125 0.04079861111111111
11 0.1142578125 0.4105902777777778 0.01904296875 0.03732638888888889
17 0.12255859375 0.1818576388888889 0.01806640625 0.03732638888888889
6 0.870849609375 0.16536458333333334 0.01611328125 0.0390625
14 0.902099609375 0.16710069444444445 0.01708984375 0.03298611111111111
9 0.881103515625 0.3094618055555556 0.01708984375 0.03993055555555555
20 0.841552734375 0.7078993055555556 0.0166015625 0.03993055555555555
18 0.4208984375 0.8832465277777778 0.02197265625 0.03732638888888889