0 0.08055840163934423 0.12716302367941712 0.021132172131147542 0.039845173041894326
1 0.49039446721311475 0.032673041894353355 0.02753586065573771 0.03984517304189436
2 0.9168801229508198 0.1260245901639344 0.01857069672131173 0.03756830601092895
3 0.091124487704918 0.8523451730418945 0.02945696721311475 0.03529143897996355
4 0.48975409836065575 0.956511839708561 0.03137807377049184 0.03870673952641152
5 0.8979892418032787 0.8734061930783243 0.020491803278688492 0.03870673952641152
6 0.8909451844262297 0.5267531876138434 0.015368852459016313 0.033014571948998234
15 0.7106813524590164 0.6736111111111112 0.018570696721311508 0.03301457194899804
16 0.8819800204918032 0.7994080145719491 0.015368852459016313 0.03187613843351538
17 0.2531378073770491 0.720856102003643 0.021772540983606592 0.03415300546448109
18 0.8499615778688524 0.200591985428051 0.020491803278688492 0.03870673952641167
21 0.9002305327868854 0.42714025500910746 0.01344774590163933 0.027322404371584754