0 0.053955078125 0.11284722222222222 0.02392578125 0.044270833333333336
1 0.478271484375 0.016493055555555556 0.029296875 0.027777777777777776
2 0.91650390625 0.1037326388888889 0.0263671875 0.04774305555555555
3 0.066650390625 0.8624131944444444 0.021484375 0.042534722222222224
4 0.47802734375 0.9678819444444444 0.03271484375 0.046875
5 0.90234375 0.87890625 0.0263671875 0.04513888888888889
6 0.8251953125 0.2703993055555556 0.021484375 0.03298611111111111
7 0.8427734375 0.56640625 0.01904296875 0.0390625
16 0.3583984375 0.13585069444444445 0.02197265625 0.041666666666666664
20 0.125244140625 0.48046875 0.01904296875 0.036458333333333336
10 0.8388671875 0.5056423611111112 0.0185546875 0.0390625
11 0.4248046875 0.4600694444444444 0.02392578125 0.041666666666666664