0 0.0557528409090909 0.11111111111111116 0.019176136363636374 0.03535353535353536
1 0.47904829545454536 0.017045454545454617 0.02627840909090906 0.02904040404040404
2 0.91796875 0.10479797979797986 0.02059659090909083 0.04545454545454545
3 0.06640625 0.8630050505050504 0.022017045454545442 0.03914141414141407
4 0.47798295454545453 0.9703282828282828 0.02556818181818188 0.041666666666666664
5 0.9019886363636364 0.8781565656565655 0.02556818181818188 0.04166666666666657
6 0.18927556818181818 0.21906565656565663 0.02059659090909094 0.039141414141414144
7 0.3117897727272727 0.8257575757575757 0.022727272727272707 0.03787878787878777
14 0.08380681818181818 0.2058080808080809 0.01704545454545453 0.03787878787878792
16 0.849431818181818 0.8301767676767677 0.017045454545454586 0.03661616161616167
17 0.32919034090909094 0.7916666666666666 0.024857954545454586 0.03787878787878777
18 0.3494318181818182 0.547979797979798 0.022727272727272707 0.040404040404040366
20 0.8501420454545454 0.6988636363636362 0.017045454545454586 0.03914141414141407
9 0.5485026041666667 0.23379629629629634 0.025390625 0.04629629629629625
10 0.576437114197531 0.16032235939643347 0.023630401234567833 0.04286694101508913
11 0.3664158950617285 0.16032235939643347 0.024112654320987637 0.04115226337448563
8 0.06992953431372545 0.6368464052287581 0.020680147058823532 0.03948801742919391
12 0.691417266821112 0.1645794162413824 0.02437865128928296 0.039943146208254995
13 0.8759765625 0.7337072649572651 0.017277644230769384 0.034722222222222224