0 0.0545212765957447 0.11288416075650123 0.025764627659574463 0.04137115839243499
1 0.47963763297872347 0.017582742316784927 0.0332446808510638 0.02511820330969268
2 0.915558510638298 0.1010638297872341 0.024102393617021267 0.05023640661938536
3 0.06657247340425533 0.8619976359338062 0.029920212765957438 0.03841607565011825
4 0.47922207446808507 0.9676418439716312 0.03075132978723405 0.03989361702127662
5 0.903091755319149 0.8752955082742319 0.025764627659574435 0.044326241134751636
6 0.8573803191489362 0.8265366430260048 0.019115691489361764 0.0413711583924348
7 0.445629222972973 0.7957957957957957 0.023578265765765827 0.04379379379379383
14 0.209056712962963 0.17656893004115226 0.021701388888888895 0.042438271604938294
15 0.31539351851851855 0.8858024691358024 0.02314814814814814 0.043724279835391004
16 0.5425347222222222 0.8800154320987654 0.02459490740740744 0.04758230452674894
17 0.6901041666666666 0.7816358024691357 0.02170138888888884 0.04115226337448558
18 0.7118055555555556 0.5295781893004116 0.02604166666666674 0.04629629629629623
19 0.9020543981481481 0.2588734567901235 0.02025462962962976 0.03986625514403297
20 0.24956597222222224 0.6331018518518519 0.024594907407407385 0.03986625514403287
21 0.8846932870370371 0.7224794238683129 0.01880787037037046 0.03858024691358016
8 0.6731047453703703 0.7012602880658436 0.02531828703703698 0.03986625514403287
9 0.4495804398148148 0.8632973251028806 0.02676504629629639 0.03986625514403287
10 0.8456307870370371 0.13477366255144033 0.02170138888888884 0.03858024691358026
11 0.8857783564814815 0.288451646090535 0.01953125 0.04501028806584362
12 0.6090856481481481 0.5077160493827161 0.02604166666666652 0.04629629629629623
13 0.21158854166666666 0.8870884773662552 0.02242476851851849 0.03343621399176951