0 0.08087858606557374 0.12260928961748634 0.02049180327868852 0.048952641165755914
1 0.4948770491803279 0.02584244080145718 0.028816598360655754 0.04439890710382513
2 0.9168801229508198 0.11919398907103823 0.02113217213114771 0.04212204007285974
3 0.08984374999999997 0.851775956284153 0.02305327868852458 0.03642987249544621
4 0.49167520491803285 0.9582194899817852 0.027535860655737654 0.053506375227686455
5 0.9005507172131146 0.872836976320583 0.02561475409836067 0.03984517304189428
6 0.8467597336065573 0.1971766848816029 0.019211065573770503 0.03870673952641162
7 0.49615778688524587 0.5091074681238615 0.022412909836065587 0.04326047358834254
14 0.7298924180327869 0.5870901639344263 0.019851434426229497 0.039845173041894374
15 0.8115394467213115 0.7567167577413482 0.016649590163934302 0.037568306010928865
16 0.580686475409836 0.6161202185792349 0.021132172131147486 0.04098360655737703
17 0.24865522540983603 0.21083788706739526 0.02049180327868852 0.036429872495446304
18 0.12922643442622947 0.29678961748633875 0.017289959016393422 0.03529143897996355
19 0.8441982581967213 0.6223816029143898 0.01793032786885229 0.03756830601092906
20 0.6700179303278688 0.44421675774134795 0.021772540983606703 0.04098360655737703
21 0.5534707991803279 0.6923952641165756 0.02177254098360648 0.04098360655737723
8 0.7145235655737706 0.5330145719489982 0.019851434426229497 0.04098360655737703
10 0.5528304303278688 0.7698087431693991 0.021772540983606703 0.03870673952641172
11 0.9040727459016393 0.1470856102003643 0.017289959016393297 0.036429872495446304
12 0.24417264344262293 0.12374772313296901 0.019211065573770447 0.03529143897996355
13 0.7731173155737705 0.5865209471766849 0.020491803278688492 0.03870673952641152