0 0.08119877049180325 0.12545537340619306 0.027535860655737737 0.04098360655737703
1 0.4958376024590164 0.02299635701275044 0.026895491803278715 0.036429872495446255
2 0.9155993852459017 0.12147085610200363 0.02113217213114771 0.03756830601092895
3 0.09272540983606554 0.8568989071038252 0.02753586065573771 0.03756830601092906
4 0.49071465163934436 0.9548041894353371 0.025614754098360726 0.037568306010928865
5 0.8995901639344264 0.8699908925318763 0.024974385245901676 0.043260473588342445
6 0.9063140368852459 0.2945127504553734 0.016649590163934302 0.03756830601092896
7 0.9050332991803279 0.730532786885246 0.016649590163934302 0.033014571948998234
8 0.09240522540983603 0.18408469945355194 0.017930327868852458 0.033014571948998234
14 0.5393826844262295 0.5500910746812386 0.023053278688524692 0.04326047358834254
15 0.6101434426229508 0.1043943533697632 0.022412909836065698 0.04212204007285974
17 0.6636142418032787 0.5956284153005464 0.023053278688524692 0.04553734061930786
19 0.8992699795081966 0.7003642987249544 0.016649590163934302 0.03187613843351558
20 0.6684170081967213 0.13740892531876137 0.018570696721311508 0.039845173041894374