0 0.054931640625 0.1111111111111111 0.0185546875 0.03732638888888889
1 0.481689453125 0.013454861111111112 0.025390625 0.019097222222222224
2 0.918701171875 0.10199652777777778 0.02392578125 0.03732638888888889
3 0.067138671875 0.8602430555555556 0.02001953125 0.03993055555555555
4 0.4794921875 0.9730902777777778 0.02734375 0.044270833333333336
5 0.902099609375 0.8797743055555556 0.02001953125 0.03732638888888889
6 0.857421875 0.5651041666666666 0.02099609375 0.04079861111111111
17 0.916015625 0.5421006944444444 0.0166015625 0.036458333333333336
18 0.896484375 0.5203993055555556 0.01611328125 0.036458333333333336
20 0.082763671875 0.5269097222222222 0.01904296875 0.035590277777777776
8 0.840576171875 0.1879340277777778 0.0185546875 0.04079861111111111
10 0.8330078125 0.2934027777777778 0.02001953125 0.03732638888888889
11 0.899169921875 0.12890625 0.0166015625 0.036458333333333336
13 0.2421875 0.07552083333333333 0.02197265625 0.0390625