0 0.05493683510638299 0.10771276595744686 0.021609042553191488 0.03693853427895983
1 0.48213098404255317 0.017582742316784927 0.028257978723404298 0.02511820330969268
2 0.9176363031914893 0.1018026004728133 0.023271276595744572 0.045803782505910155
3 0.06366356382978725 0.8664302600472815 0.020777925531914904 0.04137115839243499
4 0.47880651595744683 0.9698581560283688 0.03324468085106391 0.047281323877068675
5 0.901845079787234 0.8767730496453903 0.024933510638297962 0.041371158392434895
6 0.2531582446808511 0.5 0.024102393617021267 0.04432624113475173
7 0.40234375 0.5731382978723405 0.02659574468085113 0.04580378250591011
14 0.13638630319148937 0.46306146572104034 0.019946808510638292 0.04432624113475173
15 0.2872340425531915 0.2576832151300237 0.0224401595744681 0.04432624113475173
16 0.5099734042553191 0.16016548463356978 0.024102393617021267 0.04432624113475173
17 0.4746509308510638 0.12396572104018916 0.024933510638297962 0.042848699763593366
19 0.679936835106383 0.09736997635933813 0.021609042553191404 0.04284869976359339
20 0.6288231382978724 0.08333333333333338 0.0224401595744681 0.04432624113475176
21 0.32962101063829785 0.7467494089834515 0.0224401595744681 0.03841607565011825
8 0.10521941489361704 0.3300827423167849 0.019115691489361708 0.03546099290780141
9 0.10771276595744682 0.12027186761229319 0.019115691489361708 0.03250591016548462
11 0.589345079787234 0.4586288416075651 0.024933510638297962 0.04728132387706848
13 0.3204787234042553 0.5081264775413712 0.025764627659574435 0.03989361702127662
10 0.07769097222222222 0.8533950617283952 0.015624999999999972 0.030864197530864088