1 0.76513671875 0.4904513888888889 0.0205078125 0.052083333333333336
4 0.2451171875 0.4891493055555556 0.025390625 0.04079861111111111
6 0.335205078125 0.9605034722222222 0.02099609375 0.036458333333333336
7 0.601806640625 0.5659722222222222 0.02294921875 0.03993055555555555
8 0.556396484375 0.9622395833333334 0.0205078125 0.035590277777777776
12 0.36572265625 0.4761284722222222 0.02099609375 0.042534722222222224
13 0.47705078125 0.8949652777777778 0.0244140625 0.03732638888888889
14 0.325439453125 0.4565972222222222 0.02099609375 0.044270833333333336
17 0.63330078125 0.6072048611111112 0.01806640625 0.03732638888888889
18 0.63134765625 0.60546875 0.02197265625 0.0390625
19 0.524658203125 0.9440104166666666 0.02099609375 0.03298611111111111
20 0.5517578125 0.8550347222222222 0.0244140625 0.03732638888888889
21 0.504150390625 0.9236111111111112 0.0224609375 0.03993055555555555