0 0.083740234375 0.13020833333333334 0.02734375 0.043402777777777776
1 0.494873046875 0.029947916666666668 0.0302734375 0.0390625
2 0.918701171875 0.12152777777777778 0.02490234375 0.046875
3 0.091552734375 0.8515625 0.02490234375 0.033854166666666664
4 0.49169921875 0.9535590277777778 0.02490234375 0.03993055555555555
5 0.90478515625 0.875 0.02734375 0.05381944444444445
6 0.8251953125 0.8728298611111112 0.02099609375 0.03732638888888889
7 0.370849609375 0.5 0.0205078125 0.043402777777777776
8 0.663330078125 0.4904513888888889 0.02734375 0.051215277777777776
12 0.8916015625 0.22395833333333334 0.01806640625 0.035590277777777776
13 0.8349609375 0.5334201388888888 0.02001953125 0.035590277777777776
10 0.896728515625 0.8598090277777778 0.01904296875 0.036458333333333336
14 0.601806640625 0.6948784722222222 0.0263671875 0.04079861111111111
15 0.72607421875 0.640625 0.0224609375 0.03732638888888889
16 0.580078125 0.6176215277777778 0.02099609375 0.044270833333333336
17 0.24951171875 0.2113715277777778 0.02392578125 0.044270833333333336
18 0.210205078125 0.17447916666666666 0.01806640625 0.026909722222222224
19 0.67578125 0.7065972222222222 0.029296875 0.044270833333333336
20 0.670654296875 0.4466145833333333 0.025390625 0.033854166666666664
21 0.553466796875 0.6935763888888888 0.02685546875 0.0390625