0 0.05419921875 0.11241319444444445 0.02490234375 0.03993055555555555
1 0.480224609375 0.010850694444444444 0.02880859375 0.019097222222222224
2 0.917724609375 0.1072048611111111 0.025390625 0.03211805555555555
3 0.066162109375 0.8650173611111112 0.025390625 0.044270833333333336
4 0.47900390625 0.9735243055555556 0.029296875 0.052083333333333336
5 0.90283203125 0.8802083333333334 0.02490234375 0.04079861111111111
6 0.604736328125 0.1449652777777778 0.025390625 0.043402777777777776
7 0.33837890625 0.5789930555555556 0.0244140625 0.042534722222222224
14 0.25537109375 0.12890625 0.0224609375 0.04079861111111111
15 0.833984375 0.20963541666666666 0.0205078125 0.04079861111111111
16 0.490478515625 0.33984375 0.0263671875 0.046875
18 0.31787109375 0.3706597222222222 0.0244140625 0.044270833333333336
20 0.39892578125 0.8402777777777778 0.02392578125 0.04079861111111111
8 0.211181640625 0.1697048611111111 0.0224609375 0.0390625
9 0.781005859375 0.1996527777777778 0.02099609375 0.043402777777777776
10 0.8369140625 0.4361979166666667 0.02001953125 0.04079861111111111
12 0.234619140625 0.7591145833333334 0.02294921875 0.03993055555555555