0 0.079345703125 0.12413194444444445 0.0302734375 0.04079861111111111
1 0.495849609375 0.029947916666666668 0.0283203125 0.043402777777777776
2 0.91748046875 0.12239583333333333 0.03271484375 0.05555555555555555
3 0.09228515625 0.8506944444444444 0.0244140625 0.043402777777777776
4 0.491943359375 0.9526909722222222 0.033203125 0.035590277777777776
5 0.89892578125 0.8728298611111112 0.0263671875 0.042534722222222224
6 0.51953125 0.7582465277777778 0.02685546875 0.043402777777777776
7 0.845458984375 0.6571180555555556 0.01806640625 0.033854166666666664
8 0.694091796875 0.4939236111111111 0.02099609375 0.03993055555555555
14 0.6328125 0.6627604166666666 0.025390625 0.0390625
15 0.611083984375 0.109375 0.02197265625 0.04513888888888889
17 0.521240234375 0.5529513888888888 0.02490234375 0.044270833333333336
19 0.344970703125 0.4774305555555556 0.02392578125 0.0390625
20 0.667724609375 0.13585069444444445 0.0224609375 0.03211805555555555
21 0.709716796875 0.4457465277777778 0.025390625 0.042534722222222224