0 0.0789574795081967 0.1283014571948998 0.028176229508196704 0.030737704918032776
1 0.49167520491803285 0.03096539162112931 0.03137807377049184 0.040983606557377046
2 0.912717725409836 0.12204007285974498 0.023053278688524692 0.038706739526411654
3 0.08824282786885243 0.8517759562841533 0.02497438524590162 0.04326047358834235
4 0.49039446721311486 0.9530965391621131 0.026255122950819665 0.03870673952641152
5 0.8970286885245902 0.8779599271402552 0.024974385245901676 0.04553734061930786
6 0.7500640368852459 0.6286429872495447 0.016649590163934525 0.03870673952641172
7 0.8461193647540984 0.5825364298724954 0.023053278688524692 0.04212204007285969
21 0.8976690573770493 0.5421220400728598 0.021132172131147486 0.03642987249544621
14 0.7334144467213115 0.6627959927140255 0.020491803278688492 0.03870673952641172
18 0.6799436475409837 0.6827185792349728 0.018570696721311508 0.03529143897996355
15 0.26306352459016397 0.5700136612021858 0.023693647540983687 0.03073770491803292
16 0.41931352459016397 0.32866575591985425 0.023693647540983576 0.03756830601092906
17 0.22560194672131148 0.8574681238615667 0.020491803278688547 0.03187613843351558