0 0.08055840163934423 0.12488615664845172 0.026255122950819693 0.04212204007285974
1 0.4964779713114754 0.030396174863387963 0.02945696721311486 0.04667577413479053
2 0.9152792008196722 0.12147085610200363 0.02305327868852447 0.048952641165755914
3 0.09304559426229506 0.8523451730418945 0.025614754098360643 0.04667577413479071
4 0.49103483606557374 0.9502504553734062 0.024974385245901676 0.0443989071038252
5 0.9008709016393444 0.8688524590163935 0.024974385245901676 0.04326047358834254
7 0.9031121926229508 0.7481785063752278 0.01921106557377028 0.03415300546448089
8 0.14811731557377047 0.2808515482695811 0.017930327868852458 0.03529143897996355
14 0.5400230532786886 0.5495218579234973 0.020491803278688492 0.039845173041894374
15 0.6107838114754098 0.1032559198542805 0.023693647540983687 0.04439890710382514
17 0.6639344262295083 0.5950591985428051 0.023693647540983687 0.0443989071038252
19 0.46734118852459017 0.1789617486338798 0.021132172131147486 0.03870673952641172
20 0.6674564549180328 0.13740892531876137 0.021772540983606703 0.04212204007285974