0 0.054943647540983576 0.11293260473588343 0.023693647540983603 0.029599271402550118
1 0.479188012295082 0.013888888888888874 0.02433401639344257 0.02276867030965392
2 0.917200307377049 0.10837887067395263 0.02177254098360648 0.034153005464480884
3 0.06679047131147538 0.8648679417122042 0.023053278688524602 0.039845173041894374
4 0.4795081967213115 0.975865209471767 0.026255122950819665 0.04326047358834254
5 0.9021516393442623 0.8830828779599273 0.022412909836065698 0.037568306010928865
6 0.9181608606557377 0.3884335154826959 0.01728995901639352 0.03870673952641172
7 0.9034323770491803 0.6610883424408015 0.01728995901639352 0.03529143897996355
14 0.5922131147540983 0.9047131147540985 0.023693647540983687 0.037568306010928865
15 0.09752817622950816 0.6753187613843352 0.019211065573770503 0.03642987249544621
16 0.6636142418032787 0.6599499089253188 0.023053278688524692 0.0443989071038252
19 0.3319031762295082 0.4681238615664845 0.02433401639344268 0.04326047358834235
20 0.11737961065573768 0.3115892531876138 0.017930327868852458 0.03756830601092896
21 0.3799308401639344 0.3696493624772313 0.02561475409836067 0.0443989071038251
8 0.12442366803278687 0.4265710382513661 0.019211065573770503 0.03756830601092896
9 0.9085553278688524 0.21880692167577415 0.018570696721311508 0.03642987249544621
11 0.7426997950819673 0.27857468123861573 0.022412909836065698 0.0443989071038251
13 0.19486424180327866 0.8665755919854282 0.020491803278688547 0.03870673952641172