0 0.080322265625 0.12239583333333333 0.025390625 0.03298611111111111
1 0.492919921875 0.026909722222222224 0.02880859375 0.042534722222222224
2 0.919677734375 0.12109375 0.01904296875 0.043402777777777776
3 0.090576171875 0.8515625 0.025390625 0.033854166666666664
4 0.49169921875 0.9535590277777778 0.0263671875 0.042534722222222224
5 0.90087890625 0.8745659722222222 0.02734375 0.050347222222222224
6 0.478515625 0.0876736111111111 0.02294921875 0.036458333333333336
7 0.86572265625 0.4253472222222222 0.01708984375 0.046875
12 0.761962890625 0.2265625 0.02392578125 0.04774305555555555
18 0.219482421875 0.3098958333333333 0.0224609375 0.036458333333333336
20 0.439697265625 0.14973958333333334 0.0224609375 0.03298611111111111
8 0.89501953125 0.2552083333333333 0.0185546875 0.0390625