0 0.05161236702127661 0.10992907801418446 0.023271276595744676 0.0384160756501182
1 0.47963763297872347 0.013150118203309743 0.0332446808510638 0.025118203309692673
2 0.9168051861702129 0.10254137115839249 0.021609042553191404 0.05023640661938532
3 0.06532579787234043 0.8605200945626479 0.024102393617021288 0.0413711583924348
4 0.47755984042553196 0.9720744680851064 0.027426861702127714 0.04875886524822685
5 0.9022606382978723 0.8782505910165486 0.025764627659574435 0.04728132387706877
6 0.6047207446808511 0.14243498817966907 0.025764627659574435 0.04137115839243499
7 0.8025265957446808 0.8058510638297874 0.019115691489361764 0.03546099290780131
14 0.7750997340425532 0.13356973995271873 0.019115691489361764 0.0384160756501182
15 0.7630485372340425 0.09441489361702132 0.021609042553191404 0.03989361702127657
16 0.27684507978723405 0.13430851063829793 0.023271276595744683 0.03693853427895978
18 0.2215757978723404 0.14465130023640665 0.024102393617021267 0.03989361702127657
19 0.3986037234042553 0.8294917257683216 0.0224401595744681 0.03841607565011825
20 0.6412898936170213 0.8996749408983453 0.0224401595744681 0.03693853427895988
8 0.23653590425531915 0.10919030732860525 0.022440159574468044 0.033983451536643075
9 0.7842420212765957 0.17420212765957452 0.02077792553191493 0.03989361702127662
10 0.7368683510638298 0.273936170212766 0.024102393617021267 0.04728132387706858
12 0.23612034574468083 0.7563534278959811 0.023271276595744683 0.03989361702127662