0 0.05334272540983605 0.11008652094717666 0.023053278688524602 0.039845173041894326
1 0.4801485655737705 0.013319672131147526 0.027535860655737765 0.017076502732240442
2 0.9184810450819673 0.10780965391621129 0.02433401639344268 0.030737704918032776
3 0.06486936475409832 0.8637295081967213 0.025614754098360663 0.037568306010928865
4 0.479188012295082 0.9713114754098362 0.02817622950819676 0.04098360655737723
5 0.9027920081967213 0.8802367941712205 0.022412909836065698 0.03415300546448089
6 0.18557889344262293 0.6861338797814207 0.022412909836065587 0.039845173041894374
7 0.16380635245901637 0.200591985428051 0.021132172131147542 0.03642987249544621
14 0.6431224385245902 0.12716302367941712 0.02433401639344268 0.044398907103825117
16 0.582275390625 0.880859375 0.0244140625 0.04014756944444445
17 0.34698486328125 0.451171875 0.0250244140625 0.042317708333333336
18 0.8135986328125 0.8032769097222222 0.018310546875 0.04123263888888889
19 0.90911865234375 0.5754123263888888 0.0164794921875 0.0390625
20 0.6793212890625 0.13867187500000003 0.02197265625 0.03797743055555555
8 0.9014892578125 0.7788628472222222 0.018310546875 0.03797743055555555
9 0.8587646484375 0.3068576388888889 0.020751953125 0.04014756944444445
10 0.76324462890625 0.0893012152777778 0.0213623046875 0.04123263888888889
11 0.9136962890625 0.24934895833333334 0.018310546875 0.035807291666666664
12 0.37139892578125 0.24283854166666666 0.0238037109375 0.042317708333333336
13 0.8721923828125 0.6779513888888888 0.018310546875 0.03797743055555555