0 0.053662909836065545 0.11065573770491802 0.023693647540983603 0.036429872495446255
1 0.48046875 0.012750455373406178 0.02689549180327866 0.02276867030965392
2 0.9181608606557378 0.10496357012750453 0.022412909836065698 0.04098360655737707
3 0.06486936475409832 0.8682832422586523 0.02049180327868852 0.037568306010928865
4 0.47726690573770497 0.972449908925319 0.02817622950819676 0.04781420765027317
5 0.9011910860655737 0.8802367941712205 0.020491803278688492 0.03187613843351558
6 0.1340292008196721 0.5113843351548268 0.01921106557377049 0.04326047358834254
14 0.33094262295081966 0.7669626593806922 0.023693647540983576 0.042122040072859884
16 0.907594774590164 0.18693078324225865 0.01793032786885229 0.036429872495446255
17 0.2124743852459016 0.447632058287796 0.022412909836065587 0.04098360655737703
18 0.22111936475409832 0.5096766848816029 0.02305327868852458 0.04212204007285969
19 0.8851818647540984 0.5637522768670311 0.01793032786885229 0.03870673952641172
20 0.35559682377049184 0.7538706739526412 0.02305327868852458 0.04098360655737703
21 0.4747054303278688 0.614412568306011 0.02561475409836056 0.04212204007285969
8 0.15836321721311475 0.40892531876138427 0.020491803278688547 0.04098360655737703
9 0.75390625 0.30020491803278687 0.023053278688524692 0.0443989071038251
10 0.10553278688524587 0.7504553734061932 0.01857069672131148 0.03642987249544621
11 0.2822745901639344 0.07593351548269581 0.022412909836065587 0.03756830601092896
12 0.5073642418032787 0.3616803278688524 0.02433401639344268 0.0443989071038251
13 0.8630891393442623 0.333219489981785 0.01985143442622972 0.039845173041894374