0 0.078857421875 0.1267361111111111 0.02294921875 0.036458333333333336
1 0.490966796875 0.029079861111111112 0.02880859375 0.03993055555555555
2 0.9150390625 0.12109375 0.02001953125 0.036458333333333336
3 0.090087890625 0.8541666666666666 0.0224609375 0.033854166666666664
4 0.48974609375 0.9535590277777778 0.02734375 0.035590277777777776
5 0.897705078125 0.87109375 0.02001953125 0.0390625
6 0.722412109375 0.84375 0.0205078125 0.033854166666666664
14 0.60888671875 0.5073784722222222 0.02001953125 0.03732638888888889
15 0.824951171875 0.4210069444444444 0.01416015625 0.03298611111111111
16 0.87939453125 0.6332465277777778 0.01806640625 0.033854166666666664
17 0.805419921875 0.3997395833333333 0.0185546875 0.0390625
18 0.7998046875 0.4596354166666667 0.02001953125 0.03732638888888889
21 0.851806640625 0.4123263888888889 0.01513671875 0.036458333333333336