0 0.054943647540983576 0.10951730418943534 0.021132172131147542 0.040983606557377046
1 0.479188012295082 0.013319672131147526 0.02817622950819676 0.023907103825136618
2 0.9188012295081969 0.1043943533697632 0.023693647540983687 0.03756830601092896
3 0.06647028688524588 0.8620218579234973 0.023693647540983603 0.04098360655737703
4 0.4788678278688524 0.9735883424408017 0.026255122950819665 0.04781420765027317
5 0.9027920081967213 0.8802367941712205 0.023693647540983687 0.04553734061930776
7 0.5409836065573771 0.6872723132969034 0.026255122950819665 0.04212204007285969
18 0.16188524590163933 0.10724043715846994 0.018570696721311508 0.03870673952641167
19 0.9040727459016393 0.21539162112932603 0.017289959016393297 0.0387067395264116
10 0.15067879098360654 0.19319216757741345 0.020491803278688547 0.03756830601092891
12 0.44813012295081966 0.13513205828779598 0.024974385245901565 0.039845173041894374
13 0.6027792008196722 0.8660063752276869 0.023053278688524692 0.039845173041894374