0 0.0546875 0.11197916666666667 0.02294921875 0.0390625
1 0.479736328125 0.013454861111111112 0.0244140625 0.024305555555555556
2 0.918701171875 0.109375 0.02490234375 0.036458333333333336
3 0.06591796875 0.8654513888888888 0.0263671875 0.036458333333333336
4 0.479736328125 0.9700520833333334 0.025390625 0.043402777777777776
5 0.902099609375 0.8802083333333334 0.02392578125 0.036458333333333336
6 0.27490234375 0.13802083333333334 0.02294921875 0.043402777777777776
7 0.361083984375 0.4357638888888889 0.02490234375 0.044270833333333336
14 0.131103515625 0.8129340277777778 0.0185546875 0.033854166666666664
15 0.732177734375 0.07291666666666667 0.02197265625 0.04079861111111111
16 0.09619140625 0.7413194444444444 0.01806640625 0.033854166666666664
18 0.235595703125 0.8780381944444444 0.02099609375 0.036458333333333336
19 0.414794921875 0.1935763888888889 0.02490234375 0.043402777777777776
20 0.9150390625 0.3953993055555556 0.01708984375 0.033854166666666664
21 0.691162109375 0.5694444444444444 0.0244140625 0.04513888888888889
8 0.702880859375 0.46484375 0.02392578125 0.04774305555555555
9 0.091552734375 0.5251736111111112 0.0185546875 0.033854166666666664
10 0.353271484375 0.7925347222222222 0.02392578125 0.036458333333333336
11 0.32763671875 0.48046875 0.02392578125 0.04079861111111111
12 0.201171875 0.8472222222222222 0.0205078125 0.036458333333333336
13 0.72021484375 0.5186631944444444 0.02392578125 0.042534722222222224