0 0.054105718085106405 0.10919030732860525 0.021609042553191488 0.042848699763593366
1 0.47755984042553196 0.013888888888888938 0.03573803191489355 0.02659574468085106
2 0.9172207446808511 0.1003250591016549 0.0224401595744681 0.05466903073286052
3 0.06740359042553193 0.8649527186761231 0.023271276595744683 0.044326241134751934
4 0.4788065159574467 0.9691193853427897 0.028257978723404298 0.04875886524822685
5 0.9055851063829787 0.8775118203309693 0.0224401595744681 0.03989361702127662
6 0.23695146276595747 0.21705082742316792 0.023271276595744683 0.03693853427895985
7 0.4825465425531915 0.11362293144208041 0.024102393617021267 0.042848699763593415
14 0.08277925531914895 0.3625886524822695 0.020777925531914876 0.03250591016548457
15 0.5344913563829786 0.5945626477541373 0.02493351063829774 0.04432624113475173
16 0.25814494680851063 0.823581560283688 0.02244015957446807 0.03841607565011825
17 0.12932180851063832 0.5945626477541371 0.02410239361702128 0.03841607565011825
18 0.0732214095744681 0.5435874704491727 0.018284574468085096 0.031028368794326196
20 0.38863031914893614 0.8368794326241136 0.02077792553191493 0.04137115839243499
21 0.7568151595744681 0.7585697399527188 0.0224401595744681 0.04137115839243499
19 0.11353058510638299 0.7393617021276596 0.019115691489361708 0.03546099290780131
9 0.1334773936170213 0.7002068557919622 0.024102393617021267 0.03693853427895988
10 0.18168218085106386 0.16090425531914898 0.0224401595744681 0.03989361702127657
11 0.2531582446808511 0.879728132387707 0.0224401595744681 0.03841607565011815
12 0.07446808510638299 0.6411052009456265 0.019115691489361708 0.03693853427895988
13 0.8241356382978723 0.25916075650118203 0.0224401595744681 0.04728132387706848