0 0.081298828125 0.1267361111111111 0.02392578125 0.03211805555555555
1 0.4931640625 0.03428819444444445 0.02685546875 0.036458333333333336
2 0.915283203125 0.12586805555555555 0.02197265625 0.046875
3 0.09228515625 0.8506944444444444 0.02294921875 0.036458333333333336
4 0.491455078125 0.953125 0.0283203125 0.036458333333333336
5 0.900634765625 0.8723958333333334 0.02197265625 0.04774305555555555
6 0.283447265625 0.7118055555555556 0.02001953125 0.036458333333333336
7 0.861083984375 0.3298611111111111 0.02001953125 0.03298611111111111
9 0.38671875 0.8276909722222222 0.02490234375 0.036458333333333336
11 0.3603515625 0.2183159722222222 0.02490234375 0.035590277777777776
12 0.53173828125 0.6388888888888888 0.025390625 0.04513888888888889
14 0.685302734375 0.3884548611111111 0.0205078125 0.04079861111111111
15 0.31689453125 0.6171875 0.0185546875 0.04079861111111111
16 0.618408203125 0.3702256944444444 0.0224609375 0.04079861111111111
18 0.174072265625 0.3654513888888889 0.0185546875 0.04079861111111111
19 0.385009765625 0.6697048611111112 0.0244140625 0.043402777777777776
20 0.701416015625 0.5998263888888888 0.02197265625 0.03993055555555555