0 0.05462346311475407 0.11179417122040072 0.025614754098360656 0.036429872495446255
1 0.48046875 0.012181238615664829 0.02689549180327866 0.019353369763205834
2 0.9175204918032787 0.10610200364298722 0.022412909836065698 0.03187613843351547
3 0.06647028688524588 0.8637295081967213 0.02241290983606558 0.046675774134790515
4 0.47854764344262296 0.972449908925319 0.02689549180327866 0.04553734061930786
5 0.9031121926229508 0.8796675774134791 0.02305327868852447 0.03529143897996355
6 0.815061475409836 0.3411885245901639 0.02113217213114771 0.039845173041894374
14 0.8198642418032787 0.2222222222222222 0.020491803278688492 0.03870673952641167
16 0.2582607581967213 0.8227459016393444 0.02049180327868852 0.037568306010928865
20 0.9139984631147542 0.22108378870673956 0.01793032786885229 0.03415300546448092
21 0.7920081967213115 0.6958105646630237 0.022412909836065698 0.03870673952641192
11 0.18205686475409832 0.5796903460837888 0.021772540983606536 0.03870673952641152
13 0.9021516393442623 0.31841985428051006 0.018570696721311508 0.03529143897996355