0 0.08055840163934425 0.12545537340619306 0.028816598360655754 0.03870673952641163
1 0.4955174180327869 0.02925774134790527 0.03137807377049179 0.04439890710382514
2 0.9191214139344261 0.12431693989071037 0.02177254098360648 0.04781420765027322
3 0.09080430327868849 0.8534836065573771 0.026255122950819665 0.04212204007285969
4 0.49039446721311486 0.9530965391621131 0.026255122950819665 0.04553734061930786
5 0.9015112704918032 0.8722677595628416 0.02113217213114771 0.043260473588342445
6 0.8368340163934427 0.40038706739526414 0.01728995901639352 0.03529143897996355
7 0.7001152663934427 0.20116120218579236 0.020491803278688492 0.03756830601092896
21 0.8995901639344264 0.1470856102003643 0.01216700819672134 0.03415300546448089
18 0.6460040983606558 0.43169398907103823 0.022412909836065698 0.036429872495446255
17 0.09208504098360654 0.5130919854280509 0.019851434426229497 0.023907103825136587
16 0.7484631147540983 0.3087431693989071 0.018570696721311508 0.04326047358834235
15 0.4711834016393443 0.43624772313296906 0.021132172131147486 0.03415300546448089
14 0.8134605532786886 0.5387067395264116 0.017930327868852514 0.04326047358834254