0 0.0789574795081967 0.12830145719489983 0.030737704918032793 0.039845173041894326
1 0.49551741803278687 0.0332422586520947 0.027535860655737765 0.03870673952641167
2 0.9159195696721313 0.12204007285974498 0.02689549180327888 0.04098360655737703
3 0.09208504098360654 0.8563296903460839 0.03009733606557377 0.04098360655737703
4 0.49295594262295084 0.9536657559198544 0.02753586065573771 0.033014571948998234
5 0.8999103483606558 0.8756830601092899 0.02689549180327866 0.0523679417122039
6 0.8848616803278688 0.5022768670309654 0.01728995901639352 0.04098360655737703
9 0.8518826844262297 0.16871584699453548 0.01793032786885229 0.03870673952641167
11 0.11481813524590162 0.41234061930783245 0.019211065573770503 0.03415300546448089
14 0.9104764344262297 0.21766848816029144 0.01344774590163933 0.034153005464480794
16 0.3383068647540983 0.5984744990892533 0.02305327868852458 0.039845173041894374
17 0.12250256147540982 0.18351548269581056 0.021772540983606564 0.03870673952641162
18 0.4209144467213115 0.8830828779599273 0.02177254098360648 0.03984517304189418
20 0.8554047131147542 0.7145947176684883 0.019851434426229497 0.039845173041894576