0 0.08247950819672129 0.12887067395264118 0.03009733606557377 0.04781420765027322
1 0.4955174180327869 0.02811930783242257 0.03137807377049179 0.03529143897996356
2 0.9188012295081969 0.12204007285974498 0.023693647540983687 0.04553734061930781
3 0.09080430327868849 0.8529143897996357 0.026255122950819665 0.04098360655737703
4 0.49327612704918034 0.9553734061930784 0.03073770491803285 0.04326047358834254
5 0.9002305327868853 0.8728369763205828 0.028816598360655643 0.05350637522768675
6 0.30340676229508196 0.5865209471766849 0.021132172131147597 0.04098360655737703
7 0.9053534836065573 0.7282559198542806 0.01728995901639352 0.03529143897996355
8 0.09336577868852457 0.331511839708561 0.019851434426229497 0.03187613843351548
14 0.46029713114754095 0.2330373406193078 0.021132172131147486 0.039845173041894354
15 0.6107838114754098 0.10382513661202183 0.018570696721311508 0.04098360655737706
17 0.520811987704918 0.5500910746812386 0.02561475409836067 0.03870673952641172
19 0.3427894467213115 0.4772313296903461 0.021772540983606592 0.04098360655737703
20 0.6677766393442623 0.13683970856102004 0.021132172131147486 0.036429872495446255
21 0.6895491803278688 0.3924180327868852 0.022412909836065475 0.04212204007285969