1 0.765869140625 0.4908854166666667 0.025390625 0.051215277777777776
4 0.2412109375 0.4874131944444444 0.0244140625 0.04861111111111111
6 0.49658203125 0.052083333333333336 0.02099609375 0.043402777777777776
7 0.520263671875 0.9227430555555556 0.02099609375 0.03211805555555555
8 0.519287109375 0.9852430555555556 0.02099609375 0.029513888888888888
9 0.542236328125 0.9852430555555556 0.02099609375 0.029513888888888888
10 0.4873046875 0.9565972222222222 0.0244140625 0.030381944444444444
11 0.4521484375 0.9852430555555556 0.0224609375 0.029513888888888888
12 0.497802734375 0.9856770833333334 0.02392578125 0.028645833333333332
13 0.508056640625 0.9006076388888888 0.02001953125 0.03993055555555555
14 0.46484375 0.9552951388888888 0.0205078125 0.030381944444444444
15 0.496826171875 0.859375 0.02197265625 0.036458333333333336
16 0.530517578125 0.9574652777777778 0.02099609375 0.028645833333333332
17 0.509033203125 0.9557291666666666 0.01904296875 0.026909722222222224
18 0.476806640625 0.9839409722222222 0.02294921875 0.03211805555555555
19 0.48583984375 0.8923611111111112 0.0205078125 0.029513888888888888
20 0.49609375 0.9262152777777778 0.01904296875 0.0390625
21 0.474609375 0.9223090277777778 0.0224609375 0.03298611111111111
22 0.5600895395507812 1 0.49310661767578123 0.8077342048611111 0.4292000888671875 1 0.5600895395507812 1