0 0.07991803278688524 0.12659380692167577 0.031378073770491816 0.04098360655737703
1 0.49455686475409844 0.02584244080145718 0.028176229508196704 0.04439890710382513
2 0.9165599385245902 0.12317850637522769 0.02305327868852447 0.036429872495446255
3 0.09176485655737703 0.8546220400728598 0.02945696721311475 0.03984517304189418
4 0.49551741803278687 0.9570810564663024 0.028816598360655754 0.0443989071038252
5 0.8995901639344261 0.8711293260473588 0.026255122950819665 0.04781420765027327
6 0.8806992827868854 0.5893670309653918 0.019211065573770503 0.03529143897996355
7 0.8217853483606558 0.5142304189435337 0.017930327868852514 0.037568306010928865
8 0.3232581967213115 0.1413934426229508 0.023693647540983576 0.03187613843351548
9 0.2912397540983606 0.8773907103825136 0.021132172131147486 0.033014571948998137
10 0.7817622950819673 0.6667805100182149 0.018570696721311508 0.039845173041894374
11 0.08151895491803277 0.4704007285974499 0.019211065573770503 0.03415300546448089
12 0.8326716188524591 0.33663479052823314 0.020491803278688492 0.035291438979963646
13 0.8851818647540984 0.6958105646630237 0.016649590163934302 0.03415300546448089
14 0.6741803278688524 0.14993169398907102 0.019851434426229497 0.0352914389799636
15 0.8505859375 0.5211805555555555 0.01992187500000009 0.034027777777777816
16 0.7777343750000001 0.5305555555555556 0.020312499999999956 0.03750000000000004
18 0.7401383196721312 0.5717213114754098 0.018570696721311508 0.03642987249544621
19 0.23296618852459014 0.11179417122040072 0.019851434426229497 0.029599271402550118
20 0.4061859631147541 0.8090846994535519 0.02689549180327866 0.037568306010928865
21 0.5934938524590164 0.8033925318761385 0.023693647540983687 0.0443989071038252