0 0.054943647540983576 0.10951730418943532 0.02241290983606556 0.043260473588342424
1 0.4801485655737705 0.01502732240437157 0.030097336065573743 0.027322404371584706
2 0.9194415983606558 0.10667122040072859 0.023693647540983687 0.03529143897996356
3 0.06775102459016391 0.861452641165756 0.023693647540983603 0.04212204007285969
4 0.47790727459016397 0.972449908925319 0.02689549180327866 0.05009107468123849
5 0.9015112704918032 0.8802367941712205 0.023693647540983687 0.03415300546448089
6 0.18942110655737704 0.21766848816029144 0.021132172131147542 0.04553734061930786
7 0.3133324795081967 0.8261612021857926 0.02433401639344257 0.03984517304189418
14 0.18109631147540983 0.44023224043715853 0.022412909836065587 0.04212204007285974
15 0.7170850409836066 0.5552140255009107 0.023693647540983687 0.046675774134790515
16 0.12122182377049179 0.4038023679417122 0.020491803278688547 0.03756830601092896
17 0.24225153688524587 0.7362249544626596 0.02305327868852458 0.039845173041894374
18 0.35047387295081966 0.5478142076502732 0.02561475409836067 0.04553734061930786
19 0.14395491803278687 0.12545537340619306 0.019851434426229497 0.036429872495446255
20 0.06486936475409832 0.6986566484517304 0.017930327868852458 0.03529143897996375
21 0.2912397540983606 0.8699908925318761 0.023693647540983576 0.03870673952641152
8 0.06935194672131144 0.6360428051001823 0.019211065573770496 0.03756830601092906
9 0.7638319672131149 0.28825136612021857 0.021132172131147486 0.04326047358834235
10 0.8406762295081969 0.32183515482695807 0.019851434426229497 0.039845173041894374
11 0.7872054303278688 0.5944899817850637 0.021772540983606703 0.04098360655737703
12 0.5493084016393442 0.4390938069216757 0.023693647540983687 0.0443989071038251
13 0.71240234375 0.750289351851852 0.02278645833333348 0.043402777777777776