0 0.07799692622950817 0.12147085610200363 0.028816598360655726 0.039845173041894326
1 0.4932761270491803 0.02925774134790527 0.02817622950819676 0.039845173041894354
2 0.9178406762295082 0.12204007285974498 0.020491803278688492 0.04553734061930781
3 0.09016393442622948 0.8523451730418945 0.028816598360655726 0.04212204007285969
4 0.49103483606557374 0.9570810564663026 0.027535860655737654 0.042122040072859884
5 0.9024718237704917 0.8756830601092899 0.023053278688524692 0.04553734061930776
6 0.09080430327868849 0.5557832422586522 0.017289959016393436 0.02959927140255007
13 0.886142418032787 0.8506375227686704 0.01728995901639352 0.03870673952641152
14 0.7599897540983607 0.6935336976320584 0.019851434426229497 0.04326047358834254
19 0.08376024590163932 0.36908014571948994 0.01600922131147542 0.02276867030965393
20 0.8630891393442625 0.6713342440801457 0.01728995901639352 0.03529143897996355
21 0.8806992827868854 0.5267531876138434 0.015368852459016313 0.039845173041894374
17 0.10489241803278687 0.6997950819672132 0.021132172131147542 0.03756830601092926