0 0.0789574795081967 0.1271630236794171 0.021772540983606564 0.033014571948998185
1 0.49135502049180335 0.028688524590163918 0.028176229508196704 0.036429872495446255
2 0.9139984631147542 0.12488615664845172 0.019211065573770503 0.03301457194899815
3 0.090484118852459 0.8529143897996357 0.021772540983606536 0.03870673952641172
4 0.48911372950819676 0.9502504553734065 0.0288165983606557 0.037568306010928865
5 0.8963883196721313 0.8711293260473588 0.022412909836065475 0.03415300546448089
6 0.3975409836065573 0.6531193078324224 0.022412909836065587 0.037568306010928865
17 0.32293801229508196 0.6821493624772313 0.02433401639344268 0.03415300546448089
15 0.7100409836065573 0.6730418943533698 0.018570696721311508 0.03642987249544621
16 0.8800589139344264 0.7982695810564663 0.016649590163934302 0.03187613843351558
14 0.858606557377049 0.29508196721311475 0.01728995901639352 0.03187613843351548
18 0.8502817622950819 0.20116120218579234 0.019851434426229497 0.03529143897996355
21 0.8989497950819673 0.4254326047358834 0.018570696721311508 0.033014571948998234