0 0.050537109375 0.1072048611111111 0.02490234375 0.059027777777777776
1 0.47705078125 0.012152777777777778 0.04052734375 0.021701388888888888
2 0.920166015625 0.10112847222222222 0.0263671875 0.06510416666666667
3 0.06201171875 0.8758680555555556 0.02392578125 0.07291666666666667
4 0.478515625 0.9700520833333334 0.03466796875 0.057291666666666664
5 0.900634765625 0.8815104166666666 0.025390625 0.06336805555555555
7 0.65966796875 0.3385416666666667 0.02197265625 0.043402777777777776
16 0.111328125 0.6059027777777778 0.0185546875 0.033854166666666664
20 0.90283203125 0.6861979166666666 0.01611328125 0.03298611111111111
21 0.563720703125 0.8697916666666666 0.0244140625 0.036458333333333336
8 0.06298828125 0.1840277777777778 0.0166015625 0.03298611111111111
10 0.429443359375 0.7144097222222222 0.02490234375 0.042534722222222224
11 0.13916015625 0.6167534722222222 0.01806640625 0.03993055555555555
13 0.276611328125 0.30078125 0.0224609375 0.043402777777777776