1 0.22802734375 0.53515625 0.01416015625 0.05295138888888889
4 0.764892578125 0.5390625 0.0283203125 0.05555555555555555
6 0.5546875 0.06684027777777778 0.02294921875 0.042534722222222224
7 0.471923828125 0.4809027777777778 0.02490234375 0.04513888888888889
14 0.613037109375 0.1987847222222222 0.02294921875 0.0390625
15 0.640625 0.8628472222222222 0.02392578125 0.041666666666666664
18 0.586181640625 0.2152777777777778 0.02490234375 0.0390625
19 0.56787109375 0.9934895833333334 0.0234375 0.013020833333333334
8 0.338134765625 0.3151041666666667 0.025390625 0.041666666666666664
9 0.488525390625 0.0954861111111111 0.02392578125 0.041666666666666664
11 0.601318359375 0.009982638888888888 0.02294921875 0.019965277777777776
12 0.54248046875 0.11848958333333333 0.0244140625 0.04079861111111111
13 0.556884765625 0.1796875 0.0234375 0.042534722222222224