0 0.05517578125 0.11458333333333333 0.02685546875 0.030381944444444444
1 0.481689453125 0.013454861111111112 0.029296875 0.024305555555555556
2 0.91943359375 0.10503472222222222 0.02392578125 0.036458333333333336
3 0.06640625 0.8637152777777778 0.02490234375 0.028645833333333332
4 0.4794921875 0.9735243055555556 0.02880859375 0.04079861111111111
5 0.902099609375 0.8802083333333334 0.0263671875 0.03211805555555555
6 0.29150390625 0.2916666666666667 0.0244140625 0.04513888888888889
7 0.193359375 0.6883680555555556 0.02099609375 0.03993055555555555
14 0.16259765625 0.7482638888888888 0.02001953125 0.036458333333333336
15 0.5205078125 0.4066840277777778 0.0224609375 0.04513888888888889
17 0.318115234375 0.8546006944444444 0.02392578125 0.03732638888888889
18 0.324951171875 0.7682291666666666 0.0244140625 0.03993055555555555
20 0.3603515625 0.8949652777777778 0.02392578125 0.0390625
21 0.480224609375 0.9388020833333334 0.02392578125 0.03732638888888889
9 0.18017578125 0.2209201388888889 0.02197265625 0.0390625
11 0.30029296875 0.89453125 0.02392578125 0.03993055555555555
12 0.220703125 0.8585069444444444 0.02099609375 0.036458333333333336