0 0.07863729508196718 0.1283014571948998 0.022412909836065587 0.028460837887067412
1 0.49327612704918034 0.02811930783242257 0.02689549180327866 0.04667577413479053
2 0.9123975409836067 0.1174863387978142 0.01728995901639352 0.04098360655737703
3 0.08824282786885243 0.8534836065573771 0.02241290983606556 0.033014571948998234
4 0.49103483606557374 0.9502504553734062 0.027535860655737654 0.033014571948998234
5 0.8989497950819673 0.8739754098360658 0.021132172131147486 0.03984517304189428
6 0.26722592213114754 0.33777322404371585 0.021772540983606592 0.03529143897996355
17 0.25345799180327866 0.7237021857923498 0.022412909836065587 0.03756830601092906
16 0.8797387295081969 0.7965619307832424 0.01728995901639352 0.03529143897996355
21 0.8992699795081966 0.4265710382513661 0.016649590163934302 0.03756830601092896
18 0.849641393442623 0.19888433515482695 0.018570696721311508 0.030737704918032776