0 0.0537109375 0.11067708333333333 0.02490234375 0.036458333333333336
1 0.480712890625 0.015625 0.02685546875 0.03125
2 0.916259765625 0.10590277777777778 0.021484375 0.04513888888888889
3 0.065673828125 0.8641493055555556 0.01904296875 0.044270833333333336
4 0.47900390625 0.9709201388888888 0.0263671875 0.03819444444444445
5 0.904052734375 0.8793402777777778 0.025390625 0.049479166666666664
6 0.107666015625 0.2426215277777778 0.0205078125 0.035590277777777776
14 0.2021484375 0.6388888888888888 0.0205078125 0.035590277777777776
15 0.5810546875 0.2990451388888889 0.02392578125 0.042534722222222224
18 0.234619140625 0.20789930555555555 0.0205078125 0.0390625
19 0.633544921875 0.0642361111111111 0.021484375 0.04079861111111111
20 0.2626953125 0.1879340277777778 0.02001953125 0.035590277777777776
8 0.5107421875 0.7947048611111112 0.02392578125 0.041666666666666664
10 0.067138671875 0.4331597222222222 0.01904296875 0.03819444444444445
12 0.394287109375 0.37109375 0.025390625 0.042534722222222224