0 0.08247950819672129 0.12374772313296901 0.03009733606557377 0.039845173041894326
1 0.49455686475409844 0.02811930783242257 0.03329918032786883 0.04439890710382513
2 0.9159195696721313 0.12317850637522769 0.020491803278688492 0.038706739526411654
3 0.09272540983606554 0.8608834244080148 0.031378073770491816 0.04326047358834235
4 0.48975409836065575 0.9548041894353371 0.02753586065573771 0.0443989071038252
5 0.9024718237704917 0.8728369763205828 0.02433401639344246 0.05578324225865207
6 0.21087346311475408 0.7772085610200365 0.020491803278688547 0.04212204007285969
7 0.886142418032787 0.3491575591985428 0.01472848360655754 0.03756830601092906
9 0.22432120901639344 0.5802595628415301 0.020491803278688547 0.037568306010928865
11 0.3597592213114754 0.21823770491803277 0.024974385245901676 0.04212204007285972
12 0.5323386270491802 0.6383196721311476 0.023053278688524692 0.046675774134790515
16 0.2912397540983606 0.8620218579234973 0.023693647540983576 0.03415300546448089
19 0.37512807377049184 0.8068078324225866 0.022412909836065587 0.039845173041894374
20 0.7023565573770493 0.5973360655737704 0.021132172131147486 0.039845173041894374