0 0.0559042008196721 0.11236338797814205 0.02177254098360655 0.04212204007285974
1 0.4801485655737705 0.014458105646630224 0.027535860655737765 0.021630236794171222
2 0.9175204918032787 0.10610200364298722 0.024974385245901676 0.03642987249544628
3 0.06647028688524588 0.8620218579234975 0.021132172131147542 0.03642987249544621
4 0.47854764344262296 0.9713114754098362 0.02689549180327866 0.04098360655737723
5 0.9034323770491803 0.882513661202186 0.022412909836065698 0.036429872495446304
6 0.8339523565573771 0.843237704918033 0.019211065573770503 0.033014571948998234
7 0.5105660860655737 0.24726775956284155 0.02561475409836067 0.04553734061930786
14 0.868532274590164 0.21653005464480873 0.01793032786885229 0.03415300546448089
18 0.08920338114754095 0.7766393442622951 0.016649590163934413 0.03415300546448089
19 0.5883709016393442 0.6793032786885246 0.023693647540983687 0.042122040072859884
20 0.656890368852459 0.2421448087431694 0.023693647540983687 0.04212204007285979
8 0.917200307377049 0.3144353369763206 0.019211065573770503 0.03415300546448089
9 0.5461065573770493 0.9172358834244082 0.022412909836065475 0.039845173041894576
10 0.8006531762295084 0.5290300546448088 0.023053278688524692 0.0443989071038252
12 0.770235655737705 0.24726775956284153 0.022412909836065475 0.043260473588342445