0 0.05462346311475407 0.11520947176684879 0.025614754098360656 0.038706739526411654
1 0.4807889344262295 0.012750455373406178 0.024974385245901676 0.02276867030965392
2 0.9184810450819673 0.10724043715846994 0.025614754098360448 0.03870673952641167
3 0.06647028688524588 0.8637295081967213 0.024974385245901648 0.033014571948998234
4 0.4788678278688524 0.9707422586520948 0.026255122950819665 0.04895264116575583
5 0.9027920081967213 0.8825136612021858 0.023693647540983687 0.043260473588342445
6 0.6504866803278688 0.226775956284153 0.024974385245901676 0.04553734061930786
15 0.5771644467213115 0.20856102003642987 0.02561475409836067 0.043260473588342396
18 0.7183657786885246 0.24840619307832426 0.022412909836065475 0.043260473588342445
20 0.12794569672131145 0.11179417122040072 0.019851434426229497 0.03187613843351549
21 0.3773693647540983 0.4294171220400729 0.02561475409836067 0.045537340619307906
11 0.12282274590163933 0.5711520947176685 0.01985143442622951 0.03529143897996355