0 0.05615234375 0.11067708333333333 0.02294921875 0.0390625
1 0.479736328125 0.016493055555555556 0.029296875 0.019965277777777776
2 0.915771484375 0.10026041666666667 0.0205078125 0.049479166666666664
3 0.067138671875 0.8637152777777778 0.0234375 0.042534722222222224
4 0.477294921875 0.9678819444444444 0.0283203125 0.046875
5 0.90087890625 0.8763020833333334 0.0234375 0.04513888888888889
6 0.73681640625 0.6857638888888888 0.01904296875 0.04513888888888889
7 0.504150390625 0.7725694444444444 0.02294921875 0.04079861111111111
14 0.65625 0.3802083333333333 0.02294921875 0.04513888888888889
15 0.900634765625 0.4375 0.0185546875 0.0390625
18 0.527587890625 0.8250868055555556 0.02001953125 0.0390625
20 0.3955078125 0.5750868055555556 0.021484375 0.0390625
21 0.3798828125 0.5403645833333334 0.02294921875 0.042534722222222224
10 0.62890625 0.9097222222222222 0.02197265625 0.041666666666666664
11 0.26708984375 0.5572916666666666 0.02392578125 0.044270833333333336