0 0.08247950819672129 0.12431693989071037 0.03009733606557377 0.03187613843351547
1 0.49455686475409844 0.032103825136612 0.029456967213114693 0.03642987249544627
2 0.9181608606557377 0.12147085610200363 0.023693647540983687 0.03756830601092895
3 0.09336577868852457 0.8568989071038252 0.02753586065573771 0.04212204007285969
4 0.49263575819672134 0.9536657559198544 0.03201844262295084 0.039845173041894576
5 0.8995901639344261 0.8711293260473588 0.023693647540983687 0.04098360655737713
6 0.9139984631147542 0.3907103825136612 0.019211065573770503 0.03870673952641172
7 0.6732197745901639 0.10211748633879782 0.023053278688524692 0.04212204007285974
8 0.7987320696721313 0.4635701275045537 0.023053278688524692 0.03415300546448089
9 0.09720799180327866 0.5665983606557378 0.01857069672131148 0.03529143897996355
10 0.5707607581967213 0.6889799635701275 0.02561475409836067 0.03870673952641152
12 0.7779200819672131 0.4430783242258652 0.022412909836065475 0.04098360655737703
13 0.27619108606557374 0.7999772313296903 0.02433401639344268 0.030737704918032724
14 0.8806992827868853 0.8529143897996357 0.016649590163934302 0.03870673952641172
15 0.46509989754098363 0.13057832422586518 0.015368852459016424 0.033014571948998185
16 0.7577484631147542 0.44478597449908924 0.019211065573770503 0.046675774134790515
17 0.7574282786885246 0.483492714025501 0.021132172131147486 0.030737704918032724
18 0.7686347336065573 0.5273224043715847 0.020491803278688492 0.03415300546448089
19 0.716124487704918 0.5153688524590163 0.019211065573770503 0.037568306010928865
20 0.7382172131147542 0.49715391621129323 0.019851434426229497 0.039845173041894374
21 0.7683145491803279 0.6559653916211293 0.019851434426229497 0.03642987249544621