0 0.054943647540983576 0.11179417122040072 0.02241290983606556 0.038706739526411654
1 0.4788678278688524 0.01502732240437157 0.027535860655737654 0.02276867030965392
2 0.9175204918032787 0.10610200364298725 0.022412909836065698 0.04326047358834247
3 0.06775102459016391 0.8631602914389801 0.02241290983606558 0.04098360655737703
4 0.48046875 0.972449908925319 0.02433401639344257 0.05009107468123849
5 0.9047131147540984 0.8802367941712205 0.02113217213114771 0.03870673952641182
6 0.22272028688524587 0.13114754098360656 0.022412909836065587 0.040983606557377046
14 0.8778176229508198 0.5574908925318761 0.01857069672131173 0.03756830601092906
21 0.3716060450819672 0.8995901639344264 0.02305327868852458 0.03870673952641152
16 0.7740778688524591 0.2683287795992714 0.021132172131147486 0.039845173041894374
9 0.8467597336065573 0.4578779599271403 0.02177254098360648 0.03642987249544621
11 0.5723616803278688 0.3480191256830601 0.027535860655737654 0.046675774134790515
13 0.9063140368852459 0.2580828779599271 0.017930327868852514 0.03529143897996355