0 0.055767952127659594 0.11214539007092204 0.024933510638297865 0.03989361702127662
1 0.47797539893617014 0.017582742316784927 0.0332446808510638 0.031028368794326237
2 0.9180518617021276 0.10401891252955088 0.02077792553191493 0.047281323877068564
3 0.06781914893617023 0.8619976359338062 0.024102393617021288 0.04432624113475173
4 0.4767287234042553 0.9669030732860523 0.032413563829787106 0.047281323877068675
5 0.9043384308510639 0.879728132387707 0.023271276595744572 0.04728132387706858
7 0.23238031914893617 0.13430851063829793 0.022440159574468044 0.03693853427895978
14 0.07903922872340427 0.5229018912529552 0.019946808510638292 0.03693853427895988
15 0.8615359042553191 0.8427895981087471 0.017453457446808596 0.03841607565011825
19 0.8927027925531915 0.12765957446808515 0.01828457446808507 0.0384160756501182
20 0.43849734042553196 0.20966312056737593 0.024102393617021267 0.045803782505910155
21 0.16589095744680854 0.1756796690307329 0.020777925531914876 0.03693853427895983
8 0.16796875 0.4475472813238771 0.023271276595744683 0.03693853427895988
9 0.20952460106382978 0.09736997635933811 0.023271276595744683 0.03989361702127657
10 0.10937500000000003 0.33303782505910173 0.020777925531914904 0.03546099290780141
11 0.30260970744680854 0.4342494089834516 0.02659574468085102 0.045803782505910155
12 0.211186835106383 0.33894799054373526 0.021609042553191515 0.04137115839243499
13 0.5868517287234043 0.38179669030732855 0.02659574468085113 0.04432624113475173