0 0.08151895491803277 0.12545537340619306 0.019211065573770503 0.03870673952641163
1 0.4951972336065573 0.028688524590163918 0.026895491803278715 0.038706739526411654
2 0.917200307377049 0.12317850637522769 0.019211065573770503 0.04326047358834243
3 0.09176485655737703 0.8534836065573771 0.021772540983606564 0.039845173041894374
4 0.49135502049180335 0.9553734061930784 0.028176229508196704 0.04326047358834254
5 0.9011910860655737 0.8739754098360658 0.02433401639344268 0.03756830601092896
16 0.33990778688524587 0.5990437158469946 0.023693647540983687 0.04098360655737703
11 0.1141777663934426 0.4106329690346084 0.019211065573770503 0.03756830601092896
17 0.12250256147540983 0.18180783242258652 0.017930327868852472 0.03756830601092901
6 0.8707735655737704 0.16530054644808745 0.016009221311475308 0.03870673952641172
14 0.9021516393442625 0.16700819672131148 0.01728995901639352 0.033014571948998185
9 0.8810194672131146 0.30931238615664847 0.01728995901639352 0.039845173041894374
20 0.8416367827868853 0.7077641165755921 0.016649590163934302 0.039845173041894576
18 0.4209144467213115 0.8830828779599273 0.02177254098360648 0.037568306010928865