0 0.08055840163934423 0.1294398907103825 0.026255122950819693 0.03756830601092896
1 0.49391649590163933 0.02925774134790527 0.03073770491803285 0.04439890710382514
2 0.917200307377049 0.12033242258652094 0.019211065573770503 0.04439890710382514
3 0.09400614754098358 0.8523451730418945 0.02241290983606556 0.03529143897996355
4 0.49231557377049184 0.9536657559198544 0.0288165983606557 0.039845173041894576
5 0.9027920081967213 0.8779599271402552 0.026255122950819665 0.05464480874316951
6 0.6191086065573771 0.21425318761384335 0.022412909836065475 0.04326047358834249
7 0.5118468237704918 0.07593351548269581 0.02177254098360648 0.04212204007285976
11 0.9043929303278688 0.17725409836065575 0.016649590163934302 0.046675774134790564
14 0.09144467213114751 0.604735883424408 0.019851434426229497 0.03187613843351558
16 0.27362961065573765 0.3531420765027322 0.02305327868852458 0.036429872495446304
17 0.17757428278688525 0.4265710382513661 0.020491803278688492 0.035291438979963646
18 0.8963883196721313 0.35086520947176686 0.01728995901639352 0.03415300546448089
20 0.285796618852459 0.6827185792349727 0.02433401639344257 0.04212204007285969