0 0.0789574795081967 0.12659380692167577 0.02305327868852458 0.036429872495446255
1 0.49103483606557374 0.02925774134790527 0.0288165983606557 0.039845173041894354
2 0.9149590163934427 0.12090163934426228 0.019851434426229497 0.036429872495446255
3 0.09016393442622948 0.8540528233151186 0.02241290983606556 0.03415300546448089
4 0.48975409836065575 0.9536657559198544 0.02753586065573771 0.03529143897996355
5 0.897669057377049 0.8711293260473588 0.019851434426229497 0.03870673952641182
6 0.7225281762295083 0.8438069216757742 0.020491803278688492 0.03415300546448089
14 0.6088627049180328 0.5073998178506376 0.019851434426229497 0.037568306010928865
15 0.8249871926229508 0.4208788706739526 0.014088114754098324 0.033014571948998234
16 0.8794185450819673 0.6331967213114755 0.017930327868852514 0.03415300546448089
17 0.8054559426229508 0.39981785063752273 0.018570696721311508 0.03870673952641172
18 0.7996926229508197 0.4595856102003643 0.019851434426229497 0.03756830601092891
21 0.8518826844262297 0.41234061930783245 0.015368852459016313 0.036429872495446304