1 0.772705078125 0.46484375 0.01513671875 0.05381944444444445
4 0.234130859375 0.4609375 0.0283203125 0.04774305555555555
7 0.316650390625 0.16796875 0.0224609375 0.043402777777777776
15 0.468994140625 0.8858506944444444 0.0263671875 0.042534722222222224
17 0.3671875 0.041666666666666664 0.0224609375 0.04079861111111111
18 0.47314453125 0.234375 0.025390625 0.04513888888888889
21 0.2919921875 0.12890625 0.02197265625 0.042534722222222224
9 0.619140625 0.9691840277777778 0.0244140625 0.03732638888888889
11 0.446533203125 0.9952256944444444 0.02294921875 0.009548611111111112
12 0.5341796875 0.5876736111111112 0.02490234375 0.042534722222222224
13 0.359130859375 0.8776041666666666 0.0244140625 0.04079861111111111