1 0.7744140625 0.4618055555555556 0.013671875 0.052083333333333336
4 0.23486328125 0.4600694444444444 0.0244140625 0.046875
7 0.6015625 0.9036458333333334 0.02490234375 0.04079861111111111
14 0.63134765625 0.22005208333333334 0.02294921875 0.042534722222222224
16 0.37451171875 0.1423611111111111 0.02294921875 0.03993055555555555
17 0.47802734375 0.7777777777777778 0.02490234375 0.044270833333333336
20 0.433837890625 0.5086805555555556 0.02392578125 0.043402777777777776
8 0.594482421875 0.5325520833333334 0.02490234375 0.043402777777777776
9 0.544189453125 0.15711805555555555 0.02294921875 0.044270833333333336
10 0.324951171875 0.9275173611111112 0.02392578125 0.0390625
11 0.56298828125 0.2526041666666667 0.02490234375 0.04079861111111111
13 0.72900390625 0.8181423611111112 0.02490234375 0.043402777777777776