1 0.7734375 0.4657118055555556 0.01416015625 0.046875
4 0.235595703125 0.4635416666666667 0.025390625 0.04861111111111111
6 0.61474609375 0.6041666666666666 0.025390625 0.04513888888888889
15 0.297607421875 0.7300347222222222 0.02197265625 0.03732638888888889
16 0.743408203125 0.22265625 0.02197265625 0.0390625
17 0.6953125 0.9366319444444444 0.0244140625 0.0390625
18 0.666748046875 0.87890625 0.0224609375 0.042534722222222224
9 0.34033203125 0.1440972222222222 0.02392578125 0.043402777777777776
10 0.69921875 0.4869791666666667 0.0244140625 0.04513888888888889
11 0.596435546875 0.7756076388888888 0.02392578125 0.042534722222222224
12 0.6025390625 0.9383680555555556 0.025390625 0.03993055555555555
13 0.33154296875 0.3706597222222222 0.0244140625 0.04079861111111111