0 0.05430327868852455 0.11122495446265937 0.023693647540983596 0.039845173041894326
1 0.47982838114754095 0.012181238615664829 0.02945696721311475 0.021630236794171222
2 0.9181608606557377 0.10724043715846993 0.026255122950819665 0.03187613843351548
3 0.06518954918032785 0.8620218579234975 0.02241290983606558 0.03642987249544621
4 0.47949434526461143 0.9744933970856101 0.023665944627583646 0.049624316939890493
5 0.9027920081967213 0.8830828779599273 0.023693647540983687 0.046675774134790515
7 0.6600922131147541 0.33549635701275043 0.023693647540983687 0.0443989071038251
16 0.07607581967213112 0.6758879781420765 0.017289959016393464 0.037568306010928865
20 0.9024718237704917 0.6849954462659381 0.020491803278688492 0.03529143897996355
21 0.3671234631147541 0.9149590163934427 0.02433401639344268 0.03984517304189418
8 0.47150358606557374 0.2597905282331512 0.02433401639344257 0.04098360655737703
8 0.246734118852459 0.12659380692167577 0.02305327868852458 0.038706739526411654
11 0.8938268442622951 0.22392987249544627 0.017289959016393297 0.03756830601092904
12 0.6258324795081966 0.4994307832422586 0.023053278688524692 0.046675774134790515
13 0.1138575819672131 0.19603825136612021 0.019851434426229525 0.03415300546448089