0 0.08055840163934423 0.12090163934426228 0.022412909836065587 0.038706739526411654
1 0.4948770491803278 0.026980874316939876 0.02625512295081961 0.04212204007285974
2 0.9191214139344261 0.12260928961748634 0.02177254098360648 0.039845173041894326
3 0.090484118852459 0.8540528233151186 0.021772540983606536 0.03870673952641152
4 0.49135502049180335 0.9559426229508197 0.028176229508196704 0.042122040072859884
5 0.9021516393442623 0.8716985428051003 0.022412909836065698 0.044398907103825005
7 0.1333888319672131 0.6235200364298725 0.01921106557377049 0.03529143897996355
6 0.6559298155737705 0.5421220400728598 0.02177254098360648 0.04098360655737703
15 0.8269082991803279 0.1294398907103825 0.017930327868852514 0.03756830601092896
17 0.905673668032787 0.2586520947176685 0.015368852459016313 0.03642987249544621
21 0.910796618852459 0.593351548269581 0.016649590163934525 0.03642987249544621
8 0.8089779713114755 0.6206739526411658 0.016649590163934525 0.04098360655737703
19 0.8003329918032787 0.7390710382513662 0.018570696721311508 0.03642987249544621
12 0.7833632172131147 0.823884335154827 0.019211065573770503 0.037568306010928865
11 0.7071593237704918 0.5979052823315119 0.019211065573770503 0.04098360655737703
9 0.6101434426229508 0.49715391621129323 0.022412909836065698 0.0443989071038252
13 0.6175076844262295 0.35883424408014564 0.021772540983606703 0.03870673952641172
14 0.6460040983606558 0.3542805100182149 0.021132172131147486 0.03870673952641172
20 0.7375768442622951 0.4521857923497267 0.019851434426229497 0.04098360655737703
16 0.6578509221311475 0.19774590163934427 0.023053278688524692 0.039845173041894326
10 0.5445056352459016 0.19205373406193074 0.02433401639344268 0.039845173041894326
18 0.3050076844262295 0.7874544626593808 0.021772540983606592 0.03756830601092906