0 0.0532746010638298 0.11066784869976365 0.02327127659574467 0.03989361702127657
1 0.47797539893617014 0.015366430260047331 0.031582446808510634 0.02068557919621749
2 0.9176363031914893 0.10106382978723409 0.021609042553191404 0.047281323877068564
3 0.06491023936170214 0.8612588652482273 0.019946808510638313 0.042848699763593366
4 0.4771442819148936 0.9698581560283688 0.029920212765957466 0.03841607565011805
5 0.901845079787234 0.879728132387707 0.02659574468085113 0.044326241134751934
6 0.7530751329787234 0.4305555555555556 0.023271276595744572 0.03841607565011825
7 0.20038231382978725 0.4992612293144208 0.023271276595744628 0.03989361702127662
14 0.18334441489361702 0.42981678486997643 0.0224401595744681 0.03989361702127652
15 0.6500166223404256 0.6765661938534279 0.023271276595744794 0.03989361702127662
18 0.5540226063829786 0.8250591016548464 0.024102393617021267 0.03841607565011825
20 0.5876828457446809 0.5842198581560285 0.02659574468085113 0.04432624113475173
21 0.49958444148936165 0.8612588652482273 0.024933510638297796 0.042848699763593366
10 0.6109541223404256 0.8590425531914896 0.02659574468085113 0.04432624113475173
13 0.3790724734042553 0.07003546099290785 0.02659574468085102 0.04432624113475176