0 0.08023821721311473 0.1294398907103825 0.02561475409836067 0.033014571948998185
1 0.49231557377049184 0.033811475409836055 0.03265881147540983 0.03756830601092896
2 0.9143186475409837 0.12488615664845172 0.01600922131147553 0.04212204007285974
3 0.09208504098360654 0.8546220400728598 0.019851434426229497 0.030737704918032724
4 0.49039446721311486 0.9548041894353371 0.026255122950819665 0.033014571948998234
5 0.9011910860655737 0.8779599271402552 0.02305327868852447 0.03642987249544621
6 0.8477202868852459 0.720856102003643 0.01728995901639352 0.03642987249544641
21 0.8995901639344261 0.4265710382513661 0.01728995901639352 0.03756830601092896
14 0.8714139344262297 0.5136612021857924 0.019851434426229497 0.04098360655737703
17 0.755186987704918 0.5620446265938069 0.019211065573770503 0.03756830601092906
15 0.7993724385245902 0.13968579234972675 0.01921106557377028 0.03756830601092896
17 0.3924180327868852 0.6508424408014571 0.022412909836065587 0.039845173041894374
16 0.8813396516393444 0.7988387978142077 0.016649590163934302 0.033014571948998234