0 0.08023821721311473 0.1260245901639344 0.028176229508196732 0.04212204007285974
1 0.49359631147540983 0.027550091074681222 0.02625512295081961 0.036429872495446255
2 0.9194415983606558 0.11634790528233149 0.017289959016393297 0.04326047358834243
3 0.09240522540983603 0.8500683060109292 0.021772540983606536 0.033014571948998234
4 0.49167520491803285 0.9542349726775957 0.03265881147540983 0.04098360655737723
5 0.9037525614754099 0.8694216757741349 0.02433401639344268 0.05350637522768685
6 0.832671618852459 0.6491347905282332 0.019211065573770503 0.03642987249544641
7 0.12442366803278687 0.3434653916211293 0.019211065573770503 0.03756830601092896
8 0.7795210040983607 0.6821493624772315 0.020491803278688492 0.02959927140255007
9 0.7856045081967213 0.7635473588342442 0.019851434426229497 0.039845173041894374
12 0.6280737704918034 0.475523679417122 0.024974385245901676 0.04212204007285969
13 0.8938268442622951 0.1476548269581056 0.01600922131147553 0.033014571948998185
14 0.8973488729508198 0.8420992714025503 0.019211065573770503 0.033014571948998234
15 0.34118852459016397 0.09414845173041893 0.022412909836065587 0.039845173041894354
16 0.8112192622950819 0.22563752276867033 0.01728995901639352 0.043260473588342445
17 0.8019339139344264 0.7219945355191257 0.019211065573770503 0.04326047358834254
18 0.770235655737705 0.8779599271402552 0.022412909836065475 0.03642987249544621
19 0.7459016393442623 0.5967668488160291 0.022412909836065698 0.05009107468123849
20 0.4209144467213115 0.13570127504553733 0.02689549180327866 0.04098360655737703
21 0.8349129098360657 0.2802823315118397 0.01728995901639352 0.03870673952641162