0 0.054931640625 0.11197916666666667 0.0224609375 0.0390625
1 0.478759765625 0.015190972222222222 0.02734375 0.022569444444444444
2 0.91748046875 0.10590277777777778 0.0224609375 0.043402777777777776
3 0.06787109375 0.86328125 0.0224609375 0.04079861111111111
4 0.48046875 0.97265625 0.0244140625 0.050347222222222224
5 0.90478515625 0.8802083333333334 0.02099609375 0.0390625
6 0.22265625 0.1310763888888889 0.0224609375 0.04079861111111111
14 0.8779296875 0.5572916666666666 0.0185546875 0.03732638888888889
21 0.37158203125 0.8997395833333334 0.02294921875 0.0390625
16 0.774169921875 0.2682291666666667 0.02099609375 0.03993055555555555
9 0.8466796875 0.4578993055555556 0.02197265625 0.036458333333333336
11 0.572265625 0.3480902777777778 0.02734375 0.046875
13 0.90625 0.2582465277777778 0.01806640625 0.035590277777777776