0 0.05326704545454545 0.11111111111111116 0.02414772727272728 0.032828282828282825
1 0.47904829545454536 0.015782828282828357 0.02627840909090906 0.02904040404040404
2 0.9151278409090907 0.10479797979797986 0.024857954545454586 0.042929292929292914
3 0.06498579545454546 0.8623737373737375 0.02485795454545455 0.04797979797979796
4 0.47691761363636354 0.9659090909090909 0.02627840909090906 0.04292929292929296
5 0.9023437499999999 0.8781565656565655 0.027698863636363757 0.04166666666666657
6 0.7223011363636364 0.6906565656565656 0.024147727272727293 0.04545454545454556
7 0.16619318181818182 0.5448232323232323 0.024147727272727293 0.03914141414141407
14 0.7705965909090908 0.2203282828282829 0.02130681818181812 0.04419191919191921
15 0.2372159090909091 0.8838383838383836 0.021306818181818177 0.040404040404040366
16 0.5482954545454545 0.4008838383838384 0.02556818181818188 0.041666666666666664
17 0.7634943181818182 0.4861111111111111 0.01846590909090917 0.040404040404040366
20 0.6740056818181817 0.31691919191919204 0.022727272727272707 0.04292929292929296
19 0.05717329545454546 0.4627525252525253 0.019176136363636367 0.03661616161616167
21 0.14417613636363635 0.25189393939393945 0.019886363636363646 0.03914141414141417
8 0.4549005681818181 0.7398989898989901 0.0234375 0.04292929292929296
10 0.6448863636363635 0.5404040404040404 0.024147727272727293 0.04292929292929296
11 0.8178267045454546 0.6205808080808082 0.0234375 0.046717171717171664
9 0.5997869318181818 0.9191919191919191 0.0234375 0.03787878787878777
12 0.90625 0.27209595959595967 0.017045454545454586 0.044191919191919164