0 0.05430327868852456 0.11236338797814205 0.024974385245901634 0.039845173041894326
1 0.4801485655737705 0.011042805100182134 0.028816598360655754 0.01935336976320583
2 0.9178406762295084 0.10724043715846993 0.02561475409836067 0.03187613843351548
3 0.06615010245901635 0.8648679417122042 0.025614754098360663 0.0443989071038252
4 0.4790567366803279 0.9733549635701275 0.029194415983606503 0.051901183970856204
5 0.9027920081967213 0.8802367941712205 0.024974385245901676 0.04098360655737713
6 0.6047003073770493 0.1448087431693989 0.02561475409836067 0.043260473588342445
7 0.3383068647540983 0.5791211293260474 0.02433401639344268 0.04212204007285969
14 0.25537909836065575 0.12887067395264118 0.022412909836065587 0.04098360655737703
15 0.8339523565573771 0.20969945355191258 0.020491803278688492 0.040983606557376984
16 0.49039446721311486 0.3400500910746812 0.026255122950819665 0.04667577413479061
18 0.31781506147540983 0.37078779599271394 0.02433401639344268 0.0443989071038251
20 0.3988217213114754 0.840391621129326 0.023693647540983576 0.04098360655737703
8 0.2111936475409836 0.16985428051001822 0.022412909836065587 0.03870673952641172
9 0.7811219262295082 0.1994535519125683 0.021132172131147486 0.043260473588342396
10 0.8368340163934427 0.43624772313296906 0.019851434426229497 0.04098360655737703
12 0.23456711065573765 0.7589936247723135 0.02305327868852458 0.039845173041894374