0 0.07799692622950817 0.12887067395264118 0.024974385245901648 0.03415300546448089
1 0.49103483606557374 0.030396174863387963 0.03265881147540983 0.039845173041894354
2 0.9155993852459017 0.12260928961748634 0.01728995901639352 0.046675774134790515
3 0.09176485655737703 0.8546220400728598 0.024334016393442626 0.03529143897996355
4 0.49039446721311475 0.9519581056466304 0.02369364754098363 0.04098360655737684
5 0.9002305327868853 0.8739754098360658 0.024974385245901676 0.035291438979963646
6 0.08920338114754095 0.3594034608378871 0.017930327868852458 0.02163023679417127
15 0.17725409836065573 0.6781648451730419 0.018570696721311453 0.033014571948998234
16 0.8935066598360657 0.8187613843351549 0.015368852459016313 0.03642987249544621
17 0.1375512295081967 0.8045309653916213 0.022412909836065587 0.037568306010928865
21 0.6613729508196722 0.8079462659380694 0.023693647540983687 0.037568306010928865