0 0.05526383196721309 0.11008652094717666 0.025614754098360643 0.039845173041894326
1 0.48014856557377056 0.014458105646630224 0.026255122950819665 0.021630236794171222
2 0.9178406762295084 0.10837887067395263 0.02561475409836067 0.03642987249544628
3 0.06647028688524588 0.8648679417122042 0.026255122950819686 0.03529143897996355
4 0.479188012295082 0.9730191256830601 0.02433401639344257 0.046675774134790515
5 0.901191086065574 0.8808060109289618 0.02561475409836067 0.03073770491803292
6 0.8877433401639344 0.2045765027322404 0.017930327868852514 0.03756830601092894
7 0.91015625 0.23246812386156648 0.017930327868852514 0.036429872495446304
14 0.6997950819672131 0.33720400728597455 0.023693647540983687 0.043260473588342445
15 0.15836321721311475 0.13797814207650275 0.020491803278688547 0.036429872495446255
16 0.38697489754098363 0.19262295081967212 0.02561475409836067 0.043260473588342396
17 0.09528688524590162 0.3992486338797814 0.017289959016393436 0.035291438979963646
18 0.4314805327868852 0.4647085610200363 0.023693647540983576 0.04326047358834249
19 0.5877305327868853 0.27345173041894355 0.024974385245901676 0.04326047358834235
20 0.5480276639344263 0.34175774134790526 0.026255122950819665 0.04553734061930786
21 0.6191086065573771 0.1948998178506375 0.024974385245901676 0.043260473588342396
9 0.5284964139344263 0.679872495446266 0.02433401639344268 0.04553734061930786
10 0.15099897540983603 0.7698087431693991 0.019851434426229497 0.03870673952641172
11 0.057825307377049134 0.2996357012750455 0.01793032786885245 0.036429872495446304
12 0.5758837090163935 0.4168943533697632 0.023053278688524692 0.04781420765027327