0 0.053983094262295056 0.11008652094717666 0.021772540983606557 0.039845173041894326
1 0.48014856557377056 0.012181238615664829 0.026255122950819665 0.023907103825136618
2 0.9200819672131146 0.10610200364298723 0.022412909836065475 0.04098360655737707
3 0.06679047131147538 0.8631602914389801 0.021772540983606564 0.03187613843351558
4 0.47918801229508196 0.9747267759562843 0.02561475409836067 0.04781420765027317
5 0.9027920081967213 0.8813752276867033 0.023693647540983687 0.03870673952641162
6 0.22111936475409832 0.49886156648451735 0.02305327868852458 0.04326047358834254
7 0.7143267463235294 0.45812908496732035 0.023169424019607865 0.04153050108932469
14 0.6950827205882354 0.4792347494553376 0.02374387254901955 0.04153050108932474
15 0.7528147977941176 0.4606821895424837 0.02278645833333326 0.04323257080610018
16 0.6941253063725491 0.5226375272331154 0.022594975490195957 0.041190087145969535
17 0.6744025735294118 0.5006808278867103 0.023360906862745168 0.042211328976034954
18 0.713177849264706 0.5430623638344226 0.02125459558823528 0.041190087145969535
19 0.7328048406862746 0.48059640522875813 0.022212009803921573 0.04221132897603476
20 0.7125076593137255 0.5006808278867103 0.02182904411764719 0.04153050108932474
21 0.7507084865196079 0.5018722766884531 0.023169424019607865 0.04187091503267975
8 0.7315602022058824 0.5222971132897603 0.022403492647058876 0.04050925925925933
9 0.7350068933823529 0.4387254901960784 0.02278645833333326 0.042211328976034856
10 0.7547296262254902 0.419151688453159 0.02125459558823528 0.041190087145969535
11 0.7500382965686274 0.5432325708061003 0.021446078431372584 0.04016884531590412
12 0.7481234681372548 0.5852736928104575 0.022977941176470562 0.041190087145969535
17 0.7306027879901961 0.5646786492374728 0.02202052696078427 0.041530501089324545
22 0.76611328125 0.6302083333333334 0.77099609375 0.3741319444444444 0.6399739584960937 0.5086805555555556 0.76611328125 0.6302083333333334