0 0.082275390625 0.1284722222222222 0.02392578125 0.03819444444444445
1 0.49658203125 0.03515625 0.02685546875 0.042534722222222224
2 0.9169921875 0.1267361111111111 0.025390625 0.043402777777777776
3 0.09375 0.8511284722222222 0.02197265625 0.03819444444444445
4 0.492431640625 0.9535590277777778 0.02587890625 0.04600694444444445
5 0.901611328125 0.8758680555555556 0.02685546875 0.04600694444444445
6 0.31689453125 0.8780381944444444 0.0244140625 0.0390625
7 0.72021484375 0.2222222222222222 0.02392578125 0.04079861111111111
14 0.24072265625 0.7625868055555556 0.02392578125 0.04079861111111111
15 0.568115234375 0.7105034722222222 0.02294921875 0.04513888888888889
16 0.34033203125 0.5993923611111112 0.02392578125 0.04079861111111111
17 0.161376953125 0.4613715277777778 0.021484375 0.0390625
18 0.420654296875 0.8819444444444444 0.017578125 0.036458333333333336
20 0.745361328125 0.4188368055555556 0.0205078125 0.042534722222222224
9 0.86083984375 0.21484375 0.021484375 0.0390625
11 0.115478515625 0.4114583333333333 0.021484375 0.04079861111111111