0 0.08279969262295078 0.12830145719489983 0.028176229508196704 0.044398907103825117
1 0.4942366803278688 0.026411657559198526 0.027535860655737654 0.038706739526411654
2 0.917200307377049 0.12033242258652094 0.02177254098360648 0.04212204007285974
3 0.09144467213114751 0.8529143897996357 0.019851434426229497 0.03870673952641172
4 0.49167520491803285 0.9593579234972681 0.03137807377049184 0.037568306010928865
5 0.9015112704918032 0.8711293260473588 0.03393954918032782 0.05464480874316921
6 0.6456839139344263 0.7413479052823315 0.02561475409836067 0.04553734061930766
8 0.3744877049180328 0.8312841530054647 0.021132172131147486 0.03415300546448089
11 0.4007428278688525 0.6337659380692168 0.023693647540983687 0.03756830601092906
9 0.7574282786885247 0.8210382513661203 0.01728995901639352 0.03642987249544621
10 0.8832607581967213 0.20116120218579236 0.01793032786885229 0.03756830601092896
14 0.08824282786885243 0.6075819672131149 0.021132172131147542 0.03529143897996355
17 0.7561475409836066 0.7299635701275046 0.019851434426229497 0.03642987249544621
18 0.091124487704918 0.6645036429872495 0.02049180327868852 0.03529143897996355
20 0.4558145491803279 0.2279143897996357 0.023693647540983576 0.038706739526411696
21 0.11129610655737704 0.41177140255009104 0.021132172131147542 0.039845173041894374