0 0.07991803278688521 0.12659380692167577 0.02753586065573771 0.04326047358834243
1 0.49199538934426235 0.033811475409836055 0.026895491803278715 0.03756830601092896
2 0.9136782786885246 0.12830145719489983 0.016009221311475308 0.039845173041894326
3 0.08792264344262292 0.8529143897996357 0.026895491803278687 0.03415300546448089
4 0.49327612704918034 0.956511839708561 0.02561475409836067 0.04553734061930786
5 0.9002305327868854 0.8734061930783243 0.023693647540983687 0.04098360655737684
6 0.6636142418032787 0.5927823315118397 0.020491803278688492 0.037568306010928865
16 0.8803790983606558 0.7999772313296903 0.01600922131147553 0.03529143897996355
17 0.2515368852459016 0.7197176684881604 0.022412909836065587 0.03415300546448109
18 0.8493212090163933 0.19888433515482695 0.01793032786885229 0.03529143897996355
21 0.8989497950819673 0.4248633879781421 0.01600922131147553 0.02959927140255007