0 0.08218443627450978 0.1282679738562091 0.023743872549019607 0.03812636165577342
1 0.4965533088235294 0.034994553376906296 0.02680759803921562 0.04221132897603485
2 0.9170496323529413 0.12690631808278865 0.02527573529411753 0.04357298474945533
3 0.09367340686274508 0.8513071895424836 0.022212009803921573 0.03812636165577348
4 0.4923406862745098 0.9534313725490196 0.026041666666666574 0.04629629629629603
5 0.9017310049019609 0.8758169934640523 0.02680759803921573 0.04629629629629623
6 0.31694240196078427 0.877859477124183 0.02450980392156865 0.03948801742919391
7 0.7202052696078431 0.2222222222222222 0.02374387254901955 0.04084967320261443
14 0.24073223039215683 0.7627995642701526 0.023743872549019607 0.04084967320261433
15 0.5681678921568628 0.7103758169934642 0.022977941176470562 0.0449346405228758
16 0.3403033088235294 0.599400871459695 0.02374387254901955 0.04084967320261433
17 0.16145833333333331 0.4611928104575163 0.02144607843137253 0.03948801742919391
18 0.42072610294117646 0.8819444444444444 0.017616421568627527 0.03676470588235276
20 0.7454810049019608 0.41898148148148145 0.020680147058823595 0.042211328976034954
9 0.8607536764705883 0.2147331154684096 0.021446078431372584 0.03948801742919391
11 0.11550245098039214 0.4114923747276688 0.02144607843137253 0.04084967320261443