0 0.0831198770491803 0.1283014571948998 0.026255122950819665 0.033014571948998185
1 0.49359631147540983 0.02925774134790527 0.02497438524590162 0.04212204007285974
2 0.9168801229508198 0.11407103825136611 0.019851434426229497 0.036429872495446255
3 0.09304559426229506 0.8540528233151186 0.02305327868852458 0.03415300546448089
4 0.49103483606557374 0.9559426229508199 0.030097336065573854 0.03984517304189418
5 0.8999103483606558 0.8768214936247722 0.03329918032786883 0.05919854280510014
6 0.43436219262295084 0.8438069216757742 0.02305327868852447 0.04098360655737703
7 0.891265368852459 0.6758879781420766 0.016009221311475308 0.033014571948998234
10 0.5073642418032787 0.1294398907103825 0.023053278688524637 0.039845173041894326
13 0.888703893442623 0.6417349726775956 0.017289959016393297 0.03073770491803292
14 0.17341188524590162 0.5739981785063752 0.021132172131147542 0.03642987249544621
15 0.1023309426229508 0.6986566484517306 0.021132172131147542 0.03073770491803292
16 0.8742955942622951 0.6895491803278688 0.017930327868852514 0.037568306010928865
19 0.37672899590163933 0.12260928961748634 0.019211065573770503 0.03756830601092895
20 0.7503842213114754 0.8802367941712205 0.01728995901639352 0.029599271402550267
21 0.45773565573770497 0.8927595628415301 0.024974385245901676 0.04098360655737713