0 0.054105718085106405 0.11140661938534285 0.024933510638297872 0.04728132387706858
1 0.4775598404255319 0.01684397163120573 0.0390625 0.02955082742316785
2 0.9159740691489362 0.10106382978723409 0.023271276595744794 0.053191489361702114
3 0.06491023936170214 0.8649527186761231 0.023271276595744683 0.04728132387706848
4 0.47963763297872347 0.9705969267139481 0.028257978723404298 0.042848699763593366
5 0.9022606382978723 0.8819444444444444 0.024102393617021267 0.04580378250591011
6 0.5598404255319148 0.9240543735224587 0.0224401595744681 0.03841607565011805
15 0.4426529255319149 0.7999408983451537 0.025764627659574435 0.044326241134751934
18 0.3300365691489362 0.8102836879432626 0.02493351063829785 0.03841607565011825
20 0.8262134308510639 0.16607565011820336 0.01994680851063846 0.035460992907801456
21 0.8810671542553191 0.23699763593380618 0.019946808510638236 0.04432624113475176
11 0.8405671296296297 0.8420781893004116 0.02025462962962976 0.037294238683127645