1 0.229736328125 0.5364583333333334 0.0205078125 0.06336805555555555
4 0.7626953125 0.5390625 0.02685546875 0.05555555555555555
6 0.340576171875 0.7504340277777778 0.02490234375 0.049479166666666664
7 0.666259765625 0.5972222222222222 0.02392578125 0.04513888888888889
14 0.66162109375 0.4639756944444444 0.0234375 0.0390625
15 0.283447265625 0.037760416666666664 0.02294921875 0.03819444444444445
16 0.681396484375 0.08072916666666667 0.02197265625 0.042534722222222224
17 0.7109375 0.1875 0.021484375 0.041666666666666664
20 0.554931640625 0.7296006944444444 0.0234375 0.04079861111111111
21 0.40234375 0.8098958333333334 0.0234375 0.041666666666666664
9 0.703369140625 0.5907118055555556 0.0205078125 0.042534722222222224
12 0.3212890625 0.8433159722222222 0.02197265625 0.04513888888888889
13 0.652099609375 0.3259548611111111 0.02392578125 0.04079861111111111