0 0.054443359375 0.11414930555555555 0.02392578125 0.03819444444444445
1 0.478271484375 0.016059027777777776 0.03564453125 0.03125
2 0.917236328125 0.10243055555555555 0.02392578125 0.046875
3 0.06787109375 0.8585069444444444 0.02392578125 0.04861111111111111
4 0.478759765625 0.9704861111111112 0.02490234375 0.03993055555555555
5 0.90234375 0.8780381944444444 0.02587890625 0.041666666666666664
6 0.551025390625 0.9032118055555556 0.0234375 0.03819444444444445
7 0.91357421875 0.4210069444444444 0.01806640625 0.03993055555555555
14 0.557861328125 0.4097222222222222 0.02490234375 0.044270833333333336
15 0.9072265625 0.3663194444444444 0.01904296875 0.03993055555555555
16 0.48828125 0.3537326388888889 0.02392578125 0.03819444444444445
17 0.769287109375 0.6050347222222222 0.02392578125 0.03819444444444445
18 0.330810546875 0.796875 0.0283203125 0.03819444444444445
19 0.625 0.2126736111111111 0.02490234375 0.04861111111111111
20 0.908447265625 0.5967881944444444 0.01806640625 0.03732638888888889
9 0.24267578125 0.8051215277777778 0.0234375 0.03993055555555555
10 0.694091796875 0.09375 0.0234375 0.044270833333333336
11 0.46728515625 0.3276909722222222 0.02490234375 0.042534722222222224
8 0.1513671875 0.17708333333333334 0.0234375 0.03732638888888889
12 0.76220703125 0.3580729166666667 0.0234375 0.044270833333333336
13 0.732666015625 0.4071180555555556 0.02392578125 0.03819444444444445