0 0.08251953125 0.1254340277777778 0.0224609375 0.04079861111111111
1 0.49560546875 0.026041666666666668 0.02490234375 0.03993055555555555
2 0.91748046875 0.12022569444444445 0.0224609375 0.03993055555555555
3 0.092041015625 0.8559027777777778 0.02392578125 0.042534722222222224
4 0.490966796875 0.9557291666666666 0.02490234375 0.044270833333333336
5 0.90283203125 0.8763020833333334 0.02490234375 0.03993055555555555
6 0.46923828125 0.3389756944444444 0.02392578125 0.03993055555555555
7 0.723876953125 0.21354166666666666 0.0205078125 0.03993055555555555
14 0.385009765625 0.8815104166666666 0.0205078125 0.036458333333333336
15 0.615966796875 0.7647569444444444 0.02099609375 0.035590277777777776
16 0.501708984375 0.1566840277777778 0.02294921875 0.03993055555555555
17 0.185791015625 0.4210069444444444 0.02294921875 0.03993055555555555
18 0.429931640625 0.8858506944444444 0.02197265625 0.0390625
20 0.7470703125 0.3389756944444444 0.02099609375 0.03993055555555555
11 0.11474609375 0.4092881944444444 0.01904296875 0.035590277777777776
21 0.150146484375 0.1896701388888889 0.01806640625 0.035590277777777776
9 0.826904296875 0.3793402777777778 0.01806640625 0.0390625