0 0.08251953125 0.1293402777777778 0.02734375 0.035590277777777776
1 0.4951171875 0.029079861111111112 0.02685546875 0.03993055555555555
2 0.916015625 0.11979166666666667 0.02294921875 0.036458333333333336
3 0.09326171875 0.8511284722222222 0.0224609375 0.03732638888888889
4 0.492431640625 0.9526909722222222 0.0263671875 0.042534722222222224
5 0.89697265625 0.8676215277777778 0.0224609375 0.043402777777777776
6 0.119384765625 0.7048611111111112 0.025390625 0.033854166666666664
7 0.822509765625 0.5134548611111112 0.01904296875 0.036458333333333336
8 0.131103515625 0.6137152777777778 0.01708984375 0.029513888888888888
9 0.363525390625 0.8741319444444444 0.0263671875 0.035590277777777776
10 0.781494140625 0.6649305555555556 0.0205078125 0.036458333333333336
11 0.2119140625 0.6501736111111112 0.0224609375 0.033854166666666664
12 0.635986328125 0.8971354166666666 0.0205078125 0.0390625
14 0.673828125 0.1506076388888889 0.01806640625 0.033854166666666664
15 0.850341796875 0.5234375 0.0146484375 0.03732638888888889
16 0.779541015625 0.5316840277777778 0.01806640625 0.043402777777777776
18 0.7412109375 0.5763888888888888 0.0205078125 0.036458333333333336
19 0.8935546875 0.7790798611111112 0.0166015625 0.03211805555555555
20 0.406494140625 0.8103298611111112 0.02734375 0.03732638888888889