0 0.05575284090909091 0.1098484848484849 0.022017045454545463 0.040404040404040394
1 0.48011363636363635 0.01452020202020206 0.032670454545454586 0.029040404040404106
2 0.9183238636363638 0.09911616161616167 0.02556818181818188 0.05176767676767676
3 0.06640625 0.8598484848484849 0.02627840909090909 0.05050505050505056
4 0.4772727272727272 0.9684343434343435 0.02840909090909094 0.04797979797979776
5 0.9030539772727272 0.8762626262626264 0.02627840909090895 0.05050505050505056
6 0.06285511363636363 0.6856060606060607 0.02059659090909091 0.030303030303030373
7 0.4431818181818182 0.04987373737373743 0.022727272727272707 0.04166666666666666
14 0.5468749999999999 0.0631313131313132 0.026988636363636243 0.03787878787878787
16 0.15021306818181818 0.4261363636363637 0.02059659090909094 0.039141414141414116
18 0.14204545454545456 0.69760101010101 0.021306818181818177 0.03661616161616167
20 0.39417613636363635 0.08901515151515157 0.022727272727272707 0.041666666666666664
21 0.814275568181818 0.8459595959595959 0.02059659090909083 0.03535353535353517
9 0.2098721590909091 0.8813131313131313 0.022017045454545414 0.040404040404040366
11 0.8401988636363635 0.7891414141414143 0.019886363636363757 0.04292929292929296
13 0.3132102272727273 0.8970959595959597 0.024147727272727293 0.041666666666666664