0 0.08251953125 0.1254340277777778 0.0244140625 0.035590277777777776
1 0.49267578125 0.030815972222222224 0.0283203125 0.04513888888888889
2 0.918212890625 0.12369791666666667 0.02294921875 0.042534722222222224
2 0.090576171875 0.8463541666666666 0.0205078125 0.026041666666666668
3 0.49267578125 0.9539930555555556 0.02685546875 0.04513888888888889
4 0.902099609375 0.8763020833333334 0.02294921875 0.0390625
14 0.770751953125 0.8268229166666666 0.0205078125 0.04079861111111111
15 0.910888671875 0.21875 0.017578125 0.033854166666666664
16 0.786376953125 0.16102430555555555 0.02294921875 0.03819444444444445
17 0.90625 0.2608506944444444 0.017578125 0.0390625
18 0.305908203125 0.7886284722222222 0.025390625 0.043402777777777776
19 0.796875 0.8042534722222222 0.01904296875 0.036458333333333336
20 0.737060546875 0.453125 0.0205078125 0.04513888888888889
21 0.91162109375 0.59375 0.01904296875 0.035590277777777776
8 0.237548828125 0.5134548611111112 0.02197265625 0.04079861111111111
10 0.646728515625 0.6236979166666666 0.025390625 0.043402777777777776
11 0.70751953125 0.5985243055555556 0.02001953125 0.0390625
12 0.75927734375 0.8858506944444444 0.025390625 0.033854166666666664
13 0.493408203125 0.7790798611111112 0.02392578125 0.03819444444444445
6 0.6611328125 0.1228298611111111 0.02392578125 0.04079861111111111