0 0.05646306818181818 0.11111111111111116 0.02627840909090909 0.03787878787878787
1 0.48082386363636354 0.015782828282828357 0.03409090909090906 0.02904040404040404
2 0.9165482954545454 0.10227272727272735 0.027698863636363757 0.04545454545454545
3 0.06640625 0.860479797979798 0.023437499999999993 0.04924242424242426
4 0.47904829545454536 0.9684343434343435 0.030539772727272707 0.05050505050505036
5 0.9055397727272727 0.8787878787878789 0.026988636363636243 0.053030303030302955
16 0.41015624999999994 0.43244949494949503 0.027698863636363646 0.046717171717171664
15 0.13529829545454547 0.4343434343434345 0.02059659090909094 0.04292929292929301
18 0.9066051136363635 0.5347222222222222 0.016335227272727293 0.03914141414141407
8 0.5955255681818182 0.4097222222222222 0.02627840909090917 0.04924242424242426
9 0.12642045454545456 0.643939393939394 0.021306818181818177 0.040404040404040366
12 0.6274857954545454 0.17866161616161624 0.0234375 0.04419191919191921
13 0.6768465909090908 0.22222222222222232 0.022727272727272707 0.04545454545454546