0 0.05526383196721309 0.11008652094717669 0.02305327868852458 0.033014571948998185
1 0.4801485655737705 0.011612021857923482 0.030097336065573743 0.02049180327868853
2 0.9188012295081969 0.10667122040072859 0.023693647540983687 0.030737704918032776
3 0.06647028688524588 0.8665755919854282 0.024974385245901648 0.03870673952641172
4 0.4782274590163935 0.9730191256830601 0.027535860655737654 0.04895264116575583
5 0.9027920081967213 0.8802367941712205 0.024974385245901676 0.03415300546448089
6 0.6552894467213115 0.11179417122040072 0.02433401639344268 0.038706739526411654
7 0.11225665983606554 0.2831284153005465 0.019211065573770503 0.03529143897996355
14 0.7878457991803279 0.7868852459016394 0.023053278688524692 0.03642987249544621
15 0.5259349385245902 0.8688524590163935 0.023053278688524692 0.04098360655737684
17 0.18173668032786883 0.7715163934426231 0.021132172131147542 0.037568306010928865
18 0.22336065573770492 0.1476548269581056 0.022412909836065587 0.03756830601092896
19 0.5320184426229508 0.8307149362477232 0.023693647540983687 0.03529143897996355
20 0.9050332991803279 0.7037795992714027 0.016649590163934302 0.03415300546448089
21 0.22240010245901642 0.8830828779599273 0.021772540983606592 0.037568306010928865
9 0.2989241803278688 0.07593351548269581 0.022412909836065587 0.039845173041894354