0 0.054943647540983576 0.11122495446265937 0.021132172131147542 0.039845173041894326
1 0.47982838114754095 0.012181238615664829 0.02561475409836056 0.019353369763205834
2 0.9181608606557378 0.10610200364298722 0.022412909836065698 0.038706739526411654
3 0.06550973360655735 0.8642987249544628 0.025614754098360663 0.03415300546448089
4 0.47918801229508196 0.969603825136612 0.02689549180327866 0.042122040072859884
5 0.9018314549180328 0.8808060109289618 0.02305327868852447 0.03529143897996355
6 0.23680840163934427 0.21539162112932606 0.022412909836065587 0.04098360655737708
3 0.2576203893442623 0.8227459016393444 0.021772540983606592 0.03984517304189418
20 0.5188908811475409 0.6741803278688524 0.023053278688524692 0.04098360655737703
21 0.7564677254098361 0.7584244080145722 0.02177254098360648 0.04098360655737703
11 0.18237704918032785 0.5808287795992714 0.022412909836065587 0.03870673952641172
13 0.8240266393442623 0.26149817850637525 0.022412909836065698 0.039845173041894374