0 0.08151895491803277 0.12317850637522769 0.021772540983606564 0.038706739526411654
1 0.49455686475409844 0.027550091074681222 0.028176229508196704 0.036429872495446255
2 0.9175204918032787 0.1260245901639344 0.023693647540983687 0.039845173041894326
3 0.09208504098360654 0.8557604735883425 0.03137807377049179 0.033014571948998234
4 0.49359631147540983 0.9570810564663024 0.0275358606557376 0.0443989071038252
5 0.8995901639344264 0.8722677595628416 0.022412909836065698 0.043260473588342445
6 0.8538037909836067 0.846653005464481 0.015368852459016313 0.033014571948998234
7 0.5681992827868853 0.644011839708561 0.021772540983606703 0.04212204007285969
8 0.5534707991803279 0.8250227686703098 0.02561475409836067 0.037568306010928865
12 0.5265753073770493 0.7322404371584699 0.02689549180327866 0.04326047358834254
13 0.6645747950819673 0.4704007285974499 0.022412909836065698 0.04098360655737703
14 0.6351178278688525 0.8745446265938069 0.018570696721311508 0.043260473588342445
15 0.7001152663934427 0.22962204007285975 0.020491803278688492 0.03756830601092896
17 0.49807889344262296 0.7891621129326049 0.023693647540983576 0.03870673952641152
20 0.7314933401639344 0.5051229508196722 0.02177254098360648 0.04212204007285969
21 0.881659836065574 0.8426684881602915 0.01728995901639352 0.03642987249544621