0 0.07861328125 0.1284722222222222 0.0224609375 0.028645833333333332
1 0.4931640625 0.028211805555555556 0.02685546875 0.046875
2 0.912353515625 0.11762152777777778 0.01708984375 0.04079861111111111
3 0.088134765625 0.8532986111111112 0.0224609375 0.03298611111111111
4 0.490966796875 0.9500868055555556 0.02734375 0.03298611111111111
5 0.89892578125 0.8741319444444444 0.02099609375 0.03993055555555555
6 0.267333984375 0.3376736111111111 0.02197265625 0.035590277777777776
17 0.25341796875 0.7235243055555556 0.0224609375 0.03732638888888889
16 0.879638671875 0.7964409722222222 0.01708984375 0.035590277777777776
21 0.899169921875 0.4266493055555556 0.0166015625 0.03732638888888889
18 0.849609375 0.1987847222222222 0.0185546875 0.030381944444444444