0 0.07763671875 0.12890625 0.025390625 0.033854166666666664
1 0.49169921875 0.028211805555555556 0.0263671875 0.044270833333333336
2 0.917236328125 0.1232638888888889 0.01806640625 0.043402777777777776
3 0.091552734375 0.8489583333333334 0.02880859375 0.035590277777777776
4 0.489501953125 0.9526909722222222 0.0244140625 0.046875
5 0.898193359375 0.8732638888888888 0.02001953125 0.04079861111111111
6 0.889892578125 0.8546006944444444 0.01708984375 0.03732638888888889
7 0.852783203125 0.1870659722222222 0.01708984375 0.036458333333333336
14 0.736328125 0.6605902777777778 0.02001953125 0.0390625
15 0.262451171875 0.5694444444444444 0.02099609375 0.0390625
16 0.884765625 0.3567708333333333 0.013671875 0.0390625
17 0.225830078125 0.8563368055555556 0.0224609375 0.033854166666666664
18 0.665283203125 0.7087673611111112 0.02099609375 0.042534722222222224
21 0.896484375 0.5438368055555556 0.01708984375 0.03732638888888889