1 0.227294921875 0.5360243055555556 0.01416015625 0.052083333333333336
4 0.760986328125 0.5403645833333334 0.02490234375 0.050347222222222224
6 0.305419921875 0.3567708333333333 0.025390625 0.041666666666666664
7 0.611083984375 0.5082465277777778 0.0234375 0.041666666666666664
14 0.3115234375 0.65234375 0.02490234375 0.0390625
15 0.443115234375 0.2664930555555556 0.02392578125 0.042534722222222224
19 0.60009765625 0.11675347222222222 0.02294921875 0.0390625
20 0.4365234375 0.1948784722222222 0.02197265625 0.0390625
21 0.30322265625 0.040364583333333336 0.02294921875 0.03819444444444445
8 0.50830078125 0.13758680555555555 0.0244140625 0.041666666666666664
11 0.48193359375 0.3832465277777778 0.02490234375 0.04513888888888889
13 0.494140625 0.17491319444444445 0.0234375 0.03993055555555555