0 0.08183913934426228 0.12830145719489983 0.027535860655737737 0.03756830601092895
1 0.49263575819672134 0.02698087431693987 0.025614754098360615 0.030737704918032786
2 0.9159195696721313 0.12488615664845172 0.02177254098360648 0.04212204007285974
3 0.091124487704918 0.8529143897996357 0.024334016393442626 0.03870673952641172
4 0.49231557377049184 0.9530965391621131 0.02369364754098363 0.03870673952641152
5 0.8995901639344261 0.8694216757741349 0.026255122950819665 0.04895264116575583
6 0.2547387295081967 0.2222222222222222 0.019851434426229525 0.036429872495446304
7 0.8899846311475411 0.29622040072859745 0.016009221311475308 0.04098360655737703
8 0.421875 0.18351548269581056 0.024974385245901676 0.043260473588342396
9 0.5470671106557378 0.10097905282331511 0.021772540983606703 0.03984517304189436
11 0.7968109631147541 0.15050091074681238 0.02177254098360648 0.036429872495446304
12 0.11321721311475406 0.1476548269581056 0.01857069672131148 0.030737704918032824
14 0.6450435450819673 0.8574681238615667 0.020491803278688492 0.03642987249544621
15 0.9063140368852459 0.2540983606557377 0.016649590163934302 0.043260473588342445
16 0.6210297131147542 0.8392531876138435 0.024974385245901676 0.04553734061930786
17 0.8848616803278688 0.3958333333333333 0.018570696721311508 0.03756830601092896
18 0.7314933401639344 0.6127049180327869 0.02177254098360648 0.04326047358834254
21 0.692110655737705 0.7333788706739528 0.024974385245901676 0.03642987249544621
20 0.2854764344262295 0.6798724954462659 0.026255122950819665 0.03642987249544621