1 0.2265625 0.5347222222222222 0.01416015625 0.0546875
4 0.764892578125 0.5360243055555556 0.02392578125 0.049479166666666664
7 0.656982421875 0.9878472222222222 0.02001953125 0.024305555555555556
15 0.727294921875 0.70703125 0.021484375 0.04079861111111111
19 0.693115234375 0.5850694444444444 0.021484375 0.044270833333333336
20 0.589111328125 0.9361979166666666 0.02197265625 0.0390625
8 0.297607421875 0.8307291666666666 0.02294921875 0.04513888888888889
9 0.3828125 0.1775173611111111 0.021484375 0.0390625
10 0.675048828125 0.5264756944444444 0.0263671875 0.03819444444444445
11 0.461669921875 0.2747395833333333 0.02392578125 0.046875
12 0.362548828125 0.1427951388888889 0.0263671875 0.03819444444444445
13 0.396728515625 0.030815972222222224 0.02490234375 0.036458333333333336