0 0.053662909836065545 0.11236338797814205 0.02241290983606558 0.046675774134790515
1 0.4801485655737705 0.013888888888888874 0.027535860655737765 0.02276867030965392
2 0.9188012295081969 0.10780965391621129 0.023693647540983687 0.039845173041894374
3 0.06582991803278686 0.8642987249544628 0.02241290983606558 0.03870673952641152
4 0.479062444315752 0.9733549635701275 0.02792509354953676 0.051901183970856204
5 0.9018314549180328 0.8842213114754097 0.02433401639344268 0.037568306010928865
7 0.8800589139344261 0.5204918032786885 0.01793032786885229 0.03870673952641172
14 0.5275358606557377 0.720856102003643 0.023693647540983687 0.04098360655737723
15 0.06390881147540982 0.2996357012750455 0.01857069672131148 0.03187613843351548
16 0.9149590163934427 0.4191712204007286 0.016009221311475308 0.036429872495446304
18 0.34791239754098363 0.2159608378870674 0.02433401639344268 0.0443989071038251
19 0.8928662909836066 0.40892531876138427 0.017930327868852514 0.04098360655737703
21 0.8083376024590164 0.6901183970856102 0.02305327868852447 0.04098360655737703
9 0.8176229508196722 0.09699453551912567 0.018570696721311508 0.03870673952641167
10 0.33414446721311475 0.4191712204007285 0.023693647540983576 0.04781420765027327
11 0.9005507172131146 0.20856102003642984 0.01793032786885229 0.03642987249544628