0 0.080810546875 0.13020833333333334 0.0244140625 0.036458333333333336
1 0.49365234375 0.029079861111111112 0.02734375 0.03732638888888889
2 0.91748046875 0.12196180555555555 0.02001953125 0.04774305555555555
3 0.09228515625 0.8563368055555556 0.02294921875 0.03211805555555555
4 0.49072265625 0.9583333333333334 0.033203125 0.044270833333333336
5 0.89794921875 0.8732638888888888 0.025390625 0.033854166666666664
6 0.713623046875 0.3888888888888889 0.01806640625 0.035590277777777776
7 0.726806640625 0.6584201388888888 0.0224609375 0.036458333333333336
14 0.754150390625 0.5824652777777778 0.0146484375 0.03732638888888889
15 0.43212890625 0.6024305555555556 0.02392578125 0.036458333333333336
16 0.737548828125 0.6154513888888888 0.02099609375 0.035590277777777776
17 0.76513671875 0.55078125 0.02001953125 0.03732638888888889
18 0.7587890625 0.6276041666666666 0.01708984375 0.029513888888888888
21 0.72998046875 0.5802951388888888 0.02099609375 0.03993055555555555