0 0.083984375 0.12369791666666667 0.029296875 0.03732638888888889
1 0.495849609375 0.025173611111111112 0.033203125 0.033854166666666664
2 0.916015625 0.1254340277777778 0.02294921875 0.04079861111111111
3 0.092041015625 0.8541666666666666 0.0263671875 0.04079861111111111
4 0.494140625 0.9552951388888888 0.02880859375 0.04079861111111111
5 0.897705078125 0.8697916666666666 0.03271484375 0.052083333333333336
6 0.85693359375 0.3502604166666667 0.02197265625 0.03732638888888889
7 0.178955078125 0.5529513888888888 0.02294921875 0.046875
12 0.1455078125 0.6549479166666666 0.0205078125 0.0390625
14 0.83740234375 0.8259548611111112 0.02001953125 0.03732638888888889
15 0.8515625 0.5707465277777778 0.02099609375 0.04513888888888889
17 0.469482421875 0.6931423611111112 0.025390625 0.044270833333333336
20 0.8359375 0.1467013888888889 0.0205078125 0.03993055555555555