0 0.054931640625 0.11284722222222222 0.02392578125 0.029513888888888888
1 0.479248046875 0.013888888888888888 0.0244140625 0.022569444444444444
2 0.917236328125 0.10850694444444445 0.02197265625 0.033854166666666664
3 0.06689453125 0.8650173611111112 0.02294921875 0.03993055555555555
4 0.4794921875 0.9756944444444444 0.0263671875 0.043402777777777776
5 0.902099609375 0.8832465277777778 0.0224609375 0.03732638888888889
6 0.918212890625 0.3884548611111111 0.01708984375 0.0390625
7 0.9033203125 0.6610243055555556 0.01708984375 0.035590277777777776
14 0.59228515625 0.9045138888888888 0.02392578125 0.03732638888888889
15 0.097412109375 0.6753472222222222 0.01904296875 0.036458333333333336
16 0.66357421875 0.66015625 0.02294921875 0.044270833333333336
19 0.331787109375 0.4683159722222222 0.0244140625 0.043402777777777776
20 0.117431640625 0.3116319444444444 0.01806640625 0.03732638888888889
21 0.3798828125 0.3697916666666667 0.025390625 0.044270833333333336
8 0.12451171875 0.4266493055555556 0.01904296875 0.03732638888888889
9 0.908447265625 0.21875 0.0185546875 0.036458333333333336
11 0.74267578125 0.2786458333333333 0.0224609375 0.044270833333333336
13 0.19482421875 0.8667534722222222 0.0205078125 0.0390625