0 0.054943647540983576 0.11008652094717666 0.021132172131147542 0.039845173041894326
1 0.481109118852459 0.01502732240437157 0.02817622950819665 0.02276867030965392
2 0.9178406762295084 0.10894808743169397 0.02433401639344246 0.039845173041894354
3 0.06582991803278686 0.8660063752276869 0.023693647540983603 0.039845173041894374
4 0.4801485655737705 0.9735883424408017 0.027535860655737765 0.04553734061930786
5 0.9015112704918032 0.8802367941712205 0.023693647540983687 0.04098360655737713
6 0.07031249999999999 0.4635701275045537 0.017289959016393436 0.03642987249544621
7 0.7302126024590164 0.25239071038251365 0.02433401639344268 0.046675774134790515
14 0.8640496926229508 0.28312841530054644 0.020491803278688492 0.04212204007285969
17 0.6331967213114754 0.5979052823315119 0.023693647540983687 0.04553734061930786
19 0.1846183401639344 0.15619307832422585 0.020491803278688492 0.036429872495446304
20 0.18397797131147542 0.7766393442622951 0.019211065573770503 0.03870673952641152
21 0.17501280737704916 0.19091530054644806 0.021772540983606536 0.03756830601092891
9 0.23104508196721307 0.1755464480874317 0.022412909836065587 0.04098360655737708
10 0.5867699795081966 0.8591757741347907 0.02433401639344268 0.037568306010928865
11 0.7904072745901639 0.31841985428051006 0.02433401639344268 0.039845173041894374
12 0.05846567622950816 0.4857695810564663 0.01664959016393442 0.030737704918032724
13 0.4093878073770492 0.7003642987249544 0.02561475409836056 0.04098360655737723