0 0.0537109375 0.11067708333333333 0.0234375 0.033854166666666664
1 0.478271484375 0.015190972222222222 0.03076171875 0.030381944444444444
2 0.917724609375 0.10546875 0.021484375 0.044270833333333336
3 0.06640625 0.8641493055555556 0.01904296875 0.049479166666666664
4 0.478759765625 0.9657118055555556 0.02685546875 0.04513888888888889
5 0.9033203125 0.8793402777777778 0.02392578125 0.0390625
6 0.751708984375 0.20008680555555555 0.02197265625 0.036458333333333336
14 0.135986328125 0.4613715277777778 0.01904296875 0.036458333333333336
15 0.177490234375 0.2569444444444444 0.021484375 0.036458333333333336
16 0.81005859375 0.10503472222222222 0.0185546875 0.04079861111111111
18 0.61767578125 0.8485243055555556 0.02294921875 0.036458333333333336
19 0.427734375 0.24088541666666666 0.02392578125 0.046875
20 0.07666015625 0.4318576388888889 0.01806640625 0.03298611111111111
8 0.17724609375 0.10807291666666667 0.0205078125 0.03732638888888889
10 0.15185546875 0.7135416666666666 0.0205078125 0.03732638888888889
12 0.065185546875 0.6011284722222222 0.0185546875 0.0390625