0 0.0834400614754098 0.12716302367941712 0.02945696721311475 0.04212204007285974
1 0.4951972336065573 0.026980874316939876 0.028176229508196704 0.03756830601092896
2 0.9200819672131146 0.12488615664845172 0.02113217213114771 0.053506375227686705
3 0.09400614754098358 0.8512067395264118 0.028816598360655726 0.039845173041894374
4 0.49327612704918034 0.9536657559198544 0.02689549180327866 0.0443989071038252
5 0.8992699795081969 0.8716985428051003 0.02433401639344246 0.05122950819672134
6 0.7410988729508197 0.7089025500910747 0.02177254098360648 0.03756830601092926
7 0.7782402663934427 0.6269353369763206 0.020491803278688492 0.042122040072859884
8 0.8560450819672131 0.29508196721311475 0.019851434426229497 0.03870673952641162
9 0.8947873975409837 0.5381375227686704 0.01921106557377028 0.039845173041894374
10 0.7382172131147542 0.17725409836065575 0.019851434426229497 0.039845173041894374
11 0.7215676229508197 0.567167577413479 0.022412909836065698 0.04326047358834254
17 0.891796875 0.1875 0.016406249999999956 0.03333333333333331
19 0.7341796875000001 0.2138888888888889 0.024609375000000044 0.031944444444444456
20 0.91328125 0.5739583333333333 0.014843750000000044 0.034027777777777816
21 0.6423828125000001 0.8722222222222222 0.026171874999999956 0.03750000000000004