0 0.0546875 0.11047979797979807 0.024147727272727265 0.04166666666666668
1 0.48082386363636354 0.01767676767676775 0.03409090909090906 0.032828282828282825
2 0.9169034090909091 0.10353535353535362 0.02556818181818188 0.047979797979797977
3 0.06569602272727272 0.860479797979798 0.0234375 0.03914141414141427
4 0.47798295454545453 0.9640151515151515 0.02840909090909094 0.04671717171717186
5 0.9066051136363635 0.8781565656565655 0.0234375 0.05429292929292916
6 0.12464488636363635 0.1477272727272728 0.020596590909090884 0.03535353535353537
7 0.6956676136363636 0.403409090909091 0.0234375 0.044191919191919164
14 0.6548295454545454 0.19065656565656572 0.024147727272727293 0.040404040404040414
16 0.26313920454545453 0.7095959595959597 0.0234375 0.040404040404040366
20 0.24112215909090906 0.7430555555555556 0.022017045454545386 0.03661616161616167
19 0.1690340909090909 0.82260101010101 0.021306818181818232 0.03914141414141427
8 0.11576704545454547 0.840909090909091 0.018465909090909075 0.03535353535353517
9 0.7116477272727272 0.6950757575757576 0.022727272727272707 0.03914141414141407
21 0.8984375 0.8125 0.01846590909090917 0.03661616161616167
11 0.6303267045454546 0.11111111111111119 0.0234375 0.042929292929292914
13 0.20667613636363635 0.3888888888888889 0.024147727272727293 0.04040404040404047