0 0.080322265625 0.12586805555555555 0.0283203125 0.042534722222222224
1 0.49365234375 0.02734375 0.0263671875 0.036458333333333336
2 0.91943359375 0.11631944444444445 0.01708984375 0.043402777777777776
3 0.09228515625 0.8502604166666666 0.02197265625 0.03298611111111111
4 0.49169921875 0.9544270833333334 0.03271484375 0.04079861111111111
5 0.90380859375 0.8693576388888888 0.0244140625 0.05381944444444445
6 0.832763671875 0.6493055555555556 0.01904296875 0.036458333333333336
7 0.12451171875 0.3433159722222222 0.01904296875 0.03732638888888889
8 0.779541015625 0.6822916666666666 0.0205078125 0.029513888888888888
9 0.78564453125 0.7634548611111112 0.02001953125 0.03993055555555555
12 0.628173828125 0.4756944444444444 0.02490234375 0.042534722222222224
13 0.893798828125 0.14756944444444445 0.01611328125 0.03298611111111111
14 0.8974609375 0.8420138888888888 0.01904296875 0.03298611111111111
15 0.34130859375 0.09418402777777778 0.0224609375 0.03993055555555555
16 0.811279296875 0.22569444444444445 0.01708984375 0.043402777777777776
17 0.802001953125 0.7217881944444444 0.01904296875 0.043402777777777776
18 0.770263671875 0.8780381944444444 0.0224609375 0.036458333333333336
19 0.745849609375 0.5967881944444444 0.0224609375 0.050347222222222224
20 0.4208984375 0.13585069444444445 0.02685546875 0.04079861111111111
21 0.8349609375 0.2803819444444444 0.01708984375 0.0390625