0 0.0546875 0.10980902777777778 0.02294921875 0.042534722222222224
1 0.478759765625 0.015190972222222222 0.03271484375 0.030381944444444444
2 0.915771484375 0.1015625 0.0263671875 0.044270833333333336
3 0.06787109375 0.8628472222222222 0.02490234375 0.041666666666666664
4 0.478271484375 0.9691840277777778 0.02783203125 0.044270833333333336
5 0.900634765625 0.8763020833333334 0.02685546875 0.042534722222222224
6 0.21630859375 0.2582465277777778 0.02197265625 0.0390625
7 0.327392578125 0.6532118055555556 0.02294921875 0.0390625
14 0.814208984375 0.2738715277777778 0.01904296875 0.04079861111111111
15 0.08349609375 0.7847222222222222 0.01904296875 0.033854166666666664
16 0.582275390625 0.8628472222222222 0.02294921875 0.0390625
17 0.223388671875 0.8107638888888888 0.02490234375 0.035590277777777776
18 0.531494140625 0.2903645833333333 0.0234375 0.042534722222222224
19 0.7197265625 0.9027777777777778 0.02197265625 0.03819444444444445
20 0.45458984375 0.5013020833333334 0.02294921875 0.042534722222222224
21 0.078369140625 0.2322048611111111 0.017578125 0.035590277777777776
8 0.313232421875 0.5946180555555556 0.02294921875 0.04513888888888889
10 0.800537109375 0.6163194444444444 0.021484375 0.04079861111111111
11 0.309326171875 0.07682291666666667 0.02197265625 0.03819444444444445
12 0.230224609375 0.890625 0.02392578125 0.036458333333333336
13 0.693603515625 0.7170138888888888 0.0205078125 0.042534722222222224