0 0.078857421875 0.1254340277777778 0.02294921875 0.033854166666666664
1 0.492431640625 0.026909722222222224 0.0263671875 0.042534722222222224
2 0.91357421875 0.1271701388888889 0.02001953125 0.03732638888888889
3 0.089599609375 0.8502604166666666 0.0263671875 0.035590277777777776
4 0.489501953125 0.9518229166666666 0.0283203125 0.036458333333333336
5 0.898193359375 0.8732638888888888 0.02001953125 0.04079861111111111
16 0.892578125 0.8185763888888888 0.0146484375 0.03211805555555555
21 0.66015625 0.8038194444444444 0.02001953125 0.03211805555555555
6 0.205078125 0.8502604166666666 0.0205078125 0.03298611111111111
17 0.136962890625 0.8055555555555556 0.0185546875 0.030381944444444444
15 0.37939453125 0.3337673611111111 0.01904296875 0.036458333333333336