0 0.08087858606557374 0.12773224043715847 0.024334016393442626 0.034153005464480884
1 0.4964779713114754 0.029826958105646617 0.02561475409836067 0.040983606557377046
2 0.9172003073770493 0.12545537340619306 0.02305327868852447 0.03870673952641163
3 0.091124487704918 0.8540528233151186 0.025614754098360643 0.04553734061930786
4 0.49263575819672134 0.9570810564663024 0.021772540983606647 0.037568306010928865
5 0.8995901639344264 0.8682832422586522 0.018570696721311508 0.04212204007285979
6 0.4983990778688524 0.2785746812386157 0.023053278688524637 0.03756830601092896
7 0.12346311475409832 0.342896174863388 0.021132172131147542 0.036429872495446304
8 0.7795210040983607 0.6804417122040074 0.023053278688524692 0.039845173041894374
9 0.7859246926229508 0.7641165755919856 0.021772540983606703 0.03870673952641172
12 0.6261526639344263 0.4772313296903461 0.018570696721311508 0.04326047358834254
13 0.8944672131147542 0.14936247723132967 0.014728483606557319 0.03415300546448089
14 0.8970286885245902 0.84209927140255 0.021132172131147486 0.03529143897996355
15 0.3427894467213115 0.0947176684881603 0.021772540983606592 0.040983606557377046
16 0.8099385245901639 0.22449908925318762 0.018570696721311508 0.04098360655737706
17 0.8025742827868853 0.7214253187613845 0.017930327868852514 0.039845173041894576
18 0.7689549180327869 0.8796675774134791 0.018570696721311508 0.033014571948998234
19 0.7471823770491803 0.5939207650273225 0.019851434426229497 0.0443989071038252
20 0.421875 0.13342440801457195 0.022412909836065587 0.03415300546448089
21 0.8355532786885246 0.2825591985428051 0.019851434426229497 0.034153005464480794