1 0.7666015625 0.4904513888888889 0.02490234375 0.050347222222222224
4 0.242919921875 0.4921875 0.02490234375 0.051215277777777776
8 0.70166015625 0.1857638888888889 0.01806640625 0.042534722222222224
9 0.28759765625 0.12890625 0.0185546875 0.03732638888888889
10 0.40625 0.9921875 0.0224609375 0.015625
14 0.697021484375 0.8094618055555556 0.02001953125 0.035590277777777776
16 0.482666015625 0.9878472222222222 0.02099609375 0.024305555555555556
18 0.459716796875 0.9270833333333334 0.0205078125 0.03298611111111111
19 0.71826171875 0.025173611111111112 0.0166015625 0.035590277777777776
20 0.326171875 0.3333333333333333 0.02099609375 0.04774305555555555
21 0.329345703125 0.6662326388888888 0.02490234375 0.042534722222222224