0 0.08023821721311473 0.12260928961748634 0.02561475409836067 0.03301457194899815
1 0.49295594262295084 0.026980874316939876 0.0288165983606557 0.04212204007285974
2 0.9197617827868854 0.12090163934426228 0.019211065573770503 0.04326047358834243
3 0.090484118852459 0.8517759562841533 0.025614754098360643 0.03415300546448089
4 0.49167520491803285 0.9536657559198544 0.026255122950819665 0.042122040072859884
5 0.9008709016393444 0.8745446265938069 0.027535860655737654 0.050091074681238586
6 0.47854764344262296 0.08788706739526411 0.02305327868852447 0.036429872495446255
7 0.8656506147540984 0.4254326047358834 0.01728995901639352 0.046675774134790564
12 0.7619108606557377 0.226775956284153 0.023693647540983687 0.04781420765027327
18 0.2195184426229508 0.30988160291438976 0.022412909836065587 0.03642987249544621
20 0.4398053278688524 0.14993169398907102 0.022412909836065475 0.033014571948998185
8 0.8951075819672131 0.2552367941712204 0.018570696721311508 0.03870673952641162