0 0.055352393617021295 0.11214539007092204 0.020777925531914876 0.042848699763593366
1 0.47880651595744683 0.01832151300236412 0.038231382978723416 0.02955082742316785
2 0.9192985372340424 0.0995862884160757 0.023271276595744572 0.05614657210401893
3 0.06657247340425533 0.8627364066193856 0.02493351063829788 0.04875886524822705
4 0.47922207446808507 0.9698581560283688 0.03241356382978722 0.050236406619385415
5 0.9022606382978723 0.8782505910165485 0.025764627659574435 0.05023640661938532
6 0.7983710106382977 0.14391252955082748 0.02077792553191493 0.041371158392434944
7 0.7131815159574467 0.8812056737588655 0.023271276595744794 0.04137115839243499
14 0.12433510638297873 0.8575650118203311 0.022440159574468085 0.0413711583924348
15 0.7310505319148937 0.07225177304964545 0.0224401595744681 0.04284869976359337
18 0.45428856382978716 0.4113475177304965 0.024102393617021267 0.04432624113475173
19 0.8744182180851063 0.7659574468085109 0.01828457446808529 0.04137115839243499
20 0.9163896276595745 0.39657210401891263 0.02077792553191493 0.03841607565011825
21 0.11311502659574471 0.11879432624113481 0.021609042553191488 0.03546099290780139
8 0.15882646276595747 0.4106087470449173 0.021609042553191515 0.042848699763593366
9 0.10729720744680854 0.5494976359338062 0.021609042553191515 0.03693853427895988
10 0.1521775265957447 0.20892434988179673 0.021609042553191515 0.03546099290780141
11 0.17794215425531917 0.8028959810874706 0.023271276595744683 0.03841607565011825
12 0.19498005319148937 0.8619976359338062 0.020777925531914876 0.03841607565011825