0 0.0546875 0.10984848484848492 0.022727272727272714 0.04545454545454545
1 0.479403409090909 0.019570707070707145 0.035511363636363646 0.03661616161616162
2 0.9169034090909091 0.10037878787878791 0.02556818181818188 0.05176767676767675
3 0.06747159090909091 0.8611111111111112 0.022727272727272735 0.04545454545454556
4 0.47798295454545453 0.9671717171717172 0.03125 0.04797979797979776
5 0.9026988636363635 0.8768939393939392 0.03125 0.04419191919191926
6 0.35901988636363635 0.21654040404040412 0.027698863636363646 0.044191919191919164
7 0.44531249999999994 0.7954545454545455 0.02556818181818188 0.04292929292929296
14 0.5202414772727272 0.7872474747474747 0.022017045454545414 0.041666666666666664
15 0.7599431818181818 0.11489898989898996 0.02130681818181812 0.040404040404040414
16 0.7357954545454546 0.82260101010101 0.024147727272727293 0.03914141414141427
17 0.67578125 0.875 0.0234375 0.03787878787878777
18 0.11541193181818182 0.15909090909090917 0.017755681818181795 0.032828282828282825
19 0.12677556818181818 0.8377525252525252 0.01917613636363634 0.034090909090909075
20 0.37073863636363635 0.5978535353535354 0.022727272727272707 0.041666666666666664
21 0.3256392045454546 0.32638888888888895 0.0234375 0.041666666666666664
8 0.1740056818181818 0.5643939393939394 0.021306818181818177 0.040404040404040366
9 0.44886363636363635 0.8617424242424243 0.024147727272727293 0.03661616161616167
10 0.8636363636363635 0.21085858585858594 0.019886363636363757 0.04292929292929294
11 0.17151988636363635 0.6925505050505051 0.0234375 0.03914141414141407
12 0.3068181818181819 0.182449494949495 0.025568181818181768 0.03914141414141417
13 0.5980113636363635 0.7702020202020202 0.022727272727272707 0.04292929292929296