0 0.0834400614754098 0.12431693989071037 0.028176229508196704 0.04553734061930781
1 0.4948770491803279 0.03096539162112931 0.03650102459016391 0.043260473588342445
2 0.9181608606557377 0.12317850637522769 0.02113217213114771 0.038706739526411654
3 0.08984374999999997 0.8523451730418945 0.026895491803278687 0.03756830601092906
4 0.49167520491803285 0.9525273224043718 0.024974385245901676 0.0443989071038252
5 0.8992699795081969 0.8734061930783243 0.023053278688524692 0.04326047358834254
6 0.6517674180327869 0.692964480874317 0.022412909836065698 0.03756830601092906
7 0.7622310450819673 0.39355646630236796 0.019211065573770503 0.04212204007285969
8 0.8624487704918032 0.14594717668488158 0.01857069672131173 0.03415300546448089
9 0.28387551229508196 0.27003642987249543 0.02305327868852458 0.04098360655737703
10 0.6187884221311475 0.8927595628415301 0.023053278688524692 0.03415300546448089
11 0.7132428278688524 0.6388888888888888 0.024974385245901676 0.04553734061930786
12 0.8285092213114755 0.3041894353369763 0.02113217213114771 0.03870673952641162
13 0.22432120901639344 0.8272996357012751 0.02305327868852458 0.03529143897996355
17 0.7273309426229508 0.4197404371584699 0.022412909836065698 0.046675774134790515
18 0.7292520491803279 0.2888205828779599 0.018570696721311508 0.04212204007285969
19 0.7340548155737706 0.382172131147541 0.02433401639344268 0.0443989071038251
20 0.9133580942622951 0.5739981785063752 0.014088114754098324 0.03870673952641172
21 0.6399205942622951 0.8984517304189436 0.02177254098360648 0.04098360655737713