0 0.0532746010638298 0.10771276595744686 0.024933510638297865 0.045803782505910155
1 0.48005319148936165 0.016105200945626532 0.034075797872340385 0.02807328605200945
2 0.9168051861702129 0.1003250591016549 0.023271276595744572 0.04875886524822695
3 0.06532579787234043 0.8649527186761231 0.024102393617021288 0.04728132387706848
4 0.47880651595744683 0.9705969267139481 0.031582446808510634 0.051713947990543595
5 0.9022606382978723 0.8789893617021277 0.025764627659574435 0.03989361702127652
7 0.0902593085106383 0.1771572104018913 0.014128989361702149 0.031028368794326244
14 0.8228889627659574 0.2569444444444445 0.021609042553191404 0.03693853427895978
15 0.07945478723404256 0.15499408983451543 0.019115691489361708 0.02807328605200945
19 0.8287067819148937 0.4216903073286053 0.019946808510638236 0.03841607565011825
20 0.7198304521276596 0.8435283687943262 0.021609042553191404 0.036938534278959684
21 0.23819813829787229 0.3625886524822695 0.025764627659574407 0.03841607565011825
8 0.2531582446808511 0.7563534278959811 0.02742686170212763 0.03989361702127662
9 0.36078789893617025 0.5391548463356974 0.02493351063829785 0.03989361702127662
10 0.289311835106383 0.22813238770685584 0.02493351063829785 0.041371158392434965
11 0.9138962765957448 0.5192080378250591 0.017453457446808596 0.03841607565011825
13 0.4891954787234043 0.7807328605200948 0.025764627659574435 0.04137115839243499
12 0.3103841145833333 0.5745081018518519 0.0244140625 0.04774305555555555