0 0.052702356557377025 0.11236338797814205 0.021772540983606557 0.039845173041894326
1 0.4795081967213115 0.013319672131147526 0.026255122950819665 0.023907103825136618
2 0.9188012295081969 0.10724043715846993 0.023693647540983687 0.034153005464480884
3 0.06679047131147538 0.8631602914389801 0.02049180327868852 0.03642987249544621
4 0.47854764344262296 0.9718806921675773 0.02689549180327866 0.046675774134790515
5 0.9024718237704917 0.882513661202186 0.023053278688524692 0.034153005464480996
6 0.4093878073770492 0.5301684881602915 0.02561475409836056 0.046675774134790515
17 0.8973488729508198 0.6121357012750456 0.01793032786885229 0.037568306010928865
18 0.09336577868852457 0.28540528233151186 0.018570696721311453 0.03756830601092896
20 0.0831198770491803 0.5273224043715847 0.019851434426229525 0.03642987249544621
8 0.8400358606557377 0.1886384335154827 0.019851434426229497 0.039845173041894374
10 0.833311987704918 0.29394353369763204 0.020491803278688492 0.03870673952641172
11 0.9002305327868853 0.12887067395264118 0.018570696721311508 0.036429872495446255
13 0.24193135245901637 0.07650273224043715 0.021132172131147514 0.04098360655737706