0 0.05322265625 0.11024305555555555 0.02294921875 0.042534722222222224
1 0.478759765625 0.012586805555555556 0.03125 0.022569444444444444
2 0.918701171875 0.10850694444444445 0.02392578125 0.04079861111111111
3 0.066162109375 0.8667534722222222 0.025390625 0.0390625
4 0.479248046875 0.97265625 0.0244140625 0.043402777777777776
5 0.902587890625 0.8832465277777778 0.025390625 0.03298611111111111
6 0.193359375 0.4674479166666667 0.02099609375 0.042534722222222224
14 0.421875 0.2599826388888889 0.02392578125 0.04079861111111111
18 0.892578125 0.17838541666666666 0.01708984375 0.03732638888888889
8 0.525390625 0.3385416666666667 0.025390625 0.04774305555555555
12 0.915283203125 0.4357638888888889 0.01904296875 0.03732638888888889