0 0.054931640625 0.11241319444444445 0.02490234375 0.03298611111111111
1 0.47802734375 0.016493055555555556 0.02685546875 0.03298611111111111
2 0.916259765625 0.10546875 0.02392578125 0.049479166666666664
3 0.067138671875 0.8637152777777778 0.0234375 0.042534722222222224
4 0.478759765625 0.9696180555555556 0.02978515625 0.04513888888888889
5 0.900146484375 0.8780381944444444 0.0263671875 0.046875
6 0.917724609375 0.3893229166666667 0.0185546875 0.033854166666666664
7 0.843505859375 0.5316840277777778 0.01904296875 0.04079861111111111
14 0.56640625 0.17317708333333334 0.0234375 0.042534722222222224
16 0.515625 0.9253472222222222 0.021484375 0.03819444444444445
19 0.29296875 0.78515625 0.0205078125 0.042534722222222224
20 0.183837890625 0.2960069444444444 0.02001953125 0.0390625
21 0.8974609375 0.8129340277777778 0.017578125 0.035590277777777776
8 0.327880859375 0.7981770833333334 0.02490234375 0.042534722222222224
9 0.74755859375 0.1254340277777778 0.02197265625 0.041666666666666664
11 0.800048828125 0.3650173611111111 0.0205078125 0.042534722222222224
13 0.206298828125 0.3875868055555556 0.0205078125 0.04079861111111111