0 0.05326704545454545 0.11047979797979805 0.02414772727272728 0.039141414141414144
1 0.48046875 0.014520202020202093 0.030539772727272707 0.02398989898989899
2 0.915838068181818 0.09911616161616167 0.022017045454545414 0.04924242424242421
3 0.06534090909090909 0.8630050505050506 0.024147727272727265 0.04924242424242426
4 0.47798295454545453 0.9690656565656567 0.029829545454545414 0.054292929292929254
5 0.9051846590909091 0.8756313131313134 0.0234375 0.044191919191919365
7 0.6008522727272727 0.5170454545454546 0.024147727272727293 0.03914141414141407
14 0.13139204545454544 0.8061868686868688 0.019886363636363633 0.03661616161616167
15 0.8029119318181817 0.7424242424242424 0.022017045454545414 0.040404040404040366
16 0.1221590909090909 0.43939393939393945 0.021306818181818205 0.040404040404040414
17 0.5916193181818181 0.26325757575757586 0.02556818181818188 0.044191919191919164
18 0.07776988636363635 0.7039141414141414 0.020596590909090884 0.03661616161616167
19 0.24751420454545459 0.6022727272727273 0.02627840909090909 0.04292929292929296
20 0.8387784090909091 0.643939393939394 0.019886363636363757 0.040404040404040366
21 0.08522727272727272 0.2922979797979799 0.01988636363636362 0.03914141414141417
8 0.17720170454545456 0.5890151515151515 0.0234375 0.041666666666666664
9 0.1299715909090909 0.2203282828282829 0.02130681818181822 0.03661616161616162
10 0.48401988636363635 0.7834595959595959 0.02627840909090906 0.04419191919191926
11 0.7063210227272727 0.7582070707070708 0.0234375 0.046717171717171664
12 0.2947443181818182 0.6376262626262627 0.024147727272727293 0.04292929292929296
13 0.21590909090909094 0.5997474747474748 0.021306818181818177 0.040404040404040366
6 0.8860085227272727 0.8465909090909091 0.016335227272727293 0.03156565656565667