0 0.08055840163934423 0.1248861566484517 0.026255122950819693 0.028460837887067398
1 0.4942366803278688 0.03096539162112931 0.026255122950819665 0.040983606557377046
2 0.9178406762295082 0.12204007285974498 0.02689549180327866 0.038706739526411654
3 0.09080430327868849 0.8546220400728598 0.028816598360655726 0.046675774134790515
4 0.49263575819672134 0.9502504553734062 0.028176229508196704 0.039845173041894576
5 0.9047131147540984 0.8779599271402552 0.026255122950819665 0.05464480874316951
6 0.1333888319672131 0.7032103825136612 0.024334016393442626 0.026183970856102096
7 0.637999487704918 0.5466757741347905 0.023053278688524692 0.04098360655737703
8 0.6962730532786886 0.5574908925318761 0.023053278688524692 0.042122040072859884
9 0.2905993852459016 0.12260928961748634 0.024974385245901676 0.039845173041894326
10 0.7097207991803279 0.6428734061930783 0.020491803278688492 0.0443989071038252
11 0.716124487704918 0.5250455373406192 0.020491803278688492 0.04326047358834254
12 0.656890368852459 0.5808287795992714 0.022412909836065698 0.04553734061930786
14 0.1141777663934426 0.6844262295081968 0.017930327868852458 0.03415300546448089
15 0.09784836065573768 0.6360428051001823 0.014728483606557374 0.03756830601092906
17 0.7567879098360657 0.7032103825136614 0.017289959016393297 0.042122040072859884
18 0.7875256147540984 0.7145947176684883 0.022412909836065698 0.042122040072859884
19 0.09496670081967211 0.3787568306010929 0.02305327868852458 0.028460837887067412
20 0.67578125 0.4948770491803278 0.02177254098360648 0.046675774134790515
21 0.6235911885245902 0.3867258652094718 0.023693647540983687 0.05122950819672134