1 0.2255859375 0.53515625 0.013671875 0.046875
4 0.76708984375 0.5368923611111112 0.02685546875 0.04513888888888889
6 0.4990234375 0.9874131944444444 0.0244140625 0.025173611111111112
7 0.4765625 0.1189236111111111 0.0234375 0.04079861111111111
14 0.48828125 0.15321180555555555 0.0234375 0.042534722222222224
15 0.477783203125 0.050347222222222224 0.0244140625 0.04079861111111111
16 0.5126953125 0.15494791666666666 0.02294921875 0.03993055555555555
17 0.50048828125 0.19010416666666666 0.02392578125 0.041666666666666664
18 0.524169921875 0.12109375 0.02294921875 0.03819444444444445
19 0.489013671875 0.0859375 0.02392578125 0.0390625
20 0.50048828125 0.12239583333333333 0.0234375 0.0390625
21 0.5009765625 0.054253472222222224 0.0234375 0.04079861111111111
8 0.512451171875 0.08854166666666667 0.02294921875 0.03993055555555555
9 0.465576171875 0.08203125 0.02392578125 0.04079861111111111
10 0.45458984375 0.047309027777777776 0.02294921875 0.03819444444444445
11 0.5244140625 0.05555555555555555 0.0224609375 0.03819444444444445
12 0.5478515625 0.059027777777777776 0.02294921875 0.04079861111111111
17 0.536376953125 0.08984375 0.0234375 0.0390625
22 0.5048828125 0.25115740711805556 0.5732421875 0.026909722222222224 0.42919921875 0.018229166666666668 0.5048828125 0.25115740711805556