0 0.0792776639344262 0.12773224043715847 0.021132172131147542 0.034153005464480884
1 0.4932761270491803 0.0332422586520947 0.02817622950819676 0.03642987249544627
2 0.9159195696721313 0.12147085610200363 0.019211065573770503 0.03301457194899815
3 0.09240522540983603 0.8517759562841533 0.021772540983606536 0.029599271402550267
4 0.48911372950819665 0.9525273224043718 0.027535860655737654 0.03984517304189418
5 0.8973488729508198 0.8716985428051003 0.019211065573770503 0.044398907103825005
6 0.4356429303278688 0.8563296903460839 0.02561475409836056 0.04098360655737703
7 0.6716188524590164 0.6297814207650273 0.021132172131147486 0.04326047358834254
14 0.83203125 0.16416211293260474 0.01921106557377028 0.03187613843351553
15 0.6901895491803279 0.3696493624772313 0.018570696721311508 0.04212204007285969
17 0.655609631147541 0.20685336976320587 0.024974385245901676 0.04895264116575593
18 0.47918801229508196 0.6337659380692168 0.02561475409836067 0.046675774134790515
21 0.1180199795081967 0.6218123861566485 0.019211065573770503 0.03415300546448089