0 0.08055840163934423 0.12545537340619306 0.01857069672131148 0.04098360655737703
1 0.4951972336065573 0.02527322404371583 0.024334016393442626 0.040983606557377046
2 0.9168801229508198 0.12204007285974498 0.019851434426229497 0.04326047358834243
3 0.091124487704918 0.8529143897996357 0.019211065573770475 0.04781420765027337
4 0.4900742827868852 0.956511839708561 0.02689549180327877 0.04781420765027317
5 0.9015112704918032 0.8756830601092899 0.02113217213114771 0.04553734061930776
7 0.8909451844262297 0.29792805100182146 0.01793032786885229 0.039845173041894374
6 0.14011270491803277 0.19433060109289613 0.017289959016393408 0.030737704918032776
14 0.6453637295081966 0.8586065573770493 0.022412909836065475 0.03642987249544621
15 0.9059938524590164 0.2558060109289617 0.018570696721311508 0.03529143897996355
17 0.8845414959016393 0.39526411657559196 0.017930327868852514 0.03870673952641172
16 0.6226306352459017 0.8364071038251366 0.020491803278688492 0.037568306010928865
18 0.733094262295082 0.6149817850637523 0.019851434426229497 0.03870673952641172
20 0.28611680327868855 0.6793032786885247 0.019851434426229497 0.033014571948998234
8 0.42411629098360654 0.18180783242258652 0.02433401639344268 0.039845173041894374
9 0.5477074795081966 0.10154826958105644 0.02433401639344268 0.03870673952641167
11 0.7984118852459017 0.1527777777777778 0.018570696721311508 0.03870673952641167
12 0.13082735655737704 0.17042349726775954 0.01921106557377049 0.033014571948998234