0 0.055352393617021295 0.11362293144208041 0.024102393617021267 0.042848699763593415
1 0.4817154255319149 0.016105200945626532 0.034075797872340496 0.02807328605200945
2 0.9168051861702129 0.1003250591016549 0.023271276595744572 0.05171394799054374
3 0.06615691489361704 0.8583037825059102 0.024102393617021288 0.04580378250591011
4 0.47755984042553196 0.9728132387706858 0.027426861702127714 0.0413711583924348
5 0.9047539893617021 0.8812056737588655 0.02077792553191493 0.04137115839243499
6 0.8856382978723403 0.8450059101654848 0.015791223404255428 0.031028368794326196
7 0.9109873670212766 0.2532505910165485 0.01828457446808507 0.03841607565011825
14 0.13098404255319152 0.8073286052009457 0.020777925531914876 0.0413711583924348
15 0.8719248670212766 0.6167257683215132 0.01828457446808507 0.03841607565011825
16 0.5457114361702128 0.16755319148936176 0.025764627659574435 0.04728132387706858
17 0.49833776595744683 0.30274822695035464 0.025764627659574435 0.045803782505910204
19 0.18209773936170215 0.15425531914893623 0.023271276595744683 0.04137115839243499
20 0.5789561170212766 0.30274822695035464 0.0224401595744681 0.042848699763593366
21 0.8382646276595745 0.7859042553191491 0.0224401595744681 0.03398345153664314
8 0.836186835106383 0.7445330969267139 0.021609042553191404 0.042848699763593366
18 0.07737699468085107 0.703161938534279 0.019946808510638292 0.03693853427895988
9 0.8428357712765957 0.17050827423167852 0.01828457446808507 0.0384160756501182
10 0.8511469414893617 0.6322399527186762 0.019946808510638236 0.03693853427895988
11 0.7576462765957447 0.5613179669030733 0.024102393617021267 0.04580378250591011
12 0.8590425531914893 0.4187352245862884 0.01911569148936154 0.03841607565011825
13 0.688248005319149 0.6802600472813239 0.023271276595744794 0.04432624113475173