0 0.0537109375 0.10807291666666667 0.02197265625 0.0390625
1 0.481201171875 0.016493055555555556 0.029296875 0.030381944444444444
2 0.917236328125 0.1037326388888889 0.0205078125 0.042534722222222224
3 0.0673828125 0.8641493055555556 0.021484375 0.0390625
4 0.478759765625 0.9696180555555556 0.02392578125 0.042534722222222224
5 0.90087890625 0.875 0.0234375 0.03819444444444445
6 0.627197265625 0.3650173611111111 0.02392578125 0.042534722222222224
7 0.8310546875 0.5190972222222222 0.02001953125 0.03819444444444445
14 0.71875 0.5876736111111112 0.02294921875 0.0390625
15 0.295166015625 0.7513020833333334 0.02490234375 0.04079861111111111
16 0.095947265625 0.14149305555555555 0.0185546875 0.035590277777777776
17 0.9072265625 0.5651041666666666 0.017578125 0.036458333333333336
18 0.8974609375 0.51953125 0.017578125 0.0390625
19 0.21484375 0.6232638888888888 0.02197265625 0.0390625
21 0.20947265625 0.76953125 0.02001953125 0.033854166666666664
8 0.60400390625 0.2113715277777778 0.02490234375 0.0390625
9 0.8623046875 0.6098090277777778 0.0185546875 0.03819444444444445
10 0.66650390625 0.578125 0.02197265625 0.04513888888888889
11 0.865478515625 0.2777777777777778 0.0205078125 0.03819444444444445
12 0.72509765625 0.3294270833333333 0.02294921875 0.042534722222222224
13 0.380615234375 0.8641493055555556 0.02392578125 0.0390625