0 0.05430327868852455 0.11236338797814205 0.021132172131147535 0.03529143897996355
1 0.479188012295082 0.013888888888888874 0.02817622950819676 0.02276867030965392
2 0.9188012295081969 0.10780965391621128 0.02113217213114771 0.04212204007285974
3 0.0671106557377049 0.8631602914389801 0.023693647540983603 0.03415300546448089
4 0.4795081967213115 0.9707422586520948 0.027535860655737765 0.051229508196721146
5 0.9018314549180328 0.8802367941712205 0.02305327868852447 0.03642987249544621
6 0.7644723360655737 0.3901411657559199 0.023693647540983687 0.0443989071038251
7 0.8361936475409837 0.7618397085610202 0.01985143442622972 0.04098360655737684
14 0.815061475409836 0.2740209471766849 0.018570696721311508 0.03756830601092896
15 0.8141009221311475 0.8278688524590164 0.02177254098360648 0.03642987249544621
16 0.750704405737705 0.2945127504553734 0.021772540983606703 0.04212204007285969
17 0.692751024590164 0.2802823315118397 0.024974385245901676 0.04553734061930786
19 0.5515496926229508 0.22620673952641168 0.02433401639344268 0.04212204007285979
21 0.9011910860655737 0.6707650273224045 0.020491803278688492 0.03642987249544621
8 0.8903048155737704 0.848360655737705 0.01793032786885229 0.029599271402550267
9 0.6085425204918034 0.10097905282331511 0.02305327868852447 0.04439890710382515
10 0.13819159836065573 0.48918488160291435 0.021132172131147542 0.039845173041894374
12 0.3136526639344262 0.576844262295082 0.023693647540983576 0.04212204007285969
13 0.8989497950819673 0.8136384335154828 0.017289959016393297 0.033014571948998234
20 0.07959784836065571 0.13513205828779598 0.017930327868852458 0.033014571948998185