0 0.0827996926229508 0.12374772313296901 0.02049180327868852 0.04212204007285974
1 0.49327612704918034 0.027550091074681222 0.02689549180327866 0.05009107468123862
2 0.9181608606557377 0.12260928961748634 0.019851434426229497 0.04212204007285974
3 0.09272540983606554 0.8534836065573772 0.018570696721311453 0.0443989071038252
4 0.49231557377049184 0.9559426229508197 0.02753586065573771 0.042122040072859884
5 0.9008709016393444 0.872836976320583 0.024974385245901676 0.035291438979963646
10 0.20895235655737704 0.2706056466302368 0.020491803278688547 0.03529143897996355
14 0.2624231557377049 0.2062841530054645 0.021132172131147486 0.034153005464480794
19 0.29188012295081966 0.20913023679417117 0.019851434426229497 0.03756830601092894
8 0.2390496926229508 0.5130919854280509 0.020491803278688547 0.03529143897996355
6 0.19038165983606556 0.6155510018214936 0.019211065573770503 0.03529143897996355
18 0.2713883196721311 0.6536885245901639 0.019851434426229497 0.03415300546448089
11 0.421875 0.6018897996357012 0.022412909836065587 0.039845173041894374
12 0.4404456967213115 0.6667805100182149 0.021132172131147486 0.03529143897996355
20 0.7375768442622951 0.4516165755919854 0.02113217213114771 0.03756830601092891
13 0.808017418032787 0.6616575591985429 0.018570696721311508 0.03870673952641152
7 0.11129610655737704 0.6360428051001823 0.017289959016393464 0.033014571948998234