0 0.053955078125 0.109375 0.0244140625 0.04079861111111111
1 0.480224609375 0.014322916666666666 0.02880859375 0.021701388888888888
2 0.91748046875 0.10677083333333333 0.0263671875 0.035590277777777776
3 0.0654296875 0.8637152777777778 0.025390625 0.030381944444444444
4 0.478271484375 0.9717881944444444 0.02734375 0.051215277777777776
5 0.90087890625 0.8823784722222222 0.0224609375 0.043402777777777776
7 0.80029296875 0.3294270833333333 0.02099609375 0.04079861111111111
16 0.401611328125 0.9114583333333334 0.02294921875 0.042534722222222224
20 0.8916015625 0.2960069444444444 0.01806640625 0.0390625
21 0.829833984375 0.5377604166666666 0.02099609375 0.043402777777777776
8 0.06201171875 0.1853298611111111 0.01708984375 0.035590277777777776
10 0.435546875 0.11588541666666667 0.025390625 0.046875
11 0.13916015625 0.6154513888888888 0.0205078125 0.03732638888888889
12 0.85791015625 0.15321180555555555 0.02099609375 0.03732638888888889
13 0.4931640625 0.04296875 0.02685546875 0.046875