0 0.08087858606557374 0.1260245901639344 0.024334016393442626 0.026183970856102
1 0.4958376024590164 0.032103825136612 0.028176229508196704 0.03415300546448087
2 0.9175204918032787 0.12260928961748634 0.018570696721311508 0.03529143897996355
3 0.091124487704918 0.8546220400728598 0.025614754098360643 0.037568306010928865
4 0.49263575819672134 0.9570810564663024 0.029456967213114693 0.037568306010928865
5 0.8995901639344264 0.872836976320583 0.022412909836065698 0.03984517304189428
6 0.2605020491803279 0.5961976320582878 0.024974385245901648 0.03529143897996355
7 0.1570824795081967 0.2671903460837888 0.020491803278688547 0.030737704918032724
13 0.8842213114754099 0.655396174863388 0.016009221311475308 0.028460837887067412
14 0.23328637295081966 0.24442167577413476 0.021772540983606592 0.03756830601092906
15 0.10329149590163932 0.7015027322404372 0.019211065573770503 0.02959927140255007
16 0.8147412909836066 0.872836976320583 0.017930327868852514 0.035291438979963646
19 0.08119877049180324 0.3702185792349727 0.01857069672131148 0.02959927140255007
20 0.8627689549180328 0.6719034608378871 0.017930327868852514 0.03415300546448089
21 0.5057633196721312 0.5307377049180328 0.02369364754098363 0.04098360655737703