1 0.765380859375 0.4874131944444444 0.0224609375 0.044270833333333336
4 0.244140625 0.4852430555555556 0.02490234375 0.04861111111111111
6 0.548583984375 0.4704861111111111 0.02294921875 0.044270833333333336
7 0.474365234375 0.7447916666666666 0.0244140625 0.03993055555555555
20 0.5029296875 0.8129340277777778 0.02099609375 0.03732638888888889
17 0.635498046875 0.8472222222222222 0.02392578125 0.03732638888888889
18 0.380859375 0.9952256944444444 0.0205078125 0.009548611111111112
10 0.439208984375 0.7921006944444444 0.0244140625 0.0390625
11 0.486328125 0.8841145833333334 0.02392578125 0.036458333333333336
8 0.46826171875 0.8485243055555556 0.0224609375 0.03993055555555555
21 0.564453125 0.7204861111111112 0.02392578125 0.04079861111111111