0 0.08119877049180325 0.12887067395264118 0.028816598360655754 0.04553734061930781
1 0.4932761270491803 0.025273224043715833 0.021772540983606592 0.025045537340619328
2 0.9168801229508198 0.11862477231329688 0.022412909836065475 0.0500910746812386
3 0.09432633196721309 0.8534836065573772 0.030737704918032793 0.037568306010928865
4 0.4919953893442623 0.9485428051001824 0.02945696721311475 0.04326047358834254
5 0.9011910860655737 0.8745446265938069 0.02305327868852447 0.050091074681238586
6 0.8973488729508198 0.25409836065573776 0.01793032786885229 0.036429872495446304
7 0.11033555327868849 0.6360428051001823 0.024334016393442626 0.039845173041894374
8 0.23808913934426226 0.5125227686703097 0.02497438524590162 0.03642987249544621
10 0.3818519467213115 0.31728142076502736 0.02689549180327866 0.04212204007285969
11 0.4628586065573771 0.7464708561020037 0.027535860655737654 0.046675774134790515
12 0.5233734631147541 0.8329918032786886 0.02689549180327866 0.039845173041894374
13 0.49391649590163933 0.7794854280510018 0.02689549180327866 0.039845173041894374
14 0.4599769467213115 0.10610200364298723 0.02305327868852458 0.04098360655737707
15 0.9050332991803277 0.1698542805100182 0.015368852459016313 0.036429872495446255
16 0.9047131147540984 0.1294398907103825 0.019851434426229497 0.04439890710382514
17 0.813140368852459 0.12887067395264118 0.01728995901639352 0.038706739526411654
18 0.30308657786885246 0.7840391621129328 0.02305327868852458 0.03529143897996355
19 0.655609631147541 0.2580828779599271 0.023693647540983687 0.0443989071038251
20 0.7372566598360656 0.45389344262295084 0.020491803278688492 0.04212204007285969
21 0.8992699795081969 0.47666211293260463 0.019211065573770503 0.0443989071038252