0 0.08055840163934423 0.12545537340619306 0.01857069672131148 0.03870673952641163
1 0.49455686475409844 0.02811930783242257 0.028176229508196704 0.039845173041894354
2 0.9175204918032787 0.12204007285974498 0.022412909836065698 0.04326047358834243
3 0.09336577868852457 0.8517759562841533 0.018570696721311453 0.04098360655737703
4 0.4932761270491803 0.9553734061930784 0.02945696721311475 0.03870673952641152
5 0.9005507172131146 0.872836976320583 0.023053278688524692 0.03984517304189428
18 0.21055327868852458 0.1755464480874317 0.021132172131147542 0.03415300546448089
15 0.23680840163934425 0.1590391621129326 0.018570696721311453 0.0352914389799636
17 0.2486552254098361 0.20969945355191258 0.021772540983606592 0.03870673952641167
7 0.3722464139344262 0.4994307832422586 0.021772540983606592 0.042122040072859884
6 0.3597592213114754 0.6064435336976319 0.022412909836065587 0.039845173041894374
20 0.29572233606557374 0.7948542805100183 0.019851434426229497 0.03642987249544621
21 0.5537909836065573 0.6906876138433515 0.023693647540983687 0.03756830601092906
14 0.6037397540983607 0.694672131147541 0.021132172131147486 0.03870673952641192
16 0.5803662909836066 0.6155510018214936 0.023053278688524692 0.0443989071038252
8 0.305968237704918 0.12887067395264118 0.021132172131147597 0.038706739526411654
19 0.8771772540983607 0.17270036429872496 0.01600922131147553 0.03756830601092901
12 0.9015112704918032 0.1635928961748634 0.01728995901639352 0.039845173041894374
13 0.8608478483606558 0.17156193078324225 0.016649590163934302 0.03756830601092896