0 0.055397727272727265 0.11237373737373743 0.022727272727272728 0.040404040404040414
1 0.47904829545454536 0.016414141414141485 0.027698863636363535 0.0303030303030303
2 0.9169034090909091 0.10416666666666671 0.024147727272727293 0.05176767676767675
3 0.06498579545454546 0.8611111111111112 0.02485795454545455 0.04545454545454556
4 0.47869318181818177 0.9696969696969696 0.02840909090909083 0.04797979797979776
5 0.9016335227272727 0.8756313131313133 0.024857954545454586 0.03661616161616167
6 0.07990056818181819 0.5808080808080809 0.017755681818181823 0.032828282828282776
7 0.8224431818181817 0.3112373737373738 0.019886363636363757 0.03914141414141417
14 0.45703125 0.2102272727272728 0.02059659090909094 0.041666666666666664
15 0.8913352272727272 0.4488636363636364 0.019886363636363757 0.03914141414141407
16 0.3267045454545454 0.5170454545454546 0.021306818181818232 0.041666666666666664
17 0.34481534090909094 0.36868686868686873 0.024857954545454586 0.040404040404040366
18 0.19886363636363635 0.13131313131313138 0.022727272727272707 0.040404040404040414
20 0.13671874999999997 0.12121212121212127 0.019176136363636354 0.03535353535353536
21 0.5720880681818182 0.768939393939394 0.022017045454545414 0.04292929292929296
9 0.4936079545454545 0.2777777777777779 0.025568181818181823 0.04545454545454546
11 0.25497159090909094 0.24494949494949506 0.022727272727272707 0.04292929292929296
13 0.5752840909090908 0.05429292929292936 0.02556818181818188 0.040404040404040394