0 0.054931640625 0.1072048611111111 0.0234375 0.050347222222222224
1 0.477294921875 0.016493055555555556 0.037109375 0.030381944444444444
2 0.918212890625 0.10286458333333333 0.02294921875 0.041666666666666664
3 0.069580078125 0.8663194444444444 0.021484375 0.04079861111111111
4 0.478271484375 0.9696180555555556 0.02783203125 0.050347222222222224
5 0.90234375 0.87890625 0.02490234375 0.04079861111111111
6 0.468994140625 0.2348090277777778 0.0263671875 0.04513888888888889
15 0.82666015625 0.3268229166666667 0.02294921875 0.04513888888888889
16 0.101806640625 0.7126736111111112 0.01904296875 0.036458333333333336
17 0.477294921875 0.6384548611111112 0.025390625 0.044270833333333336
18 0.914794921875 0.2400173611111111 0.015625 0.035590277777777776
21 0.844482421875 0.7356770833333334 0.02001953125 0.0390625
8 0.10009765625 0.8129340277777778 0.0185546875 0.035590277777777776
9 0.144775390625 0.7782118055555556 0.02001953125 0.033854166666666664
10 0.824951171875 0.3932291666666667 0.01953125 0.03732638888888889
12 0.886962890625 0.4153645833333333 0.017578125 0.03732638888888889
13 0.8115234375 0.24479166666666666 0.02001953125 0.03819444444444445