0 0.07958984375 0.12760416666666666 0.025390625 0.036458333333333336
1 0.493896484375 0.026909722222222224 0.0283203125 0.042534722222222224
2 0.9169921875 0.12152777777777778 0.02392578125 0.044270833333333336
3 0.093017578125 0.8515625 0.0244140625 0.03211805555555555
4 0.491455078125 0.9548611111111112 0.02685546875 0.044270833333333336
5 0.899169921875 0.8693576388888888 0.02294921875 0.04861111111111111
6 0.6318359375 0.4544270833333333 0.02001953125 0.04513888888888889
7 0.637939453125 0.5460069444444444 0.02294921875 0.044270833333333336
8 0.695556640625 0.5564236111111112 0.02197265625 0.042534722222222224
9 0.28955078125 0.4522569444444444 0.0244140625 0.036458333333333336
10 0.09228515625 0.3424479166666667 0.02294921875 0.03993055555555555
11 0.715576171875 0.5260416666666666 0.01904296875 0.043402777777777776
12 0.657470703125 0.5828993055555556 0.02392578125 0.04513888888888889
14 0.097412109375 0.7903645833333334 0.01904296875 0.036458333333333336
17 0.75732421875 0.7039930555555556 0.02099609375 0.043402777777777776
18 0.78564453125 0.7113715277777778 0.02099609375 0.035590277777777776
19 0.841552734375 0.67578125 0.01513671875 0.030381944444444444
20 0.677490234375 0.49609375 0.0224609375 0.030381944444444444
21 0.800048828125 0.4201388888888889 0.02197265625 0.0390625