0 0.0546875 0.11111111111111119 0.025568181818181823 0.040404040404040414
1 0.48011363636363635 0.016414141414141485 0.029829545454545414 0.025252525252525256
2 0.91796875 0.10416666666666671 0.024857954545454586 0.04166666666666666
3 0.06711647727272728 0.8592171717171717 0.019176136363636374 0.04419191919191907
4 0.47798295454545453 0.9709595959595959 0.03125 0.05050505050505036
5 0.9019886363636364 0.875 0.02414772727272707 0.04545454545454556
6 0.7436079545454546 0.5972222222222222 0.024147727272727293 0.040404040404040366
7 0.5106534090909091 0.4501262626262627 0.02556818181818188 0.04419191919191921
14 0.6693892045454546 0.7007575757575758 0.022017045454545414 0.040404040404040366
15 0.2958096590909091 0.75 0.0234375 0.04292929292929296
16 0.0948153409090909 0.14267676767676776 0.01917613636363638 0.03535353535353537
17 0.9076704545454544 0.5631313131313131 0.017045454545454586 0.03787878787878777
18 0.66015625 0.653409090909091 0.022017045454545414 0.04419191919191926
19 0.2141335227272727 0.6205808080808082 0.0234375 0.041666666666666664
20 0.20951704545454547 0.7708333333333334 0.021306818181818177 0.03661616161616167
21 0.0674715909090909 0.22853535353535362 0.01846590909090909 0.0328282828282828
8 0.6040482954545454 0.2121212121212122 0.0234375 0.04545454545454551
9 0.7276278409090908 0.4797979797979799 0.0234375 0.04292929292929296
10 0.8219747340425532 0.714243498817967 0.01828457446808507 0.03841607565011825
11 0.7802111037234042 0.6806294326241135 0.020362367021276695 0.040632387706855705
12 0.7145528590425532 0.5757239952718677 0.022855718085106336 0.04358747044917245
13 0.6800615026595744 0.6012115839243499 0.02368683510638303 0.04137115839243499