0 0.053662909836065545 0.11065573770491802 0.02497438524590164 0.038706739526411654
1 0.4807889344262295 0.012181238615664829 0.030097336065573854 0.017076502732240435
2 0.9188012295081969 0.10667122040072859 0.027535860655737654 0.04212204007285977
3 0.06486936475409832 0.8631602914389801 0.025614754098360663 0.03870673952641152
4 0.4788678278688524 0.9747267759562843 0.030097336065573854 0.04781420765027317
5 0.9031121926229508 0.8802367941712205 0.02305327868852447 0.03415300546448089
6 0.5048027663934426 0.7185792349726777 0.02561475409836067 0.04553734061930786
7 0.7686347336065573 0.5278916211293261 0.023053278688524692 0.04212204007285969
14 0.6047003073770493 0.5125227686703097 0.02433401639344268 0.04326047358834235
16 0.8342725409836066 0.23645264116575593 0.01985143442622972 0.04212204007285972
18 0.808017418032787 0.24840619307832423 0.022412909836065475 0.04098360655737703
19 0.7635117827868853 0.6559653916211292 0.021772540983606703 0.04098360655737703
20 0.7158043032786886 0.3411885245901639 0.023693647540983687 0.039845173041894374
21 0.5310578893442622 0.3212659380692167 0.02561475409836067 0.04553734061930776
9 0.8448386270491803 0.7726548269581056 0.023053278688524692 0.037568306010928865
10 0.7195870535714285 0.8090277777777778 0.022879464285714413 0.03869047619047608
11 0.8454241071428572 0.865079365079365 0.01897321428571419 0.03769841269841261