1 0.235107421875 0.5056423611111112 0.03125 0.05555555555555555
4 0.75634765625 0.5164930555555556 0.0224609375 0.043402777777777776
6 0.637939453125 0.024739583333333332 0.02001953125 0.04079861111111111
7 0.35693359375 0.14713541666666666 0.02392578125 0.03732638888888889
9 0.34912109375 0.3927951388888889 0.02392578125 0.042534722222222224
10 0.54443359375 0.0685763888888889 0.02392578125 0.035590277777777776
12 0.491455078125 0.012152777777777778 0.02099609375 0.024305555555555556
13 0.38720703125 0.5308159722222222 0.02294921875 0.035590277777777776
15 0.3857421875 0.3745659722222222 0.02099609375 0.035590277777777776
16 0.469970703125 0.0390625 0.025390625 0.042534722222222224
17 0.49365234375 0.0390625 0.0244140625 0.028645833333333332
19 0.50732421875 0.11631944444444445 0.0185546875 0.03298611111111111
20 0.49755859375 0.0802951388888889 0.02197265625 0.026909722222222224
21 0.567626953125 0.030815972222222224 0.02001953125 0.030381944444444444