0 0.0789574795081967 0.12773224043715847 0.02561475409836067 0.04098360655737703
1 0.49295594262295084 0.02811930783242257 0.030097336065573688 0.04439890710382513
2 0.9152792008196722 0.12317850637522769 0.017930327868852514 0.04326047358834243
3 0.08952356557377046 0.8557604735883425 0.028816598360655726 0.039845173041894374
4 0.49103483606557374 0.9570810564663024 0.027535860655737654 0.0443989071038252
5 0.8999103483606558 0.8751138433515481 0.021772540983606703 0.04667577413479042
6 0.8480404713114755 0.7197176684881604 0.01793032786885229 0.03415300546448109
7 0.4606173155737705 0.9052823315118399 0.020491803278688492 0.03870673952641152
14 0.8707735655737706 0.5136612021857924 0.018570696721311508 0.03187613843351538
15 0.8858222336065573 0.32183515482695807 0.014088114754098324 0.030737704918032724
16 0.8813396516393444 0.7999772313296903 0.017930327868852514 0.030737704918032724
17 0.43116034836065575 0.6838570127504554 0.02305327868852458 0.03529143897996355
18 0.8582863729508198 0.2569444444444444 0.015368852459016313 0.03756830601092896
21 0.8986296106557377 0.4248633879781421 0.019211065573770503 0.03415300546448089