0 0.08215932377049177 0.12887067395264118 0.03201844262295081 0.038706739526411654
1 0.49199538934426235 0.02925774134790527 0.026895491803278715 0.04439890710382514
2 0.9146388319672131 0.11919398907103823 0.020491803278688492 0.04439890710382514
3 0.09240522540983603 0.8523451730418945 0.025614754098360643 0.033014571948998234
4 0.4945568647540983 0.9536657559198543 0.03073770491803285 0.046675774134790515
5 0.9021516393442625 0.8768214936247722 0.027535860655737654 0.05919854280510014
6 0.49391649590163933 0.17839253187613846 0.02433401639344268 0.04212204007285974
7 0.7663934426229508 0.14196265938069214 0.014728483606557319 0.039845173041894374
10 0.5041623975409836 0.12488615664845172 0.02433401639344268 0.039845173041894326
13 0.8864626024590164 0.6736111111111112 0.014088114754098324 0.039845173041894374
14 0.24385245901639344 0.26263661202185795 0.018570696721311453 0.039845173041894374
15 0.7651127049180328 0.21197632058287796 0.016009221311475308 0.03415300546448089
16 0.8858222336065573 0.7424863387978143 0.02305327868852447 0.02959927140255007
17 0.5473872950819673 0.3076047358834244 0.027535860655737654 0.04553734061930776
19 0.3780097336065574 0.12545537340619306 0.020491803278688492 0.03870673952641163
20 0.751344774590164 0.8819444444444444 0.019211065573770503 0.033014571948998234
21 0.4209144467213115 0.7806238615664847 0.02305327868852458 0.03984517304189418