0 0.0546875 0.10795454545454551 0.021306818181818177 0.044191919191919164
1 0.4797585227272727 0.014520202020202093 0.03338068181818188 0.02651515151515152
2 0.9161931818181817 0.10227272727272735 0.024147727272727293 0.04545454545454545
3 0.06605113636363635 0.8636363636363636 0.022727272727272714 0.05050505050505056
4 0.47762784090909083 0.9659090909090909 0.027698863636363646 0.04797979797979816
5 0.9019886363636364 0.8724747474747474 0.02840909090909083 0.047979797979797865
6 0.4261363636363636 0.1736111111111112 0.026988636363636354 0.04671717171717176
15 0.7464488636363635 0.7765151515151516 0.022727272727272707 0.03787878787878777
18 0.3696732954545454 0.48800505050505055 0.022017045454545414 0.03661616161616167
21 0.15980113636363635 0.6868686868686869 0.021306818181818232 0.040404040404040366
8 0.3931107954545454 0.25505050505050514 0.0234375 0.04292929292929296
9 0.432528409090909 0.3484848484848485 0.024147727272727293 0.04545454545454546
10 0.5184659090909091 0.05050505050505058 0.024147727272727293 0.04545454545454546
12 0.3462357954545454 0.5063131313131314 0.022017045454545414 0.04292929292929296
13 0.8231534090909091 0.17045454545454553 0.019886363636363757 0.040404040404040414