0 0.054332386363636354 0.11489898989898996 0.022017045454545442 0.040404040404040414
1 0.48011363636363635 0.018308080808080877 0.03409090909090906 0.03409090909090909
2 0.919744318181818 0.10037878787878793 0.026988636363636465 0.04419191919191919
3 0.06676136363636363 0.8636363636363636 0.026988636363636374 0.04545454545454556
4 0.4783380681818182 0.9684343434343435 0.03196022727272729 0.05050505050505036
5 0.9030539772727272 0.8819444444444444 0.027698863636363757 0.041666666666666664
6 0.5461647727272727 0.6426767676767677 0.024147727272727293 0.04292929292929296
7 0.32421875 0.648989898989899 0.024857954545454586 0.04292929292929296
15 0.65625 0.6445707070707071 0.024147727272727293 0.041666666666666664
16 0.3196022727272727 0.49936868686868696 0.022727272727272707 0.041666666666666664
17 0.9076704545454544 0.5631313131313133 0.017045454545454586 0.03535353535353537
18 0.8970170454545454 0.5208333333333334 0.019886363636363757 0.034090909090909075
19 0.8263494318181817 0.5561868686868687 0.022017045454545414 0.03661616161616167
20 0.07670454545454544 0.5246212121212122 0.022727272727272707 0.034090909090909075
8 0.8448153409090908 0.6098484848484849 0.02059659090909105 0.04292929292929296
9 0.8991477272727272 0.8453282828282829 0.015625 0.026515151515151478
10 0.7059659090909091 0.6957070707070707 0.022727272727272707 0.04292929292929296
12 0.28586647727272724 0.43813131313131326 0.02059659090909094 0.045454545454545414
13 0.37997159090909094 0.8648989898989901 0.022727272727272707 0.040404040404040366
11 0.8991477272727272 0.12941919191919196 0.017045454545454586 0.03661616161616162