0 0.08215932377049179 0.12716302367941712 0.02049180327868852 0.04212204007285974
1 0.4948770491803278 0.02641165755919853 0.03137807377049179 0.040983606557377046
2 0.9175204918032787 0.12090163934426228 0.01985143442622972 0.04553734061930781
3 0.09208504098360654 0.8529143897996357 0.017289959016393436 0.04098360655737703
4 0.49231557377049184 0.9570810564663024 0.02497438524590162 0.046675774134790515
5 0.9021516393442623 0.8739754098360658 0.022412909836065698 0.03984517304189428
6 0.6341572745901639 0.24157559198542802 0.023053278688524692 0.04098360655737706
7 0.8832607581967213 0.2540983606557377 0.01793032786885229 0.03415300546448089
14 0.6450435450819673 0.8591757741347907 0.020491803278688492 0.033014571948998234
16 0.6223104508196722 0.8386839708561021 0.022412909836065698 0.039845173041894374
21 0.8182633196721313 0.8147768670309653 0.01857069672131173 0.037568306010928865
11 0.7977715163934427 0.1527777777777778 0.018570696721311508 0.04098360655737708
15 0.9088755122950819 0.21083788706739526 0.01793032786885229 0.036429872495446304
17 0.1766137295081967 0.4265710382513661 0.019851434426229497 0.03756830601092896
20 0.285796618852459 0.6810109289617486 0.020491803278688492 0.03870673952641172
18 0.854123975409836 0.19034608378870674 0.018570696721311508 0.03870673952641162
8 0.4612576844262295 0.07308743169398907 0.021772540983606592 0.03870673952641167