0 0.08251953125 0.1254340277777778 0.02587890625 0.03819444444444445
1 0.495361328125 0.030815972222222224 0.02734375 0.0390625
2 0.918212890625 0.12065972222222222 0.02294921875 0.04774305555555555
3 0.094482421875 0.8528645833333334 0.02197265625 0.043402777777777776
4 0.493408203125 0.9526909722222222 0.02392578125 0.050347222222222224
5 0.900634765625 0.8736979166666666 0.02587890625 0.050347222222222224
6 0.813232421875 0.7504340277777778 0.01708984375 0.03298611111111111
7 0.3720703125 0.4978298611111111 0.02294921875 0.042534722222222224
14 0.6044921875 0.6961805555555556 0.0205078125 0.04079861111111111
15 0.802978515625 0.83984375 0.01904296875 0.033854166666666664
16 0.58154296875 0.6158854166666666 0.02685546875 0.04079861111111111
17 0.248291015625 0.2113715277777778 0.0205078125 0.035590277777777776
18 0.208984375 0.17447916666666666 0.02001953125 0.035590277777777776
19 0.67431640625 0.7013888888888888 0.025390625 0.043402777777777776
20 0.669921875 0.4435763888888889 0.0244140625 0.0390625
21 0.552734375 0.69140625 0.02294921875 0.04513888888888889
8 0.662109375 0.4926215277777778 0.025390625 0.042534722222222224
12 0.576171875 0.5008680555555556 0.02197265625 0.04513888888888889
13 0.796142578125 0.7278645833333334 0.017578125 0.042534722222222224
11 0.892578125 0.1410590277777778 0.01611328125 0.036458333333333336
10 0.826171875 0.8051215277777778 0.0185546875 0.03819444444444445