1 0.774658203125 0.4635416666666667 0.0126953125 0.04861111111111111
4 0.234130859375 0.4613715277777778 0.029296875 0.044270833333333336
14 0.566162109375 0.2113715277777778 0.0224609375 0.04513888888888889
15 0.325439453125 0.13151041666666666 0.02099609375 0.04079861111111111
16 0.305908203125 0.006944444444444444 0.02197265625 0.013888888888888888
18 0.283447265625 0.7252604166666666 0.02294921875 0.03298611111111111
19 0.318359375 0.5846354166666666 0.0224609375 0.04513888888888889
20 0.36669921875 0.5907118055555556 0.02294921875 0.043402777777777776
8 0.6015625 0.5546875 0.02490234375 0.04861111111111111
9 0.351806640625 0.018663194444444444 0.02197265625 0.03732638888888889
10 0.35986328125 0.5442708333333334 0.0244140625 0.046875
11 0.30859375 0.9657118055555556 0.0244140625 0.03993055555555555