0 0.054943647540983576 0.11122495446265937 0.024974385245901627 0.039845173041894326
1 0.48046875 0.013888888888888876 0.02689549180327866 0.02049180327868853
2 0.9175204918032787 0.1055327868852459 0.023693647540983687 0.028460837887067388
3 0.06582991803278686 0.8642987249544629 0.023693647540983603 0.03187613843351558
4 0.47726690573770497 0.9741575591985429 0.02817622950819676 0.042122040072859884
5 0.9021516393442623 0.8825136612021859 0.022412909836065698 0.03187613843351538
6 0.149077868852459 0.4652777777777778 0.019851434426229497 0.039845173041894374
7 0.754546618852459 0.6992258652094718 0.02177254098360648 0.04098360655737723
14 0.22240010245901642 0.20856102003642987 0.021772540983606592 0.043260473588342396
16 0.5531506147540983 0.08788706739526411 0.023693647540983687 0.04553734061930781
18 0.6226306352459017 0.795992714025501 0.02561475409836067 0.04553734061930786
20 0.10137038934426226 0.14651639344262296 0.017930327868852458 0.03756830601092896
21 0.71484375 0.8842213114754099 0.02177254098360648 0.03984517304189447
9 0.3104508196721312 0.588228597449909 0.024974385245901676 0.04212204007285969
11 0.8454789959016393 0.4254326047358834 0.01921106557377028 0.042122040072859836
13 0.8246670081967213 0.41575591985428045 0.02113217213114771 0.04098360655737703