0 0.053977272727272735 0.10795454545454551 0.021306818181818177 0.044191919191919164
1 0.4783380681818181 0.01767676767676775 0.02911931818181812 0.0303030303030303
2 0.9183238636363638 0.10227272727272735 0.02130681818181812 0.0505050505050505
3 0.06782670454545454 0.8611111111111112 0.02059659090909091 0.05050505050505056
4 0.47762784090909083 0.9690656565656567 0.027698863636363646 0.03914141414141407
5 0.90234375 0.8781565656565655 0.02627840909090917 0.04166666666666657
6 0.28231534090909094 0.6098484848484849 0.022017045454545414 0.040404040404040366
18 0.880681818181818 0.6426767676767677 0.01846590909090917 0.03787878787878797
19 0.23863636363636365 0.6041666666666666 0.022727272727272735 0.03661616161616167
10 0.5731534090909091 0.7392676767676768 0.024147727272727293 0.04419191919191907
12 0.12961647727272727 0.19065656565656572 0.02201704545454547 0.03535353535353542
13 0.89453125 0.3244949494949496 0.01775568181818188 0.03787878787878787