0 0.08056640625 0.1254340277777778 0.0185546875 0.0390625
1 0.49462890625 0.028211805555555556 0.0283203125 0.03993055555555555
2 0.91748046875 0.12196180555555555 0.0224609375 0.043402777777777776
3 0.09326171875 0.8515625 0.0185546875 0.04079861111111111
4 0.4931640625 0.9552951388888888 0.029296875 0.0390625
5 0.900634765625 0.8728298611111112 0.02294921875 0.03993055555555555
18 0.21044921875 0.1753472222222222 0.02099609375 0.033854166666666664
15 0.23681640625 0.15885416666666666 0.0185546875 0.035590277777777776
17 0.24853515625 0.20963541666666666 0.02197265625 0.0390625
7 0.372314453125 0.4995659722222222 0.02197265625 0.042534722222222224
6 0.35986328125 0.6063368055555556 0.0224609375 0.03993055555555555
20 0.295654296875 0.7947048611111112 0.02001953125 0.036458333333333336
21 0.5537109375 0.6905381944444444 0.02392578125 0.03732638888888889
14 0.603759765625 0.6948784722222222 0.02099609375 0.0390625
16 0.580322265625 0.6154513888888888 0.02294921875 0.044270833333333336
8 0.305908203125 0.12890625 0.02099609375 0.0390625
19 0.877197265625 0.17274305555555555 0.01611328125 0.03732638888888889
12 0.901611328125 0.1636284722222222 0.01708984375 0.03993055555555555
13 0.86083984375 0.1714409722222222 0.0166015625 0.03732638888888889