0 0.07863729508196719 0.1317167577413479 0.02753586065573771 0.028460837887067412
1 0.49135502049180335 0.024134790528233134 0.026895491803278715 0.03870673952641165
2 0.9149590163934427 0.12488615664845172 0.02113217213114771 0.03529143897996355
3 0.09080430327868849 0.8500683060109292 0.02241290983606556 0.037568306010928865
4 0.49135502049180324 0.9513888888888888 0.03329918032786877 0.03073770491803253
5 0.8986296106557377 0.8762522768670311 0.02177254098360648 0.044398907103825005
6 0.7394979508196722 0.709471766848816 0.021132172131147486 0.04098360655737723
21 0.6591316598360656 0.7999772313296903 0.02561475409836067 0.03984517304189418
16 0.8787781762295084 0.6303506375227687 0.015368852459016313 0.04212204007285969
17 0.6626536885245902 0.31785063752276865 0.01728995901639352 0.04098360655737703
18 0.6972336065573771 0.3571265938069217 0.018570696721311508 0.033014571948998137
15 0.839075307377049 0.13683970856102004 0.019211065573770503 0.036429872495446255