0 0.08151895491803277 0.12659380692167577 0.028176229508196732 0.03415300546448084
1 0.4955174180327869 0.0343806921675774 0.03137807377049179 0.03642987249544627
2 0.9181608606557378 0.12260928961748634 0.022412909836065698 0.046675774134790515
3 0.09400614754098358 0.8551912568306013 0.03137807377049179 0.04098360655737703
4 0.49167520491803285 0.9519581056466304 0.0288165983606557 0.03642987249544621
5 0.8992699795081969 0.8711293260473588 0.02433401639344246 0.043260473588342445
6 0.6315957991803279 0.45389344262295084 0.02177254098360648 0.04212204007285969
7 0.637359118852459 0.5461065573770492 0.019211065573770503 0.039845173041894374
8 0.6969134221311475 0.5580601092896175 0.023053278688524692 0.04098360655737703
9 0.2877177254098361 0.4533242258652095 0.02561475409836067 0.04326047358834249
10 0.09144467213114751 0.3400500910746812 0.018570696721311453 0.033014571948998234
11 0.7164446721311476 0.5250455373406192 0.019851434426229497 0.04098360655737703
12 0.657530737704918 0.5842440801457195 0.022412909836065698 0.04098360655737703
14 0.09720799180327866 0.7880236794171221 0.01857069672131148 0.03187613843351558
17 0.7558273565573771 0.7071948998178507 0.017930327868852514 0.03870673952641172
18 0.7862448770491803 0.7117486338797815 0.019851434426229497 0.03870673952641172
19 0.8381147540983606 0.6758879781420765 0.01728995901639352 0.037568306010928865
20 0.677061987704918 0.4948770491803278 0.02433401639344268 0.0443989071038252
21 0.8003329918032787 0.41746357012750457 0.019851434426229497 0.039845173041894374