0 0.07959784836065571 0.12773224043715847 0.02561475409836067 0.036429872495446255
1 0.49391649590163933 0.026980874316939876 0.02817622950819665 0.04212204007285974
2 0.9168801229508198 0.12147085610200363 0.023693647540983687 0.044398907103825117
3 0.09304559426229506 0.8517759562841533 0.024334016393442626 0.03187613843351558
4 0.49135502049180335 0.9548041894353371 0.026895491803278715 0.0443989071038252
5 0.8992699795081969 0.8694216757741349 0.023053278688524692 0.04895264116575583
6 0.6319159836065573 0.45446265938069214 0.019851434426229497 0.04553734061930786
7 0.637999487704918 0.5461065573770492 0.023053278688524692 0.0443989071038252
8 0.6956326844262295 0.5563524590163935 0.021772540983606703 0.04212204007285969
9 0.28963883196721313 0.4521857923497267 0.02433401639344257 0.036429872495446255
10 0.09240522540983603 0.3423269581056466 0.02305327868852458 0.039845173041894374
11 0.715484118852459 0.526183970856102 0.019211065573770503 0.04326047358834235
12 0.657530737704918 0.5831056466302368 0.023693647540983687 0.04553734061930786
14 0.09752817622950816 0.7903005464480874 0.019211065573770503 0.03642987249544621
17 0.7574282786885246 0.7037795992714027 0.021132172131147486 0.04326047358834254
18 0.7856045081967213 0.71117941712204 0.021132172131147486 0.03529143897996375
19 0.8416367827868854 0.6758879781420766 0.015368852459016313 0.03073770491803292
20 0.6773821721311476 0.4960154826958106 0.022412909836065698 0.03073770491803292
21 0.800012807377049 0.42030965391621133 0.02177254098360648 0.03870673952641172