1 0.233642578125 0.5091145833333334 0.0244140625 0.05555555555555555
4 0.756103515625 0.5143229166666666 0.02685546875 0.050347222222222224
7 0.529541015625 0.6827256944444444 0.02197265625 0.043402777777777776
14 0.549560546875 0.09114583333333333 0.0224609375 0.035590277777777776
15 0.654296875 0.3723958333333333 0.02294921875 0.035590277777777776
16 0.56591796875 0.3567708333333333 0.0244140625 0.03732638888888889
17 0.480712890625 0.6814236111111112 0.02294921875 0.04079861111111111
18 0.42626953125 0.6384548611111112 0.02197265625 0.036458333333333336
20 0.468017578125 0.1970486111111111 0.0205078125 0.03993055555555555
8 0.519287109375 0.1193576388888889 0.02294921875 0.036458333333333336
10 0.65380859375 0.4270833333333333 0.02197265625 0.03993055555555555
13 0.549072265625 0.016927083333333332 0.02392578125 0.033854166666666664
12 0.2880859375 0.9544270833333334 0.0205078125 0.03732638888888889