0 0.07959784836065571 0.1260245901639344 0.03714139344262293 0.046675774134790515
1 0.49615778688524587 0.030396174863387963 0.028816598360655754 0.04212204007285974
2 0.9191214139344261 0.12374772313296901 0.02433401639344246 0.046675774134790515
3 0.08952356557377046 0.8477914389799637 0.03009733606557377 0.04212204007285969
4 0.49295594262295084 0.9496812386156649 0.030097336065573688 0.04326047358834254
5 0.8992699795081966 0.8722677595628416 0.02689549180327866 0.050091074681238586
6 0.13210809426229506 0.13968579234972675 0.02305327868852458 0.030737704918032776
7 0.8214651639344261 0.5130919854280509 0.01728995901639352 0.03529143897996355
8 0.09144467213114751 0.5745673952641166 0.01600922131147539 0.028460837887067412
9 0.36136014344262296 0.872836976320583 0.02817622950819676 0.03984517304189428
10 0.7817622950819673 0.6633652094717668 0.019851434426229497 0.044398907103825005
11 0.16764856557377047 0.8489298724954463 0.021132172131147542 0.03073770491803292
12 0.6389600409836066 0.9001593806921675 0.019851434426229497 0.03984517304189418
14 0.675140881147541 0.15050091074681238 0.020491803278688492 0.036429872495446304
15 0.8506019467213115 0.5210610200364298 0.021772540983606703 0.037568306010928865
16 0.7788806352459017 0.527891621129326 0.016649590163934525 0.039845173041894374
18 0.7433401639344263 0.5774134790528234 0.023693647540983687 0.03642987249544621
19 0.8935066598360657 0.7772085610200365 0.016649590163934302 0.028460837887067412
20 0.41034836065573765 0.810792349726776 0.023693647540983576 0.03415300546448089