1 0.764892578125 0.4943576388888889 0.02099609375 0.051215277777777776
4 0.246337890625 0.4856770833333333 0.02197265625 0.0390625
6 0.312744140625 0.8567708333333334 0.02099609375 0.033854166666666664
8 0.493896484375 0.03602430555555555 0.02490234375 0.04513888888888889
10 0.603515625 0.2894965277777778 0.02099609375 0.042534722222222224
11 0.442626953125 0.3589409722222222 0.02392578125 0.046875
12 0.406494140625 0.3936631944444444 0.0205078125 0.04079861111111111
14 0.666748046875 0.07899305555555555 0.02001953125 0.03993055555555555
18 0.337890625 0.1527777777777778 0.0205078125 0.03993055555555555
19 0.6435546875 0.2690972222222222 0.02197265625 0.042534722222222224
20 0.526611328125 0.9240451388888888 0.0224609375 0.033854166666666664