1 0.773681640625 0.4657118055555556 0.0146484375 0.04861111111111111
4 0.233642578125 0.4618055555555556 0.02685546875 0.050347222222222224
14 0.496826171875 0.3307291666666667 0.025390625 0.04513888888888889
16 0.624267578125 0.5060763888888888 0.0244140625 0.043402777777777776
17 0.664794921875 0.3871527777777778 0.02392578125 0.044270833333333336
19 0.284912109375 0.9735243055555556 0.02197265625 0.03732638888888889
20 0.340576171875 0.6046006944444444 0.02294921875 0.03993055555555555
21 0.502685546875 0.9947916666666666 0.02490234375 0.010416666666666666
9 0.3583984375 0.671875 0.02294921875 0.03993055555555555
11 0.50244140625 0.2803819444444444 0.025390625 0.042534722222222224
12 0.72802734375 0.6128472222222222 0.0244140625 0.042534722222222224
13 0.447509765625 0.8637152777777778 0.0244140625 0.04079861111111111