0 0.08056640625 0.125 0.02099609375 0.046875
1 0.494873046875 0.025173611111111112 0.02880859375 0.043402777777777776
2 0.918701171875 0.12369791666666667 0.0224609375 0.042534722222222224
3 0.090087890625 0.8532986111111112 0.0224609375 0.046875
4 0.49169921875 0.9592013888888888 0.02734375 0.04861111111111111
5 0.900634765625 0.8715277777777778 0.0244140625 0.042534722222222224
6 0.445556640625 0.5985243055555556 0.0224609375 0.03993055555555555
7 0.510498046875 0.0763888888888889 0.02197265625 0.036458333333333336
14 0.813720703125 0.22178819444444445 0.0185546875 0.03732638888888889
16 0.27392578125 0.3519965277777778 0.02099609375 0.04079861111111111
17 0.175537109375 0.4249131944444444 0.01806640625 0.04079861111111111
18 0.87841796875 0.3250868055555556 0.01708984375 0.03993055555555555
20 0.380859375 0.7282986111111112 0.0224609375 0.03298611111111111