0 0.08218443627450978 0.12350217864923746 0.022212009803921573 0.03948801742919386
1 0.49463848039215674 0.030228758169934627 0.026041666666666685 0.04084967320261437
2 0.9170496323529411 0.12554466230936817 0.023743872549019773 0.04084967320261438
3 0.09214154411764702 0.8560729847494554 0.023743872549019607 0.04493464052287561
4 0.4931066176470589 0.9534313725490198 0.024509803921568596 0.049019607843137275
5 0.9017310049019607 0.8724128540305011 0.02527573529411753 0.04221132897603505
20 0.7508425245098039 0.22494553376906318 0.020680147058823595 0.043572984749455354
7 0.8098192401960784 0.24741285403050106 0.022212009803921573 0.042211328976034856
14 0.41727941176470584 0.8867102396514162 0.02450980392156865 0.040849673202614234
15 0.7734375 0.5306372549019609 0.022977941176470562 0.04221132897603476
16 0.7232689950980392 0.7348856209150326 0.022212009803921573 0.04221132897603476
17 0.18520220588235292 0.4196623093681917 0.022977941176470618 0.04084967320261443
18 0.696844362745098 0.8941993464052287 0.021446078431372584 0.03948801742919391
8 0.8979013480392157 0.6994825708061003 0.017616421568627416 0.03948801742919391
9 0.6505055147058822 0.5272331154684096 0.02374387254901955 0.04084967320261433
10 0.5953584558823529 0.7410130718954249 0.023743872549019773 0.03812636165577348
21 0.11665134803921567 0.4046840958605665 0.022212009803921573 0.03540305010893244
11 0.37668504901960786 0.08673747276688451 0.022977941176470562 0.03948801742919388
12 0.6348039215686274 0.38970588235294124 0.02450980392156854 0.04629629629629623
13 0.7703737745098039 0.6232298474945535 0.021446078431372584 0.04221132897603476