1 0.238037109375 0.5121527777777778 0.0205078125 0.04774305555555555
4 0.7548828125 0.5151909722222222 0.0205078125 0.050347222222222224
6 0.619140625 0.8849826388888888 0.0205078125 0.035590277777777776
9 0.684326171875 0.7013888888888888 0.0205078125 0.044270833333333336
11 0.341552734375 0.7482638888888888 0.02001953125 0.044270833333333336
12 0.578125 0.4435763888888889 0.025390625 0.04513888888888889
14 0.437255859375 0.17057291666666666 0.02294921875 0.036458333333333336
15 0.56591796875 0.8255208333333334 0.02294921875 0.03298611111111111
16 0.427001953125 0.2894965277777778 0.02294921875 0.03993055555555555
19 0.595458984375 0.7044270833333334 0.0244140625 0.043402777777777776
20 0.55615234375 0.14192708333333334 0.0224609375 0.0390625