0 0.08247950819672129 0.12317850637522769 0.023693647540983603 0.04098360655737703
1 0.49359631147540983 0.026411657559198522 0.0300973360655738 0.04781420765027322
2 0.9184810450819673 0.12147085610200363 0.020491803278688492 0.044398907103825117
3 0.09144467213114751 0.8546220400728598 0.021132172131147542 0.046675774134790515
4 0.49199538934426235 0.9548041894353371 0.026895491803278715 0.046675774134790515
5 0.9021516393442623 0.8739754098360658 0.022412909836065698 0.04667577413479061
20 0.4554943647540983 0.23076047358834245 0.02177254098360648 0.039845173041894354
10 0.8675717213114755 0.13285519125683057 0.01728995901639352 0.03756830601092896
8 0.8883837090163933 0.6508424408014571 0.015368852459016313 0.04212204007285969
6 0.8967085040983606 0.6098588342440802 0.015368852459016313 0.03529143897996355
9 0.791047643442623 0.8227459016393444 0.020491803278688492 0.03529143897996355
17 0.755186987704918 0.730532786885246 0.019211065573770503 0.042122040072859884
18 0.44428790983606564 0.7299635701275046 0.022412909836065475 0.03870673952641172
11 0.3994620901639344 0.6349043715846995 0.023693647540983576 0.04212204007285969
21 0.14395491803278687 0.5665983606557378 0.019851434426229497 0.03529143897996355
14 0.08824282786885243 0.6075819672131149 0.017289959016393436 0.03529143897996355