0 0.07831711065573768 0.12374772313296901 0.025614754098360643 0.03756830601092895
1 0.49167520491803285 0.028688524590163918 0.0288165983606557 0.04326047358834243
2 0.9172003073770493 0.12374772313296901 0.02305327868852447 0.048952641165755914
3 0.0946465163934426 0.8534836065573771 0.021132172131147542 0.04212204007285969
4 0.49103483606557374 0.9525273224043718 0.024974385245901676 0.03984517304189418
5 0.9002305327868853 0.8751138433515484 0.022412909836065698 0.053506375227686656
7 0.8089779713114755 0.24556010928961747 0.02049180327868827 0.035291438979963646
8 0.8992699795081969 0.6980874316939891 0.015368852459016313 0.03642987249544641
9 0.6511270491803279 0.5278916211293261 0.023693647540983687 0.037568306010928865
10 0.5963755122950819 0.7424863387978143 0.02561475409836067 0.04326047358834235
11 0.37320696721311475 0.08105646630236793 0.019851434426229497 0.03415300546448087
12 0.633516905737705 0.3901411657559199 0.021772540983606703 0.039845173041894374
13 0.7699154713114754 0.6218123861566485 0.02177254098360648 0.03870673952641172
14 0.41739241803278687 0.8853597449908926 0.023693647540983576 0.037568306010928865
15 0.7731173155737706 0.5313069216757742 0.017930327868852514 0.039845173041894374
16 0.7225281762295082 0.7373633879781422 0.023053278688524692 0.039845173041894374
17 0.18397797131147542 0.4208788706739526 0.02305327868852458 0.04212204007285979
18 0.6962730532786886 0.8950364298724954 0.019211065573770503 0.03415300546448089
20 0.750704405737705 0.2244990892531876 0.020491803278688492 0.043260473588342445
21 0.11609887295081964 0.4009562841530054 0.020491803278688533 0.03415300546448089