0 0.055042613636363626 0.1123737373737374 0.022017045454545456 0.03535353535353536
1 0.48011363636363635 0.01388888888888896 0.026988636363636465 0.027777777777777773
2 0.915838068181818 0.1035353535353536 0.02627840909090917 0.040404040404040394
3 0.06569602272727273 0.8630050505050504 0.022017045454545442 0.03914141414141407
4 0.47869318181818177 0.9703282828282828 0.026988636363636354 0.041666666666666664
5 0.9012784090909091 0.8768939393939392 0.026988636363636243 0.03914141414141407
6 0.24254261363636367 0.8945707070707071 0.02201704545454547 0.036616161616161574
7 0.09303977272727273 0.6780303030303031 0.017045454545454558 0.03787878787878777
14 0.6051136363636364 0.8529040404040403 0.022727272727272707 0.03914141414141407
15 0.7368607954545454 0.9002525252525252 0.019176136363636465 0.03787878787878777
17 0.880681818181818 0.5681818181818182 0.01846590909090917 0.03787878787878797
18 0.44637784090909083 0.6047979797979798 0.0234375 0.040404040404040366
20 0.6150568181818182 0.7638888888888888 0.024147727272727293 0.03787878787878777
21 0.5053267045454545 0.8743686868686869 0.024857954545454586 0.041666666666666664
10 0.5759943181818181 0.2525252525252526 0.02556818181818188 0.04797979797979796
11 0.7411221590909091 0.20265151515151525 0.022017045454545414 0.044191919191919164