0 0.0789574795081967 0.12260928961748634 0.024334016393442626 0.046675774134790515
1 0.4951972336065573 0.026411657559198522 0.02561475409836067 0.03415300546448087
2 0.9139984631147542 0.12260928961748634 0.02177254098360648 0.04212204007285974
3 0.09240522540983603 0.8506375227686704 0.026895491803278687 0.03642987249544621
4 0.49295594262295084 0.9468351548269582 0.030097336065573688 0.04895264116575583
5 0.9005507172131146 0.8716985428051003 0.023053278688524692 0.05122950819672134
6 0.5576331967213115 0.7254098360655739 0.024974385245901676 0.03415300546448109
7 0.8634093237704917 0.5369990892531875 0.019211065573770503 0.0443989071038252
9 0.7167648565573771 0.1675774134790528 0.019211065573770503 0.04098360655737703
11 0.11353739754098358 0.41177140255009104 0.020491803278688547 0.033014571948998234
14 0.8605276639344264 0.17270036429872496 0.018570696721311508 0.039845173041894374
16 0.3421490778688525 0.6024590163934427 0.021772540983606592 0.04098360655737703
17 0.12218237704918028 0.17953096539162114 0.022412909836065573 0.0352914389799636
18 0.4196337090163935 0.8836520947176686 0.021772540983606592 0.03870673952641162
20 0.8550845286885246 0.7128870673952642 0.020491803278688492 0.04781420765027337