0 0.053977272727272735 0.1098484848484849 0.01988636363636364 0.040404040404040394
1 0.47798295454545453 0.01388888888888896 0.026988636363636354 0.027777777777777773
2 0.9147727272727272 0.09974747474747479 0.021306818181818343 0.04797979797979795
3 0.06569602272727272 0.8648989898989901 0.0234375 0.03787878787878777
4 0.47762784090909083 0.967171717171717 0.03338068181818188 0.04292929292929296
5 0.9026988636363638 0.8768939393939394 0.029829545454545414 0.03409090909090898
6 0.11931818181818182 0.16540404040404047 0.01704545454545453 0.03282828282828287
7 0.11257102272727271 0.2853535353535354 0.02059659090909091 0.040404040404040366
14 0.7865767045454545 0.7891414141414143 0.02059659090909083 0.03535353535353517
15 0.5262784090909091 0.8731060606060604 0.024147727272727293 0.03661616161616167
17 0.5237926136363636 0.42739898989899 0.024857954545454586 0.04166666666666671
18 0.4328835227272727 0.32260101010101017 0.024857954545454475 0.03661616161616167
19 0.5319602272727272 0.8327020202020202 0.024147727272727293 0.03914141414141427
21 0.22301136363636365 0.8851010101010102 0.021306818181818177 0.03787878787878787
9 0.25390625 0.297979797979798 0.024857954545454558 0.04292929292929296
20 0.904119318181818 0.7032828282828283 0.017045454545454586 0.03535353535353537