0 0.056396484375 0.11284722222222222 0.0234375 0.0390625
1 0.480224609375 0.016493055555555556 0.0283203125 0.030381944444444444
2 0.91552734375 0.10112847222222222 0.02294921875 0.050347222222222224
3 0.06640625 0.8624131944444444 0.02197265625 0.04513888888888889
4 0.47802734375 0.9696180555555556 0.03125 0.04774305555555555
5 0.902099609375 0.8767361111111112 0.02685546875 0.041666666666666664
7 0.068115234375 0.7217881944444444 0.02001953125 0.033854166666666664
14 0.24462890625 0.09027777777777778 0.0205078125 0.033854166666666664
16 0.821044921875 0.8337673611111112 0.02001953125 0.0390625
19 0.900146484375 0.19444444444444445 0.017578125 0.035590277777777776
20 0.513427734375 0.7677951388888888 0.02294921875 0.042534722222222224
21 0.3017578125 0.2109375 0.02294921875 0.04079861111111111
8 0.26171875 0.4053819444444444 0.0234375 0.04079861111111111
9 0.383056640625 0.1879340277777778 0.02490234375 0.042534722222222224
10 0.8857421875 0.5807291666666666 0.02001953125 0.04079861111111111
11 0.256103515625 0.3389756944444444 0.0263671875 0.0390625
12 0.540771484375 0.8637152777777778 0.01904296875 0.042534722222222224
13 0.707275390625 0.14149305555555555 0.02294921875 0.042534722222222224