0 0.07958984375 0.12760416666666666 0.02685546875 0.03211805555555555
1 0.494140625 0.028645833333333332 0.02734375 0.033854166666666664
2 0.914306640625 0.1232638888888889 0.01708984375 0.036458333333333336
3 0.089111328125 0.8532986111111112 0.02197265625 0.035590277777777776
4 0.491455078125 0.9544270833333334 0.02685546875 0.0390625
5 0.89697265625 0.8741319444444444 0.01708984375 0.03732638888888889
6 0.25634765625 0.5225694444444444 0.02197265625 0.04079861111111111
7 0.795166015625 0.5030381944444444 0.02001953125 0.035590277777777776
14 0.843994140625 0.4978298611111111 0.01611328125 0.033854166666666664
15 0.82666015625 0.4600694444444444 0.0146484375 0.033854166666666664
16 0.8134765625 0.5221354166666666 0.0205078125 0.035590277777777776
17 0.82763671875 0.5381944444444444 0.01513671875 0.03732638888888889
18 0.811279296875 0.4822048611111111 0.01708984375 0.03732638888888889
21 0.8271484375 0.4995659722222222 0.01708984375 0.03993055555555555