0 0.080810546875 0.125 0.0283203125 0.042534722222222224
1 0.494873046875 0.03211805555555555 0.03271484375 0.04513888888888889
2 0.917724609375 0.11979166666666667 0.02294921875 0.050347222222222224
3 0.0947265625 0.8524305555555556 0.0302734375 0.042534722222222224
4 0.491455078125 0.953125 0.0244140625 0.0390625
5 0.899169921875 0.8728298611111112 0.0283203125 0.046875
6 0.822509765625 0.32421875 0.01904296875 0.042534722222222224
7 0.51025390625 0.07421875 0.0224609375 0.0390625
11 0.9052734375 0.1796875 0.01708984375 0.03993055555555555
14 0.092041015625 0.6102430555555556 0.02734375 0.033854166666666664
16 0.271728515625 0.3506944444444444 0.02294921875 0.043402777777777776
17 0.17626953125 0.4236111111111111 0.01904296875 0.0390625
18 0.874267578125 0.4361979166666667 0.0205078125 0.050347222222222224
20 0.286865234375 0.6809895833333334 0.02880859375 0.036458333333333336