0 0.05517578125 0.11197916666666667 0.0244140625 0.0390625
1 0.4814453125 0.013888888888888888 0.02734375 0.022569444444444444
2 0.91650390625 0.10590277777777778 0.02294921875 0.033854166666666664
3 0.0673828125 0.8619791666666666 0.0244140625 0.033854166666666664
4 0.4794921875 0.97265625 0.02734375 0.043402777777777776
5 0.901123046875 0.8802083333333334 0.02685546875 0.03211805555555555
6 0.090087890625 0.7005208333333334 0.0185546875 0.033854166666666664
7 0.910400390625 0.234375 0.01708984375 0.035590277777777776
14 0.878173828125 0.6657986111111112 0.01904296875 0.03732638888888889
15 0.60205078125 0.06336805555555555 0.02294921875 0.03993055555555555
16 0.5439453125 0.1662326388888889 0.025390625 0.0390625
17 0.06298828125 0.3224826388888889 0.01904296875 0.036458333333333336
18 0.076171875 0.6905381944444444 0.01708984375 0.035590277777777776
19 0.11474609375 0.19444444444444445 0.0205078125 0.03732638888888889
20 0.5791015625 0.3012152777777778 0.02294921875 0.046875
21 0.13134765625 0.2426215277777778 0.0205078125 0.04079861111111111
9 0.842529296875 0.1723090277777778 0.02099609375 0.0390625
10 0.15087890625 0.7690972222222222 0.02099609375 0.03993055555555555
11 0.56689453125 0.3502604166666667 0.025390625 0.04861111111111111
12 0.91357421875 0.6267361111111112 0.01708984375 0.03732638888888889
13 0.150390625 0.4765625 0.0224609375 0.03993055555555555