0 0.05174180327868849 0.10496357012750453 0.023693647540983603 0.05919854280510019
1 0.478547643442623 0.012750455373406178 0.04482581967213123 0.025045537340619314
2 0.9184810450819673 0.09984061930783242 0.02433401639344268 0.06489071038251365
3 0.0635886270491803 0.8660063752276869 0.024334016393442626 0.05806010928961748
4 0.47686679163561846 0.9705088797814209 0.031218214418777923 0.057593351548269486
5 0.9005507172131146 0.8813752276867031 0.023053278688524692 0.056921675774134727
7 0.21343493852459014 0.23189890710382516 0.020491803278688547 0.0398451730418944
14 0.8096183401639344 0.5438296903460839 0.020491803278688492 0.037568306010928865
16 0.8880635245901639 0.48633879781420764 0.018570696721311508 0.04098360655737703
19 0.09592725409836063 0.7948542805100183 0.017289959016393436 0.03415300546448089
20 0.8646900614754099 0.8261612021857926 0.016649590163934302 0.03529143897996355
21 0.2710681352459016 0.07821038251366119 0.020491803278688492 0.033014571948998185
8 0.13082735655737704 0.12374772313296901 0.01921106557377049 0.039845173041894326
9 0.3831326844262295 0.18693078324225865 0.02305327868852458 0.04098360655737703
10 0.07287397540983605 0.34972677595628415 0.01857069672131148 0.036429872495446304
11 0.1257044057377049 0.6941029143897997 0.019211065573770503 0.03756830601092906
12 0.15996413934426226 0.30475865209471764 0.019851434426229497 0.03529143897996355
13 0.7077996926229508 0.13968579234972675 0.023053278688524692 0.046675774134790564