0 0.08349609375 0.1267361111111111 0.03076171875 0.04079861111111111
1 0.493896484375 0.029947916666666668 0.03564453125 0.04513888888888889
2 0.9150390625 0.1232638888888889 0.0224609375 0.050347222222222224
3 0.09375 0.8546006944444444 0.03076171875 0.044270833333333336
4 0.49169921875 0.9548611111111112 0.02734375 0.046875
5 0.898681640625 0.8697916666666666 0.0244140625 0.052083333333333336
6 0.818603515625 0.18880208333333334 0.0205078125 0.03993055555555555
7 0.109619140625 0.6371527777777778 0.01806640625 0.03298611111111111
8 0.2392578125 0.5143229166666666 0.0224609375 0.035590277777777776
10 0.381103515625 0.3172743055555556 0.0244140625 0.04861111111111111
11 0.419921875 0.6011284722222222 0.0224609375 0.04774305555555555
12 0.439453125 0.66796875 0.0244140625 0.042534722222222224
13 0.808349609375 0.6605902777777778 0.0205078125 0.04079861111111111
14 0.2646484375 0.20616319444444445 0.0244140625 0.04774305555555555
17 0.892333984375 0.14366319444444445 0.02197265625 0.04079861111111111
18 0.304931640625 0.7864583333333334 0.02294921875 0.030381944444444444
19 0.37158203125 0.2426215277777778 0.02685546875 0.04513888888888889
20 0.73681640625 0.4522569444444444 0.02001953125 0.04774305555555555