0 0.08119877049180324 0.12773224043715847 0.024974385245901648 0.04098360655737703
1 0.49295594262295084 0.03096539162112931 0.0288165983606557 0.040983606557377046
2 0.9178406762295082 0.12260928961748634 0.020491803278688492 0.044398907103825117
3 0.09400614754098358 0.8523451730418945 0.023693647540983603 0.039845173041894374
4 0.49327612704918034 0.9525273224043718 0.03201844262295084 0.033014571948998234
5 0.8983094262295084 0.8688524590163935 0.023693647540983687 0.04326047358834254
6 0.31141137295081966 0.7009335154826959 0.021772540983606592 0.03756830601092906
7 0.5096055327868853 0.07422586520947176 0.026255122950819665 0.03870673952641167
14 0.09240522540983603 0.6087204007285975 0.025614754098360643 0.039845173041894374
16 0.27362961065573765 0.3520036429872495 0.019211065573770503 0.043260473588342445
17 0.17565317622950816 0.4248633879781421 0.020491803278688492 0.03870673952641172
18 0.878137807377049 0.3224043715846994 0.019211065573770503 0.04098360655737703
20 0.28611680327868855 0.6793032786885246 0.024974385245901676 0.037568306010928865