0 0.080322265625 0.1271701388888889 0.02685546875 0.028645833333333332
1 0.490478515625 0.02734375 0.0263671875 0.052083333333333336
2 0.915283203125 0.12413194444444445 0.01904296875 0.04079861111111111
3 0.091552734375 0.8532986111111112 0.0263671875 0.03298611111111111
4 0.489990234375 0.9483506944444444 0.0283203125 0.04079861111111111
5 0.896484375 0.8741319444444444 0.0224609375 0.046875
6 0.748779296875 0.4270833333333333 0.0205078125 0.0390625
15 0.251220703125 0.6150173611111112 0.02197265625 0.029513888888888888
16 0.508056640625 0.20703125 0.0244140625 0.030381944444444444
17 0.261474609375 0.2795138888888889 0.0205078125 0.03732638888888889
18 0.422607421875 0.08637152777777778 0.02392578125 0.03298611111111111
21 0.558349609375 0.2730034722222222 0.0224609375 0.03993055555555555