1 0.7666015625 0.4874131944444444 0.01708984375 0.051215277777777776
4 0.243896484375 0.4848090277777778 0.0205078125 0.04513888888888889
6 0.527587890625 0.9440104166666666 0.02294921875 0.03732638888888889
20 0.49755859375 0.9110243055555556 0.02197265625 0.03993055555555555
15 0.65185546875 0.8563368055555556 0.0205078125 0.03298611111111111
13 0.5166015625 0.79296875 0.02685546875 0.0390625
7 0.41943359375 0.6219618055555556 0.025390625 0.042534722222222224
14 0.288330078125 0.7408854166666666 0.0224609375 0.04079861111111111
17 0.337646484375 0.4965277777777778 0.02099609375 0.042534722222222224
12 0.369140625 0.546875 0.0224609375 0.04861111111111111
8 0.31689453125 0.5963541666666666 0.0205078125 0.043402777777777776