0 0.054443359375 0.1111111111111111 0.02490234375 0.035590277777777776
1 0.4794921875 0.020399305555555556 0.03271484375 0.035590277777777776
2 0.9169921875 0.10243055555555555 0.02685546875 0.03819444444444445
3 0.0673828125 0.8628472222222222 0.02392578125 0.044270833333333336
4 0.477294921875 0.9683159722222222 0.03125 0.042534722222222224
5 0.900634765625 0.8763020833333334 0.02685546875 0.04079861111111111
6 0.093994140625 0.7986111111111112 0.017578125 0.033854166666666664
7 0.6904296875 0.5759548611111112 0.021484375 0.04079861111111111
14 0.633056640625 0.2912326388888889 0.0234375 0.036458333333333336
17 0.526611328125 0.7721354166666666 0.02490234375 0.041666666666666664
18 0.7197265625 0.77734375 0.0205078125 0.044270833333333336
19 0.7919921875 0.5690104166666666 0.021484375 0.0390625
20 0.453369140625 0.5568576388888888 0.0234375 0.042534722222222224
8 0.11083984375 0.7795138888888888 0.02001953125 0.036458333333333336
9 0.548583984375 0.8780381944444444 0.02197265625 0.044270833333333336
10 0.810302734375 0.7934027777777778 0.02294921875 0.0390625
12 0.37353515625 0.2443576388888889 0.025390625 0.044270833333333336
13 0.80078125 0.7287326388888888 0.0234375 0.03819444444444445