0 0.05174180327868849 0.10610200364298722 0.02241290983606558 0.056921675774134796
1 0.47726690573770497 0.013319672131147526 0.037141393442623016 0.021630236794171222
2 0.9191214139344261 0.09756375227686703 0.02433401639344246 0.06033697632058291
3 0.061987704918032765 0.8688524590163935 0.021132172131147542 0.05464480874316951
4 0.47879617905196414 0.9699396630236795 0.028673300726879014 0.058731785063752144
5 0.9018314549180328 0.8830828779599273 0.02433401639344268 0.05806010928961748
6 0.8566854508196722 0.8272996357012752 0.018570696721311508 0.033014571948998234
7 0.4458888319672131 0.7965619307832424 0.02305327868852458 0.04212204007285969
14 0.18333760245901637 0.19148451730418942 0.020491803278688492 0.03187613843351543
15 0.2195184426229508 0.8796675774134791 0.019851434426229553 0.037568306010928865
16 0.32197745901639346 0.563752276867031 0.021132172131147486 0.04098360655737703
17 0.8281890368852459 0.6588114754098361 0.019211065573770503 0.04212204007285969
18 0.712282274590164 0.5284608378870674 0.02177254098360648 0.03870673952641152
19 0.2970030737704918 0.3907103825136612 0.023693647540983687 0.04098360655737703
20 0.24993596311475408 0.63091985428051 0.02049180327868852 0.04098360655737703
21 0.8848616803278688 0.7219945355191257 0.01728995901639352 0.03870673952641192
8 0.8028944672131146 0.6730418943533698 0.019851434426229497 0.03870673952641172
9 0.4497310450819672 0.861452641165756 0.02305327868852447 0.039845173041894374
10 0.8451588114754099 0.13342440801457195 0.02113217213114771 0.04098360655737708
11 0.8941470286885246 0.2780054644808743 0.01793032786885229 0.036429872495446304
12 0.6085425204918034 0.5073998178506376 0.02561475409836067 0.037568306010928865