0 0.052490234375 0.10850694444444445 0.02001953125 0.04079861111111111
1 0.481201171875 0.01953125 0.03466796875 0.036458333333333336
2 0.9189453125 0.09722222222222222 0.02001953125 0.03819444444444445
3 0.067138671875 0.8615451388888888 0.0205078125 0.036458333333333336
4 0.47802734375 0.9765625 0.0283203125 0.0390625
5 0.906005859375 0.8836805555555556 0.02197265625 0.04079861111111111
6 0.890380859375 0.8585069444444444 0.017578125 0.03298611111111111
7 0.230712890625 0.8038194444444444 0.02294921875 0.036458333333333336
14 0.16162109375 0.7469618055555556 0.0205078125 0.033854166666666664
15 0.76025390625 0.4887152777777778 0.0234375 0.042534722222222224
17 0.9072265625 0.1484375 0.017578125 0.0390625
18 0.3017578125 0.6232638888888888 0.02294921875 0.041666666666666664
20 0.859375 0.6822916666666666 0.0185546875 0.033854166666666664
21 0.478759765625 0.9379340277777778 0.02294921875 0.03819444444444445
10 0.90673828125 0.4244791666666667 0.0185546875 0.036458333333333336
11 0.3583984375 0.90234375 0.02294921875 0.042534722222222224
12 0.854248046875 0.8684895833333334 0.01904296875 0.03125