1 0.227783203125 0.5334201388888888 0.0126953125 0.04513888888888889
4 0.76513671875 0.5368923611111112 0.0244140625 0.043402777777777776
7 0.715087890625 0.4440104166666667 0.02294921875 0.042534722222222224
15 0.439697265625 0.9153645833333334 0.0244140625 0.042534722222222224
16 0.364013671875 0.3159722222222222 0.02392578125 0.04513888888888889
17 0.309814453125 0.8233506944444444 0.02294921875 0.042534722222222224
18 0.71875 0.1037326388888889 0.0224609375 0.03993055555555555
19 0.732666015625 0.5698784722222222 0.02099609375 0.043402777777777776
20 0.572998046875 0.054253472222222224 0.0244140625 0.036458333333333336
21 0.706787109375 0.5590277777777778 0.0244140625 0.03993055555555555
8 0.42431640625 0.5434027777777778 0.025390625 0.042534722222222224