0 0.05302254098360653 0.11179417122040072 0.022412909836065573 0.03415300546448084
1 0.4801485655737705 0.013888888888888876 0.028816598360655754 0.027322404371584706
2 0.9181608606557377 0.10724043715846993 0.026255122950819665 0.03187613843351548
3 0.06775102459016391 0.8648679417122042 0.024974385245901648 0.04212204007285969
4 0.47982838114754095 0.9730191256830601 0.02945696721311475 0.04895264116575583
5 0.9015112704918032 0.8819444444444444 0.024974385245901676 0.033014571948998234
7 0.23744877049180327 0.8187613843351549 0.021132172131147542 0.03642987249544621
14 0.8102587090163933 0.5449681238615666 0.019211065573770503 0.039845173041894374
16 0.888703893442623 0.4874772313296903 0.018570696721311508 0.03870673952641172
18 0.3981813524590164 0.8358378870673954 0.023693647540983687 0.03870673952641152
19 0.8842213114754099 0.8449453551912569 0.01728995901639352 0.03187613843351558
20 0.3831326844262295 0.4077868852459016 0.02433401639344268 0.04098360655737703
21 0.2720286885245901 0.0770719489981785 0.022412909836065587 0.039845173041894354
8 0.8224257172131146 0.7293943533697633 0.019211065573770503 0.039845173041894374
9 0.6280737704918034 0.7800546448087431 0.026255122950819665 0.04098360655737703
10 0.8608478483606558 0.31102003642987247 0.020491803278688492 0.03870673952641162
11 0.16188524590163933 0.6986566484517304 0.018570696721311508 0.03756830601092906
12 0.8726946721311475 0.8198998178506376 0.01728995901639352 0.03415300546448089
13 0.7071593237704918 0.14082422586520946 0.02177254098360648 0.04439890710382515