0 0.056640625 0.11067708333333333 0.021484375 0.042534722222222224
1 0.47998046875 0.018229166666666668 0.03076171875 0.026909722222222224
2 0.917236328125 0.10243055555555555 0.0224609375 0.05295138888888889
3 0.06689453125 0.8680555555555556 0.02734375 0.050347222222222224
4 0.478271484375 0.9704861111111112 0.02734375 0.052083333333333336
5 0.903076171875 0.8780381944444444 0.02392578125 0.044270833333333336
6 0.057861328125 0.3337673611111111 0.015625 0.033854166666666664
7 0.22119140625 0.7786458333333334 0.02001953125 0.03993055555555555
14 0.06982421875 0.7764756944444444 0.01806640625 0.03125
15 0.3828125 0.9010416666666666 0.02392578125 0.03993055555555555
16 0.087646484375 0.7690972222222222 0.01904296875 0.035590277777777776
17 0.07470703125 0.5542534722222222 0.01904296875 0.029513888888888888
18 0.393798828125 0.5846354166666666 0.025390625 0.04600694444444445
19 0.081298828125 0.3263888888888889 0.02001953125 0.033854166666666664
20 0.081298828125 0.4500868055555556 0.01708984375 0.035590277777777776
21 0.058349609375 0.4353298611111111 0.017578125 0.035590277777777776
8 0.314453125 0.140625 0.02490234375 0.03993055555555555
9 0.0830078125 0.5047743055555556 0.017578125 0.035590277777777776
10 0.077880859375 0.18489583333333334 0.0185546875 0.033854166666666664
11 0.6259765625 0.4322916666666667 0.025390625 0.04600694444444445
12 0.097900390625 0.4730902777777778 0.0205078125 0.029513888888888888
13 0.10400390625 0.5138888888888888 0.01806640625 0.035590277777777776