0 0.08349609375 0.1271701388888889 0.029296875 0.042534722222222224
1 0.4951171875 0.026909722222222224 0.0283203125 0.03732638888888889
2 0.920166015625 0.125 0.02099609375 0.05381944444444445
3 0.093994140625 0.8511284722222222 0.02880859375 0.03993055555555555
4 0.4931640625 0.9535590277777778 0.02685546875 0.044270833333333336
5 0.899169921875 0.8715277777777778 0.0244140625 0.051215277777777776
6 0.7412109375 0.7087673611111112 0.02197265625 0.03732638888888889
7 0.7783203125 0.6267361111111112 0.0205078125 0.042534722222222224
8 0.85595703125 0.2951388888888889 0.02001953125 0.0390625
9 0.894775390625 0.5381944444444444 0.01904296875 0.03993055555555555
10 0.73828125 0.17708333333333334 0.02001953125 0.03993055555555555
11 0.7216796875 0.5672743055555556 0.0224609375 0.043402777777777776
17 0.891845703125 0.1875 0.0166015625 0.03298611111111111
19 0.734130859375 0.21397569444444445 0.0244140625 0.03211805555555555
20 0.913330078125 0.5737847222222222 0.0146484375 0.033854166666666664
21 0.642333984375 0.8723958333333334 0.0263671875 0.03732638888888889