0 0.081787109375 0.12586805555555555 0.02001953125 0.044270833333333336
1 0.4931640625 0.025173611111111112 0.025390625 0.043402777777777776
2 0.918701171875 0.12152777777777778 0.0224609375 0.03993055555555555
3 0.09228515625 0.8532986111111112 0.02197265625 0.03993055555555555
4 0.491455078125 0.9565972222222222 0.025390625 0.04774305555555555
5 0.90087890625 0.8706597222222222 0.02392578125 0.042534722222222224
6 0.5224609375 0.3177083333333333 0.0224609375 0.04079861111111111
7 0.8896484375 0.2986111111111111 0.01806640625 0.0390625
14 0.64501953125 0.859375 0.0205078125 0.03732638888888889
15 0.9052734375 0.2565104166666667 0.01708984375 0.03211805555555555
16 0.626708984375 0.8294270833333334 0.02001953125 0.03993055555555555
18 0.732177734375 0.6119791666666666 0.01904296875 0.03993055555555555
17 0.88525390625 0.3958333333333333 0.01806640625 0.03732638888888889
11 0.79833984375 0.15321180555555555 0.0185546875 0.03732638888888889
11 0.54736328125 0.10199652777777778 0.02392578125 0.03993055555555555
10 0.5068359375 0.19053819444444445 0.02294921875 0.0390625
8 0.423095703125 0.1831597222222222 0.02490234375 0.03993055555555555
12 0.1328125 0.17317708333333334 0.01806640625 0.036458333333333336
20 0.294677734375 0.6697048611111112 0.02197265625 0.036458333333333336
21 0.693115234375 0.7352430555555556 0.0205078125 0.03732638888888889