0 0.079345703125 0.12760416666666666 0.02099609375 0.033854166666666664
1 0.4931640625 0.03342013888888889 0.0283203125 0.036458333333333336
2 0.916015625 0.12152777777777778 0.01904296875 0.03298611111111111
3 0.09228515625 0.8515625 0.02197265625 0.029513888888888888
4 0.489013671875 0.9526909722222222 0.02734375 0.03993055555555555
5 0.8974609375 0.8715277777777778 0.01904296875 0.044270833333333336
6 0.435546875 0.8563368055555556 0.025390625 0.04079861111111111
7 0.671630859375 0.6297743055555556 0.02099609375 0.043402777777777776
14 0.83203125 0.1640625 0.01904296875 0.03211805555555555
15 0.690185546875 0.3697916666666667 0.0185546875 0.042534722222222224
17 0.655517578125 0.20703125 0.02490234375 0.04861111111111111
18 0.479248046875 0.6336805555555556 0.025390625 0.046875
21 0.117919921875 0.6219618055555556 0.01904296875 0.033854166666666664