0 0.0546875 0.11024305555555555 0.02294921875 0.035590277777777776
1 0.4794921875 0.012152777777777778 0.02880859375 0.021701388888888888
2 0.918212890625 0.1037326388888889 0.02392578125 0.029513888888888888
3 0.067138671875 0.8658854166666666 0.02392578125 0.03298611111111111
4 0.4794921875 0.9730902777777778 0.02734375 0.046875
5 0.901123046875 0.8823784722222222 0.02197265625 0.033854166666666664
6 0.1083984375 0.5360243055555556 0.0205078125 0.03732638888888889
7 0.394775390625 0.4470486111111111 0.025390625 0.046875
14 0.91015625 0.15885416666666666 0.01513671875 0.03298611111111111
15 0.892333984375 0.4509548611111111 0.01904296875 0.0390625
16 0.875244140625 0.1618923611111111 0.0185546875 0.036458333333333336
17 0.443115234375 0.13585069444444445 0.02490234375 0.0390625
18 0.726318359375 0.20703125 0.02197265625 0.044270833333333336
20 0.893798828125 0.1488715277777778 0.01708984375 0.035590277777777776
21 0.5712890625 0.7664930555555556 0.025390625 0.043402777777777776
8 0.472412109375 0.8125 0.0224609375 0.042534722222222224
9 0.635498046875 0.09765625 0.025390625 0.044270833333333336
11 0.84765625 0.6979166666666666 0.02001953125 0.036458333333333336
12 0.696044921875 0.5729166666666666 0.02392578125 0.04513888888888889
13 0.118408203125 0.7847222222222222 0.0185546875 0.036458333333333336