0 0.08247950819672129 0.12488615664845172 0.028816598360655726 0.046675774134790515
1 0.4942366803278688 0.0332422586520947 0.030097336065573854 0.04098360655737706
2 0.9165599385245902 0.12773224043715847 0.020491803278688492 0.04326047358834243
3 0.09368596311475408 0.8540528233151186 0.02945696721311475 0.03642987249544621
4 0.49295594262295084 0.9519581056466304 0.0288165983606557 0.03870673952641152
5 0.8989497950819673 0.8716985428051003 0.021132172131147486 0.048952641165756025
6 0.1180199795081967 0.6656420765027322 0.019211065573770503 0.033014571948998234
11 0.10745389344262293 0.3292349726775956 0.01857069672131148 0.04098360655737703
16 0.3405481557377049 0.5984744990892532 0.028816598360655754 0.04212204007285969
17 0.12314293032786883 0.18408469945355188 0.020491803278688547 0.03756830601092891
20 0.8406762295081966 0.7066256830601093 0.018570696721311508 0.03529143897996375
18 0.11994108606557374 0.7834699453551912 0.021772540983606578 0.03187613843351558