0 0.054943647540983576 0.1129326047358834 0.024974385245901627 0.03870673952641163
1 0.4807889344262295 0.013319672131147526 0.028816598360655754 0.023907103825136618
2 0.9197617827868853 0.10667122040072857 0.02305327868852447 0.04439890710382513
3 0.06647028688524588 0.8660063752276869 0.023693647540983603 0.03756830601092906
4 0.4788678278688524 0.972449908925319 0.024974385245901676 0.04553734061930786
5 0.9024718237704917 0.8796675774134791 0.023053278688524692 0.033014571948998234
6 0.8851818647540984 0.5313069216757742 0.019211065573770503 0.039845173041894374
7 0.24129098360655732 0.38274134790528236 0.024974385245901648 0.04098360655737703
14 0.8464395491803279 0.2068533697632058 0.01985143442622972 0.03756830601092896
15 0.8057761270491803 0.3366347905282332 0.02177254098360648 0.039845173041894374
16 0.8938268442622951 0.4265710382513661 0.01985143442622972 0.035291438979963646
18 0.905673668032787 0.4038023679417122 0.01793032786885229 0.03756830601092896
19 0.2508965163934426 0.7248406193078325 0.023693647540983576 0.042122040072859884
21 0.9162397540983606 0.45617030965391625 0.01728995901639352 0.03756830601092891
9 0.8986296106557377 0.20799180327868852 0.019211065573770503 0.03756830601092894
10 0.8374743852459017 0.5813979963570127 0.019851434426229497 0.039845173041894374
11 0.23264600409836064 0.7646857923497268 0.021772540983606536 0.039845173041894374
12 0.35623719262295084 0.6024590163934427 0.02561475409836067 0.04098360655737703