0 0.05362215909090909 0.11111111111111116 0.02059659090909091 0.032828282828282825
1 0.479403409090909 0.015151515151515225 0.024147727272727293 0.027777777777777776
2 0.9172585227272727 0.10353535353535359 0.0234375 0.03787878787878786
3 0.06534090909090909 0.8623737373737375 0.024147727272727265 0.04545454545454556
4 0.47656249999999994 0.9678030303030302 0.026988636363636354 0.03914141414141407
5 0.9019886363636364 0.8762626262626263 0.02272727272727293 0.04545454545454556
6 0.6576704545454546 0.8503787878787878 0.022727272727272707 0.03661616161616147
7 0.4939630681818181 0.904671717171717 0.0234375 0.03914141414141407
17 0.18963068181818182 0.5486111111111112 0.019886363636363646 0.03914141414141407
14 0.1921164772727273 0.7127525252525254 0.02201704545454547 0.03661616161616167
15 0.5525568181818181 0.13699494949494956 0.02130681818181812 0.039141414141414116
19 0.07350852272727272 0.13131313131313138 0.017755681818181823 0.027777777777777776
8 0.5305397727272727 0.6893939393939394 0.024147727272727293 0.04545454545454556