0 0.0537109375 0.109375 0.02197265625 0.036458333333333336
1 0.4775390625 0.015190972222222222 0.029296875 0.030381944444444444
2 0.91650390625 0.10286458333333333 0.0234375 0.044270833333333336
3 0.06787109375 0.8624131944444444 0.0234375 0.042534722222222224
4 0.478271484375 0.9678819444444444 0.03076171875 0.044270833333333336
5 0.901611328125 0.8763020833333334 0.02490234375 0.04079861111111111
6 0.173583984375 0.09722222222222222 0.02197265625 0.03298611111111111
7 0.529541015625 0.11848958333333333 0.02197265625 0.042534722222222224
15 0.262451171875 0.2734375 0.0205078125 0.041666666666666664
16 0.171142578125 0.2899305555555556 0.021484375 0.0390625
17 0.785888671875 0.08854166666666667 0.01904296875 0.03819444444444445
19 0.257568359375 0.7986111111111112 0.0205078125 0.0390625
20 0.215576171875 0.8211805555555556 0.02197265625 0.033854166666666664
21 0.756103515625 0.1545138888888889 0.0234375 0.041666666666666664
9 0.75927734375 0.08506944444444445 0.021484375 0.041666666666666664
10 0.361083984375 0.3125 0.02197265625 0.044270833333333336
11 0.80712890625 0.8372395833333334 0.01904296875 0.04513888888888889
12 0.058837890625 0.4856770833333333 0.02001953125 0.03125
13 0.59375 0.3871527777777778 0.025390625 0.046875