1 0.225830078125 0.5347222222222222 0.01171875 0.04774305555555555
4 0.76953125 0.5342881944444444 0.0205078125 0.03732638888888889
6 0.657958984375 0.4379340277777778 0.02392578125 0.04774305555555555
7 0.578369140625 0.6957465277777778 0.02392578125 0.044270833333333336
14 0.468505859375 0.07769097222222222 0.02294921875 0.03993055555555555
15 0.487548828125 0.2092013888888889 0.02392578125 0.043402777777777776
16 0.5654296875 0.8697916666666666 0.0244140625 0.042534722222222224
19 0.599853515625 0.11805555555555555 0.02294921875 0.04079861111111111
20 0.48388671875 0.1111111111111111 0.02294921875 0.04079861111111111
21 0.509521484375 0.16015625 0.025390625 0.043402777777777776
8 0.67919921875 0.3003472222222222 0.02294921875 0.04079861111111111
9 0.332763671875 0.13585069444444445 0.02294921875 0.042534722222222224
10 0.511474609375 0.2439236111111111 0.0244140625 0.044270833333333336
11 0.695556640625 0.2712673611111111 0.02001953125 0.03993055555555555
13 0.5830078125 0.2404513888888889 0.0263671875 0.042534722222222224