0 0.080322265625 0.1293402777777778 0.0244140625 0.035590277777777776
1 0.492431640625 0.030381944444444444 0.0302734375 0.042534722222222224
2 0.915283203125 0.125 0.01806640625 0.04861111111111111
3 0.091796875 0.8541666666666666 0.025390625 0.026909722222222224
4 0.490966796875 0.9552951388888888 0.03125 0.04774305555555555
5 0.89794921875 0.8715277777777778 0.02197265625 0.03993055555555555
6 0.119384765625 0.3129340277777778 0.0166015625 0.030381944444444444
17 0.625244140625 0.6098090277777778 0.02197265625 0.042534722222222224
18 0.71240234375 0.6540798611111112 0.02197265625 0.03732638888888889
16 0.826904296875 0.15625 0.01904296875 0.036458333333333336
21 0.1640625 0.19270833333333334 0.01513671875 0.033854166666666664