1 0.235595703125 0.5073784722222222 0.025390625 0.0546875
4 0.754150390625 0.5112847222222222 0.02294921875 0.046875
6 0.681640625 0.7378472222222222 0.02099609375 0.046875
7 0.49072265625 0.05164930555555555 0.02099609375 0.03298611111111111
8 0.322265625 0.63671875 0.02392578125 0.046875
9 0.276123046875 0.4140625 0.02099609375 0.0390625
10 0.508056640625 0.021701388888888888 0.02099609375 0.03732638888888889
14 0.531494140625 0.11414930555555555 0.0244140625 0.03993055555555555
16 0.48046875 0.13758680555555555 0.0224609375 0.04079861111111111
17 0.468994140625 0.07552083333333333 0.02392578125 0.03993055555555555
18 0.50537109375 0.140625 0.0224609375 0.0390625
20 0.501220703125 0.09461805555555555 0.02197265625 0.03993055555555555
21 0.51318359375 0.062065972222222224 0.02001953125 0.03211805555555555