0 0.08448223039215684 0.13031045751633985 0.02527573529411767 0.039488017429193896
1 0.49387254901960775 0.02954793028322439 0.02604166666666674 0.03676470588235295
2 0.9166666666666669 0.12282135076252722 0.018382352941176627 0.04084967320261438
3 0.09290747549019605 0.8499455337690631 0.019148284313725505 0.04084967320261453
4 0.4927236519607842 0.9500272331154684 0.02527573529411764 0.03948801742919391
5 0.904028799019608 0.8737745098039215 0.023743872549019773 0.0503812636165577
6 0.3372395833333333 0.6068899782135077 0.023743872549019662 0.04221132897603476
14 0.8948376225490198 0.33592047930283225 0.019148284313725394 0.036764705882352956
18 0.6573988970588236 0.5626361655773421 0.02374387254901955 0.04084967320261433
19 0.8913909313725491 0.275326797385621 0.019914215686274606 0.03540305010893244
20 0.7320772058823529 0.7696078431372548 0.022977941176470562 0.04084967320261433
12 0.4410232843137255 0.667483660130719 0.02450980392156865 0.04357298474945538
13 0.5264246323529411 0.2167755991285403 0.023743872549019773 0.04357298474945533
11 0.30315563725490197 0.5646786492374728 0.022977941176470562 0.0449346405228758