0 0.081298828125 0.125 0.0185546875 0.046875
1 0.494140625 0.026041666666666668 0.03125 0.03732638888888889
2 0.91845703125 0.12413194444444445 0.02294921875 0.0390625
3 0.091064453125 0.8528645833333334 0.02197265625 0.043402777777777776
4 0.49169921875 0.953125 0.0263671875 0.050347222222222224
5 0.90283203125 0.8741319444444444 0.0263671875 0.035590277777777776
6 0.1650390625 0.4431423611111111 0.02001953125 0.033854166666666664
7 0.72021484375 0.22352430555555555 0.02099609375 0.043402777777777776
14 0.374755859375 0.296875 0.02197265625 0.03732638888888889
3 0.34033203125 0.5985243055555556 0.02294921875 0.03993055555555555
17 0.128662109375 0.3550347222222222 0.0185546875 0.035590277777777776
11 0.115478515625 0.4092881944444444 0.01806640625 0.03298611111111111
9 0.699462890625 0.3993055555555556 0.02197265625 0.042534722222222224
18 0.420654296875 0.8815104166666666 0.02099609375 0.0390625
20 0.85595703125 0.7157118055555556 0.01611328125 0.03732638888888889