0 0.082275390625 0.125 0.0205078125 0.046875
1 0.492919921875 0.028211805555555556 0.02490234375 0.03993055555555555
2 0.917236328125 0.12022569444444445 0.0205078125 0.044270833333333336
3 0.091064453125 0.8528645833333334 0.0205078125 0.04079861111111111
4 0.49169921875 0.9548611111111112 0.02734375 0.044270833333333336
5 0.90087890625 0.875 0.02490234375 0.03993055555555555
6 0.4833984375 0.4136284722222222 0.02490234375 0.04079861111111111
7 0.6376953125 0.5455729166666666 0.0224609375 0.043402777777777776
20 0.676025390625 0.4947916666666667 0.02099609375 0.03732638888888889
17 0.6953125 0.2591145833333333 0.02099609375 0.042534722222222224
16 0.8857421875 0.6592881944444444 0.0166015625 0.04079861111111111
18 0.787109375 0.7118055555555556 0.02197265625 0.036458333333333336
10 0.664306640625 0.6080729166666666 0.02197265625 0.043402777777777776
11 0.716064453125 0.5243055555555556 0.0205078125 0.042534722222222224
8 0.696044921875 0.5564236111111112 0.0224609375 0.03993055555555555
12 0.8671875 0.2087673611111111 0.0205078125 0.0390625
21 0.6240234375 0.3854166666666667 0.02294921875 0.042534722222222224
13 0.189453125 0.3250868055555556 0.02001953125 0.03732638888888889
19 0.1328125 0.5060763888888888 0.0205078125 0.03298611111111111