0 0.05362215909090909 0.1098484848484849 0.024857954545454537 0.035353535353535345
1 0.4772727272727272 0.016414141414141485 0.03409090909090906 0.025252525252525256
2 0.9169034090909091 0.10290404040404047 0.02130681818181812 0.04671717171717171
3 0.06676136363636363 0.8630050505050504 0.02840909090909091 0.04419191919191926
4 0.47762784090909083 0.9715909090909091 0.03338068181818188 0.049242424242424455
5 0.9037642045454546 0.8806818181818181 0.0234375 0.04924242424242406
6 0.6832386363636364 0.2866161616161617 0.026988636363636465 0.040404040404040366
14 0.06036931818181818 0.13320707070707075 0.015625 0.02398989898989898
15 0.27769886363636365 0.5542929292929294 0.026988636363636354 0.03787878787878797
20 0.6775568181818181 0.3623737373737374 0.02556818181818188 0.04545454545454546
21 0.0596590909090909 0.4349747474747475 0.021306818181818177 0.034090909090909075
9 0.7151988636363635 0.7992424242424243 0.022727272727272707 0.03787878787878797
10 0.10475852272727273 0.19318181818181823 0.02201704545454547 0.03535353535353537