0 0.08154296875 0.12369791666666667 0.029296875 0.042534722222222224
1 0.49365234375 0.026909722222222224 0.03271484375 0.044270833333333336
2 0.91650390625 0.12152777777777778 0.02197265625 0.03993055555555555
3 0.091796875 0.8532986111111112 0.025390625 0.030381944444444444
4 0.489990234375 0.9565972222222222 0.0322265625 0.052083333333333336
5 0.901123046875 0.8745659722222222 0.0244140625 0.050347222222222224
6 0.580322265625 0.8337673611111112 0.025390625 0.0390625
8 0.153564453125 0.4270833333333333 0.0224609375 0.04079861111111111
9 0.757080078125 0.8229166666666666 0.0205078125 0.035590277777777776
14 0.089111328125 0.6102430555555556 0.02197265625 0.03211805555555555
17 0.746337890625 0.8854166666666666 0.01904296875 0.03732638888888889
18 0.089599609375 0.6640625 0.02001953125 0.03211805555555555
20 0.455078125 0.2309027777777778 0.0224609375 0.03993055555555555