1 0.7744140625 0.4609375 0.01220703125 0.07291666666666667
4 0.23486328125 0.4600694444444444 0.03076171875 0.06076388888888889
7 0.280029296875 0.19444444444444445 0.0224609375 0.036458333333333336
15 0.3779296875 0.9418402777777778 0.0224609375 0.03993055555555555
17 0.314208984375 0.9735243055555556 0.02197265625 0.035590277777777776
18 0.539794921875 0.3229166666666667 0.02294921875 0.043402777777777776
19 0.6337890625 0.8932291666666666 0.02294921875 0.0390625
20 0.351318359375 0.028645833333333332 0.02294921875 0.035590277777777776
21 0.293212890625 0.1306423611111111 0.02294921875 0.04079861111111111
8 0.587646484375 0.4848090277777778 0.0244140625 0.04513888888888889
9 0.6162109375 0.6714409722222222 0.02490234375 0.04079861111111111
12 0.53466796875 0.5889756944444444 0.02294921875 0.03732638888888889
13 0.339599609375 0.8671875 0.02392578125 0.036458333333333336