0 0.079345703125 0.1267361111111111 0.0224609375 0.043402777777777776
1 0.491943359375 0.028211805555555556 0.03076171875 0.046875
2 0.9150390625 0.12109375 0.01611328125 0.036458333333333336
3 0.091552734375 0.8515625 0.02099609375 0.026909722222222224
4 0.488525390625 0.9513888888888888 0.02392578125 0.042534722222222224
5 0.896728515625 0.8706597222222222 0.0244140625 0.035590277777777776
6 0.11376953125 0.6319444444444444 0.02099609375 0.033854166666666664
16 0.205078125 0.7625868055555556 0.02294921875 0.03298611111111111
17 0.72119140625 0.8615451388888888 0.01806640625 0.03993055555555555
18 0.75 0.7282986111111112 0.01904296875 0.03993055555555555
21 0.51416015625 0.8489583333333334 0.02099609375 0.035590277777777776