0 0.08087858606557374 0.12716302367941712 0.029456967213114776 0.044398907103825117
1 0.4951972336065573 0.028688524590163918 0.029456967213114693 0.04553734061930784
2 0.9194415983606558 0.12431693989071037 0.024974385245901676 0.04553734061930781
3 0.09016393442622948 0.8500683060109292 0.024974385245901648 0.037568306010928865
4 0.49135502049180335 0.9519581056466304 0.024334016393442737 0.04326047358834254
5 0.8979892418032787 0.8705601092896176 0.02177254098360648 0.033014571948998234
6 0.33222336065573765 0.8181921675774135 0.022412909836065587 0.037568306010928865
7 0.37192622950819676 0.5 0.024974385245901676 0.04553734061930786
8 0.4359631147540983 0.5028460837887068 0.023693647540983576 0.039845173041894374
12 0.9015112704918032 0.1635928961748634 0.019851434426229497 0.0352914389799636
13 0.8611680327868854 0.17042349726775954 0.02113217213114771 0.039845173041894374
14 0.6034195696721312 0.6958105646630237 0.02433401639344268 0.04326047358834254
15 0.5550717213114753 0.5017076502732241 0.021132172131147486 0.046675774134790515
16 0.5813268442622951 0.6183970856102003 0.023693647540983687 0.04553734061930786
17 0.24929559426229508 0.21197632058287796 0.021772540983606592 0.04553734061930776
18 0.20959272540983603 0.17440801457194902 0.020491803278688547 0.03870673952641172
19 0.886142418032787 0.4521857923497267 0.01728995901639352 0.04553734061930786
20 0.4372438524590164 0.6070127504553734 0.024974385245901676 0.03415300546448089
21 0.5560322745901639 0.694672131147541 0.02433401639344268 0.04553734061930786