0 0.08183913934426226 0.12716302367941712 0.023693647540983603 0.03529143897996355
1 0.4958376024590164 0.032103825136612 0.024334016393442626 0.03870673952641167
2 0.9194415983606558 0.12431693989071037 0.024974385245901676 0.04781420765027322
3 0.09208504098360654 0.8534836065573772 0.03009733606557377 0.0443989071038252
4 0.49167520491803285 0.9530965391621131 0.0288165983606557 0.04098360655737723
5 0.8983094262295084 0.8711293260473588 0.024974385245901676 0.04781420765027327
6 0.3949795081967213 0.2990664845173041 0.022412909836065587 0.039845173041894374
7 0.49807889344262296 0.5091074681238615 0.023693647540983576 0.03870673952641172
8 0.714203381147541 0.5358606557377049 0.02433401639344268 0.0443989071038252
10 0.5541111680327869 0.7703779599271403 0.02305327868852447 0.039845173041894374
11 0.8163422131147542 0.12317850637522769 0.018570696721311508 0.04098360655737703
12 0.24449282786885246 0.12204007285974498 0.02241290983606556 0.036429872495446255
13 0.772156762295082 0.5876593806921676 0.019851434426229497 0.03870673952641172
14 0.7286116803278688 0.5848132969034608 0.021132172131147486 0.037568306010928865
15 0.8115394467213115 0.7572859744990894 0.020491803278688492 0.04553734061930786
16 0.5816470286885246 0.6166894353369764 0.023053278688524692 0.0443989071038252
17 0.24929559426229508 0.21254553734061934 0.02433401639344257 0.04212204007285972
18 0.12922643442622947 0.2933743169398907 0.021132172131147542 0.03529143897996355
19 0.842597336065574 0.6212431693989071 0.01728995901639352 0.037568306010928865
20 0.6712986680327869 0.4453551912568306 0.02177254098360648 0.04098360655737703
21 0.5541111680327869 0.6918260473588344 0.02305327868852447 0.042122040072859884