0 0.08183913934426226 0.12545537340619306 0.024974385245901648 0.04098360655737703
1 0.4945568647540983 0.033811475409836055 0.03073770491803285 0.039845173041894354
2 0.9175204918032787 0.12374772313296901 0.022412909836065698 0.04212204007285974
3 0.09176485655737703 0.8506375227686704 0.030737704918032793 0.04781420765027317
4 0.49199538934426235 0.9536657559198544 0.026895491803278715 0.04895264116575583
5 0.9059938524590164 0.8756830601092899 0.03137807377049162 0.05919854280510014
6 0.5941342213114754 0.8967440801457196 0.028816598360655643 0.037568306010928865
8 0.15516137295081966 0.42827868852459006 0.020491803278688547 0.03415300546448084
9 0.7574282786885246 0.8193306010928963 0.021132172131147486 0.044398907103825005
14 0.08760245901639341 0.6092896174863388 0.021132172131147542 0.04326047358834235
17 0.7465420081967213 0.8859289617486341 0.022412909836065475 0.03870673952641162
18 0.08984374999999997 0.6650728597449909 0.024334016393442626 0.03870673952641152
20 0.4561347336065573 0.22848360655737704 0.02561475409836067 0.039845173041894354