0 0.08151895491803277 0.12374772313296901 0.021772540983606564 0.03756830601092895
1 0.49391649590163933 0.026411657559198522 0.02689549180327866 0.03415300546448087
2 0.9165599385245902 0.12204007285974498 0.016649590163934302 0.04098360655737703
3 0.09080430327868849 0.8517759562841533 0.021132172131147542 0.04326047358834235
4 0.49135502049180335 0.9553734061930784 0.025614754098360726 0.04326047358834254
5 0.9005507172131146 0.8734061930783243 0.02433401639344246 0.03870673952641152
6 0.28515625 0.859744990892532 0.019211065573770503 0.03642987249544621
7 0.4753457991803279 0.3986794171220401 0.02177254098360648 0.03870673952641162
14 0.5326588114754099 0.40323315118397085 0.022412909836065475 0.04098360655737703
15 0.45389344262295084 0.5688752276867031 0.021132172131147597 0.03756830601092906
17 0.46958247950819665 0.692964480874317 0.02305327868852458 0.03756830601092906
19 0.30084528688524587 0.7885928961748634 0.021132172131147597 0.037568306010928865
20 0.20639088114754098 0.5313069216757742 0.017930327868852458 0.03529143897996355
12 0.7286116803278688 0.3981102003642987 0.021132172131147486 0.04212204007285969