0 0.08256740196078428 0.12554466230936817 0.024509803921568624 0.035403050108932486
1 0.49272365196078427 0.03090958605664486 0.028339460784313708 0.04493464052287583
2 0.9181985294117647 0.12350217864923746 0.022977941176470562 0.04221132897603487
2 0.09060968137254899 0.846541394335512 0.02068014705882354 0.025871459694989066
3 0.49272365196078427 0.9541122004357298 0.026807598039215674 0.04493464052287561
4 0.9021139705882354 0.8764978213507626 0.022977941176470562 0.03948801742919401
14 0.7707567401960784 0.8267973856209151 0.020680147058823595 0.04084967320261433
15 0.9109221813725491 0.21881808278867107 0.017616421568627416 0.03404139433551201
16 0.7864583333333334 0.16094771241830064 0.022977941176470562 0.03812636165577343
17 0.9063265931372548 0.26102941176470584 0.017616421568627638 0.03948801742919391
18 0.3058363970588235 0.7886710239651415 0.02527573529411764 0.04357298474945538
19 0.7967984068627452 0.804330065359477 0.019148284313725616 0.03676470588235306
20 0.7370557598039216 0.45302287581699346 0.020680147058823595 0.0449346405228758
21 0.9116881127450981 0.5939542483660131 0.019148284313725394 0.03540305010893244
8 0.23766850490196073 0.5136165577342048 0.022212009803921573 0.04084967320261433
10 0.6466758578431373 0.6239106753812637 0.02527573529411775 0.04357298474945538
11 0.7075674019607843 0.5987200435729849 0.019914215686274606 0.03948801742919391
12 0.7592677696078431 0.8860294117647058 0.02527573529411775 0.03404139433551201
13 0.49348958333333326 0.7791394335511982 0.02374387254901955 0.03812636165577348
6 0.6612285539215685 0.12282135076252722 0.02374387254901955 0.04084967320261438