0 0.08119877049180324 0.1260245901639344 0.026255122950819665 0.03756830601092895
1 0.49455686475409844 0.028688524590163918 0.029456967213114693 0.036429872495446255
2 0.917200307377049 0.12488615664845172 0.02817622950819665 0.039845173041894326
3 0.09336577868852457 0.8529143897996359 0.03393954918032788 0.03642987249544621
4 0.49391649590163933 0.9530965391621131 0.023053278688524637 0.04553734061930786
5 0.8989497950819673 0.8728369763205829 0.026255122950819665 0.05122950819672134
6 0.7590292008196722 0.7931466302367944 0.020491803278688492 0.037568306010928865
7 0.5371413934426229 0.31898907103825136 0.022412909836065698 0.04098360655737703
8 0.7599897540983607 0.39981785063752273 0.019851434426229497 0.036429872495446304
9 0.8893442622950819 0.46641621129326044 0.016009221311475308 0.039845173041894374
10 0.9155993852459017 0.4026639344262295 0.01728995901639352 0.03529143897996355
12 0.9152792008196722 0.2597905282331512 0.016649590163934302 0.036429872495446304
11 0.9146388319672131 0.2586520947176685 0.015368852459016313 0.03642987249544621
12 0.48655225409836067 0.738501821493625 0.023693647540983576 0.037568306010928865
13 0.7222079918032787 0.5409836065573771 0.021132172131147486 0.04326047358834254
14 0.4756659836065573 0.8102231329690347 0.024974385245901676 0.037568306010928865
16 0.9063140368852459 0.18351548269581056 0.014088114754098324 0.036429872495446255
17 0.5601946721311475 0.26320582877959925 0.021132172131147486 0.03187613843351538
18 0.559234118852459 0.26662112932604737 0.02177254098360648 0.03870673952641162
19 0.7497438524590164 0.45617030965391625 0.018570696721311508 0.03756830601092891
20 0.6997950819672131 0.4077868852459016 0.021132172131147486 0.043260473588342445
21 0.7382172131147541 0.4926001821493625 0.022412909836065698 0.039845173041894374