0 0.08119877049180324 0.12488615664845172 0.03009733606557377 0.04212204007285974
1 0.49327612704918034 0.032673041894353355 0.03457991803278687 0.04895264116575593
2 0.9165599385245902 0.12033242258652094 0.02433401639344268 0.04439890710382514
3 0.09496670081967211 0.8557604735883425 0.02945696721311475 0.039845173041894374
4 0.49295594262295084 0.9570810564663024 0.02753586065573771 0.03984517304189418
5 0.9008709016393444 0.8711293260473588 0.023693647540983687 0.0523679417122039
6 0.5925332991803279 0.52959927140255 0.02689549180327866 0.04326047358834254
7 0.8646900614754099 0.5347222222222222 0.019211065573770503 0.0443989071038252
9 0.8506019467213115 0.16643897996357016 0.015368852459016313 0.04553734061930786
11 0.11609887295081965 0.4100637522768669 0.02305327868852461 0.02959927140255007
14 0.8758965163934427 0.18351548269581056 0.01728995901639352 0.036429872495446255
16 0.33990778688524587 0.5990437158469946 0.030097336065573743 0.03642987249544621
17 0.1221823770491803 0.18294626593806923 0.019851434426229525 0.0352914389799636
18 0.42123463114754095 0.8830828779599273 0.021132172131147486 0.03529143897996355
20 0.8538037909836066 0.714025500910747 0.017930327868852514 0.03642987249544641