0 0.08087858606557374 0.12204007285974498 0.02049180327868852 0.04098360655737703
1 0.4932761270491803 0.024134790528233134 0.02817622950819676 0.03870673952641165
2 0.9178406762295082 0.12374772313296901 0.020491803278688492 0.04439890710382514
3 0.09176485655737703 0.8489298724954463 0.019211065573770475 0.04212204007285969
4 0.49135502049180335 0.9559426229508199 0.028176229508196704 0.03984517304189418
5 0.9018314549180328 0.8711293260473588 0.02561475409836067 0.04098360655737713
6 0.7212474385245902 0.7066256830601093 0.02177254098360648 0.039845173041894374
7 0.9162397540983607 0.5130919854280509 0.01600922131147553 0.03529143897996355
15 0.9172003073770493 0.44250910746812383 0.012807377049180335 0.03756830601092891
10 0.9165599385245902 0.47893897996357016 0.016649590163934302 0.033014571948998234
16 0.9149590163934427 0.5495218579234973 0.016009221311475308 0.03529143897996355
21 0.9146388319672131 0.5859517304189436 0.015368852459016313 0.037568306010928865
9 0.8992699795081966 0.5665983606557378 0.016649590163934302 0.03529143897996355
8 0.5275358606557378 0.5347222222222222 0.022412909836065475 0.04212204007285969