0 0.053662909836065545 0.11065573770491802 0.023693647540983603 0.04098360655737703
1 0.4807889344262295 0.012750455373406178 0.027535860655737654 0.025045537340619314
2 0.9181608606557377 0.10724043715846993 0.026255122950819665 0.036429872495446255
3 0.0671106557377049 0.8642987249544628 0.02753586065573771 0.04326047358834254
4 0.4775870901639344 0.9718806921675776 0.028816598360655754 0.04895264116575583
5 0.901191086065574 0.8813752276867032 0.02561475409836067 0.04326047358834235
6 0.8108990778688524 0.09870218579234973 0.020491803278688492 0.03984517304189436
7 0.7679943647540984 0.23246812386156648 0.023053278688524692 0.038706739526411696
14 0.1926229508196721 0.7128870673952642 0.023693647540983576 0.03870673952641192
15 0.7756787909836066 0.7202868852459017 0.02177254098360648 0.039845173041894374
17 0.22304047131147542 0.45844717668488166 0.02305327868852458 0.04212204007285969
19 0.8592469262295082 0.1909153005464481 0.018570696721311508 0.039845173041894374
8 0.22240010245901642 0.5967668488160291 0.024334016393442626 0.03870673952641172
12 0.5550717213114754 0.13456284153005466 0.024974385245901676 0.043260473588342445