0 0.082275390625 0.12760416666666666 0.025390625 0.043402777777777776
1 0.4931640625 0.029079861111111112 0.03076171875 0.03732638888888889
2 0.917236328125 0.1232638888888889 0.01904296875 0.0390625
3 0.093994140625 0.8550347222222222 0.02734375 0.0390625
4 0.49365234375 0.9557291666666666 0.02880859375 0.044270833333333336
5 0.90185546875 0.8732638888888888 0.02294921875 0.04774305555555555
6 0.561767578125 0.6731770833333334 0.02197265625 0.04079861111111111
7 0.718994140625 0.2191840277777778 0.01708984375 0.03732638888888889
9 0.69970703125 0.3993055555555556 0.02099609375 0.035590277777777776
11 0.11572265625 0.4118923611111111 0.0224609375 0.035590277777777776
14 0.23876953125 0.7573784722222222 0.02099609375 0.029513888888888888
16 0.34033203125 0.5985243055555556 0.025390625 0.042534722222222224
17 0.16064453125 0.4561631944444444 0.02001953125 0.03993055555555555
18 0.41845703125 0.8806423611111112 0.0244140625 0.042534722222222224
20 0.855712890625 0.7126736111111112 0.01904296875 0.036458333333333336