1 0.2353515625 0.5069444444444444 0.025390625 0.043402777777777776
4 0.755859375 0.5134548611111112 0.02734375 0.04861111111111111
7 0.525634765625 0.2547743055555556 0.02392578125 0.043402777777777776
15 0.615234375 0.04296875 0.025390625 0.036458333333333336
18 0.619873046875 0.00390625 0.02392578125 0.0078125
20 0.497314453125 0.18489583333333334 0.02197265625 0.0390625
21 0.436767578125 0.2760416666666667 0.025390625 0.0390625
8 0.5322265625 0.15147569444444445 0.0244140625 0.03819444444444445
10 0.580810546875 0.125 0.02197265625 0.042534722222222224
11 0.51416015625 0.11414930555555555 0.02392578125 0.036458333333333336
9 0.2900390625 0.8723958333333334 0.021484375 0.036458333333333336
12 0.546630859375 0.22005208333333334 0.02587890625 0.042534722222222224