0 0.053955078125 0.11414930555555555 0.02294921875 0.043402777777777776
1 0.479736328125 0.012152777777777778 0.0283203125 0.021701388888888888
2 0.918701171875 0.10590277777777778 0.02001953125 0.0390625
3 0.06640625 0.8641493055555556 0.0224609375 0.036458333333333336
4 0.477783203125 0.9743923611111112 0.02783203125 0.049479166666666664
5 0.90185546875 0.8806423611111112 0.02197265625 0.03732638888888889
6 0.47705078125 0.18229166666666666 0.0263671875 0.04513888888888889
15 0.181640625 0.1293402777777778 0.02001953125 0.03732638888888889
18 0.450927734375 0.8454861111111112 0.0244140625 0.042534722222222224
20 0.222412109375 0.6354166666666666 0.0205078125 0.036458333333333336
21 0.098388671875 0.8259548611111112 0.0185546875 0.03732638888888889
10 0.86767578125 0.8229166666666666 0.0185546875 0.03993055555555555
11 0.370361328125 0.8854166666666666 0.02294921875 0.042534722222222224