0 0.07863729508196719 0.12545537340619306 0.026255122950819665 0.03415300546448084
1 0.49199538934426224 0.030396174863387956 0.03201844262295078 0.03756830601092896
2 0.9139984631147542 0.12317850637522769 0.016649590163934302 0.04326047358834243
3 0.08888319672131145 0.8557604735883425 0.023693647540983603 0.03529143897996355
4 0.4900742827868852 0.9548041894353371 0.02945696721311475 0.042122040072859884
5 0.8976690573770493 0.8739754098360658 0.021132172131147486 0.04895264116575593
6 0.08952356557377046 0.3594034608378871 0.017289959016393436 0.033014571948998137
15 0.17917520491803277 0.6804417122040074 0.02753586065573771 0.03529143897996355
17 0.13627049180327866 0.8028233151183972 0.018570696721311453 0.027322404371584754
16 0.8941470286885246 0.8193306010928963 0.016649590163934302 0.04212204007285969
21 0.6600922131147542 0.8079462659380694 0.026255122950819665 0.03529143897996355