0 0.0834400614754098 0.12659380692167577 0.030737704918032793 0.04098360655737703
1 0.49391649590163933 0.029826958105646617 0.03586065573770497 0.04553734061930784
2 0.9149590163934427 0.12317850637522769 0.022412909836065698 0.05009107468123862
3 0.09368596311475408 0.8546220400728598 0.030737704918032793 0.0443989071038252
4 0.49167520491803285 0.9548041894353371 0.027535860655737654 0.046675774134790515
5 0.8986296106557378 0.8699908925318763 0.02433401639344268 0.0523679417122039
6 0.8185835040983607 0.1886384335154827 0.020491803278688492 0.039845173041894374
7 0.10969518442622948 0.6371812386156649 0.017930327868852458 0.033014571948998234
8 0.23936987704918034 0.5142304189435336 0.022412909836065587 0.03529143897996355
10 0.3812115778688525 0.3172814207650273 0.02433401639344268 0.04895264116575593
11 0.41995389344262296 0.60132058287796 0.022412909836065587 0.04781420765027317
12 0.43948514344262296 0.6679189435336976 0.02433401639344268 0.04212204007285969
13 0.8083376024590164 0.66051912568306 0.020491803278688492 0.04098360655737703
14 0.26466444672131145 0.2062841530054645 0.02433401639344268 0.04781420765027317
17 0.8922259221311475 0.14367030965391622 0.02177254098360648 0.04098360655737703
18 0.3050076844262295 0.7863160291438981 0.02305327868852458 0.03073770491803292
19 0.3716060450819672 0.24271402550091078 0.02689549180327866 0.04553734061930786
20 0.736936475409836 0.4521857923497267 0.019851434426229497 0.04781420765027317