0 0.05462346311475407 0.1129326047358834 0.024334016393442612 0.04098360655737703
1 0.479188012295082 0.014458105646630224 0.02945696721311475 0.02618397085610201
2 0.9188012295081969 0.10951730418943534 0.023693647540983687 0.0364298724954463
3 0.06679047131147538 0.8648679417122042 0.021772540983606564 0.037568306010928865
4 0.47982838114754095 0.9735883424408017 0.02817622950819676 0.04553734061930786
5 0.9024718237704917 0.8830828779599273 0.023053278688524692 0.03529143897996355
6 0.12314293032786883 0.5204918032786885 0.019211065573770503 0.04326047358834254
7 0.2547387295081967 0.4282786885245901 0.023693647540983576 0.043260473588342445
14 0.21695696721311475 0.8574681238615667 0.019851434426229553 0.03870673952641172
15 0.6143058401639344 0.8882058287795994 0.02561475409836067 0.04098360655737713
16 0.9002305327868854 0.14196265938069214 0.01728995901639352 0.03756830601092896
17 0.5233734631147541 0.21653005464480873 0.02561475409836067 0.04098360655737701
17 0.8707735655737706 0.22620673952641168 0.018570696721311508 0.03529143897996355
20 0.8371542008196722 0.3132969034608379 0.01921106557377028 0.036429872495446304
21 0.22207991803278687 0.5221994535519126 0.022412909836065587 0.0443989071038252
8 0.37192622950819676 0.26662112932604737 0.024974385245901676 0.04326047358834235
9 0.8976690573770493 0.83356102003643 0.018570696721311508 0.03642987249544621
10 0.9015112704918032 0.4288479052823316 0.01857069672131173 0.03984517304189442
11 0.3584784836065574 0.902436247723133 0.026255122950819665 0.03984517304189447
12 0.20222848360655737 0.3104508196721312 0.02369364754098363 0.04212204007285969