0 0.07959784836065571 0.12716302367941712 0.03201844262295084 0.04212204007285974
1 0.4961577868852458 0.02356557377049178 0.03137807377049179 0.04212204007285974
2 0.9181608606557377 0.12659380692167577 0.026255122950819665 0.05009107468123862
3 0.09304559426229506 0.8517759562841533 0.026895491803278687 0.04098360655737703
4 0.49135502049180335 0.9525273224043718 0.023053278688524526 0.0443989071038252
5 0.9015112704918032 0.8745446265938069 0.026255122950819665 0.06147540983606545
6 0.5185706967213115 0.5739981785063752 0.023693647540983687 0.04326047358834254
11 0.10873463114754096 0.32752732240437155 0.02113217213114757 0.033014571948998137
14 0.9024718237704917 0.16586976320582877 0.015368852459016313 0.03756830601092901
16 0.3402279713114754 0.5973360655737704 0.02433401639344268 0.039845173041894374
17 0.12410348360655737 0.18294626593806923 0.02369364754098363 0.0352914389799636
18 0.4189933401639344 0.8802367941712205 0.02177254098360648 0.03415300546448089
20 0.8422771516393444 0.7071948998178507 0.017930327868852514 0.03870673952641172