1 0.227294921875 0.53515625 0.01513671875 0.05381944444444445
4 0.765869140625 0.5390625 0.0283203125 0.04774305555555555
7 0.683349609375 0.83203125 0.0224609375 0.043402777777777776
15 0.531005859375 0.11414930555555555 0.0263671875 0.042534722222222224
17 0.6328125 0.9583333333333334 0.0224609375 0.04079861111111111
18 0.52685546875 0.765625 0.025390625 0.04513888888888889
21 0.7080078125 0.87109375 0.02197265625 0.042534722222222224
9 0.380859375 0.030815972222222224 0.0244140625 0.03732638888888889
11 0.552978515625 0.004340277777777778 0.02294921875 0.008680555555555556
12 0.4658203125 0.4123263888888889 0.02490234375 0.042534722222222224
13 0.640869140625 0.12239583333333333 0.0244140625 0.04079861111111111