1 0.23486328125 0.5147569444444444 0.0244140625 0.051215277777777776
4 0.754638671875 0.5160590277777778 0.0224609375 0.044270833333333336
9 0.515625 0.23133680555555555 0.02099609375 0.042534722222222224
10 0.636474609375 0.3285590277777778 0.0244140625 0.04513888888888889
11 0.264404296875 0.7252604166666666 0.01904296875 0.035590277777777776
12 0.438232421875 0.2625868055555556 0.0224609375 0.0390625
13 0.568603515625 0.019965277777777776 0.02197265625 0.0390625
14 0.716796875 0.6467013888888888 0.02099609375 0.042534722222222224
15 0.517578125 0.015190972222222222 0.0224609375 0.030381944444444444
16 0.633544921875 0.10460069444444445 0.0224609375 0.04079861111111111
18 0.72216796875 0.15104166666666666 0.01904296875 0.033854166666666664
20 0.344970703125 0.054253472222222224 0.0244140625 0.036458333333333336