0 0.079345703125 0.13020833333333334 0.02880859375 0.0390625
1 0.49267578125 0.035590277777777776 0.029296875 0.04079861111111111
2 0.913330078125 0.1254340277777778 0.01806640625 0.04079861111111111
3 0.089599609375 0.8506944444444444 0.02880859375 0.033854166666666664
4 0.489013671875 0.9526909722222222 0.0263671875 0.044270833333333336
5 0.89697265625 0.8745659722222222 0.02001953125 0.04774305555555555
6 0.5361328125 0.5434027777777778 0.02294921875 0.0390625
14 0.107421875 0.7504340277777778 0.02392578125 0.03211805555555555
15 0.21044921875 0.3567708333333333 0.02001953125 0.033854166666666664
16 0.880615234375 0.7994791666666666 0.01806640625 0.03211805555555555
17 0.392333984375 0.6532118055555556 0.02001953125 0.035590277777777776
18 0.849609375 0.1970486111111111 0.02001953125 0.0390625
21 0.899658203125 0.4262152777777778 0.01708984375 0.0390625