0 0.054332386363636354 0.11111111111111119 0.023437499999999993 0.040404040404040414
1 0.479403409090909 0.017045454545454617 0.032670454545454586 0.02904040404040404
2 0.9165482954545454 0.1016414141414142 0.022017045454545414 0.044191919191919164
3 0.06605113636363635 0.8630050505050506 0.021306818181818177 0.041666666666666664
4 0.47691761363636354 0.9690656565656567 0.030539772727272707 0.04924242424242406
5 0.90234375 0.8775252525252524 0.024857954545454586 0.042929292929292866
6 0.9090909090909091 0.4191919191919193 0.01846590909090895 0.03535353535353537
15 0.71484375 0.5018939393939394 0.0234375 0.041666666666666664
20 0.6775568181818181 0.36426767676767674 0.019886363636363757 0.036616161616161574
21 0.053977272727272735 0.45075757575757586 0.021306818181818177 0.03787878787878782
9 0.71484375 0.7960858585858587 0.022017045454545414 0.03914141414141407
10 0.10404829545454544 0.19128787878787887 0.019176136363636354 0.03914141414141417