0 0.08183913934426226 0.12830145719489983 0.028816598360655726 0.03756830601092895
1 0.49391649590163933 0.029826958105646617 0.03073770491803285 0.04553734061930784
2 0.9165599385245902 0.12317850637522769 0.02817622950819687 0.04553734061930781
3 0.0946465163934426 0.8523451730418945 0.028816598360655726 0.03529143897996355
4 0.49263575819672134 0.9525273224043718 0.029456967213114693 0.051229508196721146
5 0.9024718237704917 0.8734061930783243 0.023053278688524692 0.05236794171220419
6 0.15035860655737704 0.3406193078324226 0.021132172131147542 0.03187613843351548
7 0.12666495901639344 0.3468806921675774 0.01600922131147542 0.03529143897996355
8 0.809298155737705 0.4800774134790528 0.018570696721311508 0.039845173041894374
9 0.7856045081967213 0.7641165755919856 0.021132172131147486 0.03870673952641172
10 0.8294697745901639 0.367372495446266 0.020491803278688492 0.039845173041894374
12 0.7814421106557378 0.4658469945355191 0.021772540983606703 0.04326047358834235
13 0.46189805327868855 0.47893897996357016 0.021772540983606592 0.03756830601092906
14 0.8896644467213115 0.846653005464481 0.016649590163934302 0.03529143897996355
15 0.3421490778688525 0.09699453551912567 0.021772540983606592 0.03870673952641167
16 0.7606301229508197 0.44706284153005466 0.018570696721311508 0.03756830601092891
17 0.8032146516393444 0.7197176684881604 0.020491803278688492 0.03642987249544641
18 0.7996926229508197 0.6593806921675776 0.022412909836065475 0.03642987249544621
19 0.17437243852459014 0.6183970856102002 0.02305327868852458 0.03870673952641172
20 0.422515368852459 0.13683970856102004 0.021132172131147597 0.03870673952641167
21 0.8272284836065573 0.28825136612021857 0.018570696721311508 0.04781420765027317