0 0.05433203125 0.10669444444444443 0.02059765625 0.04166666666666666
1 0.47975781250000005 0.013888888888888888 0.03337890624999995 0.027777777777777776
2 0.9172578124999999 0.1016388888888889 0.0234375 0.05177083333333332
3 0.0656953125 0.8636388888888891 0.0234375 0.05050694444444442
4 0.4772734375 0.9665416666666666 0.03125 0.05429166666666655
5 0.9048281250000001 0.8813124999999999 0.024148437500000064 0.04293055555555557
6 0.14808203125 0.46717361111111116 0.022015624999999983 0.040402777777777864
7 0.50887890625 0.04103472222222223 0.0234375 0.03409027777777779
14 0.6335234375000001 0.21149305555555556 0.022726562499999936 0.03913888888888891
16 0.48011328124999997 0.03850694444444444 0.022726562500000047 0.03661805555555555
18 0.73082421875 0.5233611111111112 0.022726562499999936 0.041666666666666664
20 0.6491484375000001 0.4539166666666667 0.022726562499999936 0.04671527777777781
21 0.77130859375 0.862375 0.021308593749999938 0.04293055555555547
9 0.30966015625000004 0.5915416666666667 0.02556640624999995 0.044194444444444474
11 0.8416210937500002 0.42108333333333337 0.022726562499999936 0.03661805555555553
13 0.51065234375 0.0827013888888889 0.02414843750000001 0.041666666666666664