0 0.07959784836065571 0.12773224043715847 0.024334016393442626 0.036429872495446255
1 0.4919953893442623 0.027550091074681222 0.02817622950819676 0.038706739526411654
2 0.9165599385245902 0.12431693989071037 0.019211065573770503 0.04326047358834243
3 0.08984374999999997 0.8540528233151186 0.026895491803278687 0.03415300546448089
4 0.49071465163934425 0.9559426229508199 0.030737704918032793 0.046675774134790515
5 0.8979892418032787 0.872836976320583 0.02177254098360648 0.035291438979963646
6 0.20927254098360654 0.8210382513661203 0.02497438524590162 0.02959927140255007
17 0.2579405737704918 0.6986566484517304 0.021132172131147597 0.03529143897996375
16 0.35047387295081966 0.4931693989071039 0.021772540983606592 0.03642987249544621
18 0.6812243852459017 0.6827185792349727 0.021132172131147486 0.04212204007285969
21 0.8108990778688526 0.31272768670309653 0.019211065573770503 0.039845173041894374