0 0.05206198770491802 0.10780965391621128 0.023053278688524588 0.05806010928961748
1 0.4775870901639344 0.012181238615664829 0.04418545081967218 0.023907103825136618
2 0.9181608606557377 0.10268670309653914 0.023693647540983687 0.059198542805100146
3 0.061987704918032765 0.8699908925318761 0.023693647540983603 0.04781420765027317
4 0.47790727459016386 0.9707422586520948 0.03329918032786883 0.055783242258652166
5 0.9002305327868854 0.8808060109289618 0.023693647540983687 0.0603369763205828
6 0.6476050204918034 0.84209927140255 0.02177254098360648 0.037568306010928865
7 0.5752433401639344 0.11179417122040072 0.02433401639344268 0.04098360655737703
14 0.09528688524590162 0.8227459016393444 0.01857069672131148 0.028460837887067412
15 0.1263447745901639 0.12773224043715847 0.020491803278688547 0.034153005464480884
16 0.7980917008196722 0.4106329690346084 0.019211065573770503 0.039845173041894374
17 0.5544313524590164 0.20116120218579236 0.024974385245901676 0.04212204007285972
19 0.24065061475409832 0.08105646630236793 0.021132172131147514 0.03415300546448087
20 0.4529328893442623 0.07821038251366119 0.02305327868852458 0.039845173041894354
8 0.7180455942622951 0.5056921675774135 0.02177254098360648 0.04326047358834235
9 0.10361168032786883 0.5347222222222222 0.019851434426229497 0.03529143897996355
11 0.0751152663934426 0.8529143897996359 0.01664959016393444 0.027322404371584754
12 0.286436987704918 0.36452641165755917 0.02561475409836067 0.036429872495446304
13 0.5115266393442622 0.10211748633879782 0.021132172131147486 0.04212204007285974