0 0.08055840163934425 0.12830145719489983 0.028816598360655754 0.048952641165755914
1 0.4958376024590164 0.029826958105646617 0.03073770491803285 0.04553734061930784
2 0.9197617827868854 0.11976320582877958 0.02561475409836067 0.04326047358834243
3 0.09336577868852457 0.8534836065573771 0.024974385245901648 0.039845173041894374
4 0.49359631147540983 0.9519581056466304 0.02625512295081961 0.04098360655737684
5 0.9005507172131146 0.8751138433515483 0.02817622950819665 0.03756830601092896
6 0.3661629098360656 0.8227459016393444 0.026255122950819665 0.037568306010928865
7 0.7523053278688525 0.483492714025501 0.018570696721311508 0.03756830601092906
8 0.423155737704918 0.18408469945355188 0.026255122950819665 0.04212204007285969
9 0.5483478483606558 0.10211748633879782 0.02177254098360648 0.03756830601092896
10 0.768954918032787 0.5142304189435337 0.021132172131147486 0.037568306010928865
11 0.7968109631147541 0.1527777777777778 0.01793032786885229 0.036429872495446304
12 0.14683657786885243 0.5643214936247722 0.021772540983606536 0.042122040072859884
14 0.7170850409836066 0.5557832422586522 0.022412909836065698 0.04326047358834254
15 0.9043929303278688 0.28768214936247727 0.015368852459016313 0.03529143897996355
16 0.7039574795081966 0.4652777777777778 0.023053278688524692 0.039845173041894374
17 0.7388575819672131 0.44478597449908924 0.022412909836065475 0.04212204007285969
18 0.7020363729508197 0.5096766848816029 0.02177254098360648 0.039845173041894374
20 0.7279713114754099 0.5022768670309653 0.022412909836065475 0.03870673952641172
21 0.7462218237704917 0.5233378870673951 0.017930327868852514 0.03529143897996355