1 0.773193359375 0.4622395833333333 0.0146484375 0.051215277777777776
4 0.235595703125 0.4635416666666667 0.025390625 0.04861111111111111
7 0.297607421875 0.3754340277777778 0.0244140625 0.04774305555555555
15 0.37841796875 0.9422743055555556 0.02294921875 0.0390625
18 0.5390625 0.3229166666666667 0.025390625 0.043402777777777776
19 0.664306640625 0.4144965277777778 0.02490234375 0.042534722222222224
21 0.693603515625 0.9565972222222222 0.02392578125 0.042534722222222224
9 0.73291015625 0.9800347222222222 0.0244140625 0.03993055555555555
10 0.6162109375 0.2569444444444444 0.02490234375 0.043402777777777776
12 0.5654296875 0.5568576388888888 0.0244140625 0.044270833333333336
13 0.519287109375 0.6163194444444444 0.0244140625 0.046875