0 0.051421618852458995 0.10894808743169396 0.02049180327868852 0.05350637522768669
1 0.47662653688524587 0.012181238615664829 0.042264344262295084 0.023907103825136618
2 0.9188012295081969 0.10154826958105644 0.023693647540983687 0.056921675774134775
3 0.0632684426229508 0.8677140255009108 0.02241290983606558 0.05464480874316951
4 0.47790727459016397 0.9701730418943535 0.03073770491803285 0.056921675774134824
5 0.9024718237704917 0.8813752276867031 0.02689549180327888 0.056921675774134727
6 0.8819800204918032 0.71117941712204 0.016649590163934525 0.039845173041894374
7 0.42827868852459017 0.4288479052823316 0.023693647540983576 0.046675774134790564
14 0.8614882172131146 0.6081511839708561 0.01793032786885229 0.03642987249544621
15 0.8922259221311475 0.4521857923497267 0.016649590163934525 0.036429872495446255
16 0.3091700819672131 0.11976320582877958 0.022412909836065587 0.04326047358834243
17 0.442686987704918 0.13342440801457195 0.02433401639344257 0.03870673952641167
18 0.7257300204918034 0.20685336976320587 0.020491803278688492 0.0443989071038251
20 0.5076844262295082 0.8967440801457196 0.021132172131147486 0.03529143897996355
21 0.5714011270491802 0.768101092896175 0.02433401639344268 0.037568306010928865
10 0.6344774590163935 0.09813296903460836 0.022412909836065475 0.04098360655737706
11 0.8057761270491803 0.7857468123861567 0.020491803278688492 0.03415300546448089
12 0.6962730532786886 0.5722905282331512 0.021772540983606703 0.0443989071038252
13 0.13466956967213115 0.704348816029144 0.020491803278688506 0.03756830601092926