0 0.08183913934426226 0.12488615664845172 0.021132172131147542 0.04439890710382514
1 0.49359631147540983 0.026980874316939876 0.02625512295081961 0.04212204007285974
2 0.9165599385245902 0.12260928961748634 0.019211065573770503 0.04212204007285974
3 0.091124487704918 0.8517759562841533 0.02049180327868852 0.03870673952641172
4 0.4919953893442623 0.956511839708561 0.02817622950819676 0.04326047358834254
5 0.9015112704918032 0.8722677595628416 0.023693647540983687 0.04098360655737713
14 0.6453637295081966 0.8580373406193078 0.019851434426229497 0.03529143897996355
16 0.6229508196721312 0.8386839708561021 0.02113217213114771 0.03756830601092906
18 0.732453893442623 0.6132741347905283 0.021132172131147486 0.04212204007285969
7 0.8794185450819673 0.3212659380692167 0.016649590163934302 0.04098360655737703
6 0.8800589139344261 0.3668032786885246 0.01793032786885229 0.03870673952641162
15 0.906954405737705 0.2569444444444444 0.016649590163934302 0.033014571948998137
11 0.7980917008196722 0.15163934426229508 0.019211065573770503 0.036429872495446304
9 0.5477074795081966 0.10211748633879782 0.023053278688524692 0.04212204007285974
8 0.4612576844262295 0.07422586520947176 0.021772540983606592 0.036429872495446255
12 0.11481813524590162 0.14651639344262293 0.019211065573770503 0.030737704918032824
20 0.285796618852459 0.6804417122040074 0.02305327868852458 0.033014571948998234
21 0.6927510245901639 0.7362249544626596 0.021132172131147486 0.04212204007285969
17 0.8534836065573771 0.32183515482695807 0.019851434426229497 0.039845173041894374