0 0.053662909836065545 0.11008652094717666 0.02241290983606558 0.046675774134790515
1 0.47982838114754095 0.013888888888888874 0.02561475409836056 0.02276867030965392
2 0.9175204918032787 0.10667122040072859 0.021132172131147486 0.03529143897996356
3 0.06615010245901635 0.8654371584699454 0.025614754098360663 0.03642987249544621
4 0.47982838114754095 0.972449908925319 0.02561475409836056 0.04098360655737723
5 0.9024718237704917 0.8819444444444444 0.02433401639344246 0.030737704918032627
6 0.5742827868852459 0.7584244080145722 0.024974385245901676 0.04098360655737703
7 0.3072489754098361 0.6161202185792349 0.024974385245901676 0.04326047358834235
14 0.24129098360655737 0.6707650273224045 0.023693647540983576 0.04098360655737703
15 0.655609631147541 0.12204007285974498 0.023693647540983687 0.04553734061930781
17 0.4843109631147542 0.21994535519125682 0.02433401639344257 0.043260473588342396
19 0.07415471311475406 0.13342440801457195 0.01600922131147542 0.03415300546448089
8 0.8278688524590164 0.10724043715846993 0.021132172131147486 0.034153005464480884
9 0.8028944672131146 0.8660063752276869 0.019851434426229497 0.039845173041894374
13 0.5355404713114753 0.4874772313296903 0.023053278688524692 0.04553734061930786