0 0.08154296875 0.12239583333333333 0.0205078125 0.035590277777777776
1 0.494140625 0.026475694444444444 0.02490234375 0.0390625
2 0.919189453125 0.12369791666666667 0.0205078125 0.03993055555555555
3 0.090576171875 0.8524305555555556 0.0205078125 0.03732638888888889
4 0.490478515625 0.9552951388888888 0.02880859375 0.04774305555555555
5 0.90185546875 0.875 0.02294921875 0.044270833333333336
6 0.169189453125 0.3376736111111111 0.01904296875 0.030381944444444444
7 0.4970703125 0.5078125 0.02294921875 0.04079861111111111
12 0.244873046875 0.1254340277777778 0.01904296875 0.036458333333333336
18 0.129638671875 0.2955729166666667 0.01806640625 0.03298611111111111
17 0.248046875 0.2109375 0.01904296875 0.036458333333333336
20 0.66943359375 0.4431423611111111 0.0205078125 0.036458333333333336
15 0.811279296875 0.7573784722222222 0.02001953125 0.036458333333333336
13 0.775146484375 0.6566840277777778 0.01904296875 0.042534722222222224
19 0.747802734375 0.5763888888888888 0.02001953125 0.036458333333333336
14 0.72216796875 0.5928819444444444 0.02099609375 0.03732638888888889
11 0.892822265625 0.14149305555555555 0.0166015625 0.033854166666666664
21 0.553466796875 0.69140625 0.02294921875 0.0390625
16 0.58056640625 0.6171875 0.02099609375 0.0390625
10 0.5537109375 0.7673611111111112 0.0224609375 0.0390625
8 0.71484375 0.5316840277777778 0.0205078125 0.04079861111111111