0 0.08215932377049179 0.12374772313296901 0.02305327868852458 0.03756830601092895
1 0.49295594262295084 0.032673041894353355 0.030097336065573688 0.04439890710382513
2 0.9197617827868853 0.12204007285974498 0.02433401639344268 0.05009107468123862
3 0.09336577868852457 0.8534836065573771 0.028816598360655726 0.039845173041894374
4 0.49263575819672134 0.9570810564663024 0.025614754098360615 0.04895264116575583
5 0.901191086065574 0.8756830601092899 0.02561475409836067 0.04553734061930776
6 0.8947873975409837 0.24669854280510017 0.016649590163934302 0.03756830601092906
7 0.637359118852459 0.5455373406193078 0.02177254098360648 0.04098360655737703
8 0.695952868852459 0.5569216757741349 0.02113217213114771 0.03642987249544621
9 0.2889984631147541 0.12374772313296901 0.021772540983606592 0.03756830601092895
10 0.7090804303278689 0.6417349726775956 0.020491803278688492 0.042122040072859884
11 0.715484118852459 0.5227686703096539 0.02305327868852447 0.03870673952641172
12 0.65625 0.5808287795992714 0.022412909836065698 0.04326047358834254
14 0.1138575819672131 0.6878415300546448 0.017289959016393464 0.02959927140255007
15 0.5685194672131147 0.7629781420765028 0.023693647540983687 0.04098360655737703
17 0.7564677254098361 0.7037795992714027 0.020491803278688492 0.03870673952641192
18 0.7862448770491803 0.7123178506375227 0.018570696721311286 0.03756830601092906
19 0.32870133196721313 0.3878642987249544 0.02561475409836067 0.039845173041894374
20 0.6754610655737705 0.49373861566484517 0.019851434426229497 0.039845173041894374
21 0.8586065573770493 0.7373633879781422 0.01600922131147553 0.03529143897996355