0 0.0537109375 0.11024305555555555 0.0224609375 0.046875
1 0.479736328125 0.013888888888888888 0.025390625 0.022569444444444444
2 0.91748046875 0.10677083333333333 0.02099609375 0.035590277777777776
3 0.066162109375 0.8654513888888888 0.025390625 0.036458333333333336
4 0.479736328125 0.97265625 0.025390625 0.04079861111111111
5 0.902587890625 0.8819444444444444 0.0244140625 0.030381944444444444
6 0.57421875 0.7582465277777778 0.02490234375 0.04079861111111111
7 0.30712890625 0.6163194444444444 0.02490234375 0.043402777777777776
14 0.2412109375 0.6705729166666666 0.02392578125 0.04079861111111111
15 0.655517578125 0.12196180555555555 0.02392578125 0.04513888888888889
17 0.484375 0.22005208333333334 0.0244140625 0.043402777777777776
19 0.07421875 0.1332465277777778 0.01611328125 0.033854166666666664
8 0.827880859375 0.1072048611111111 0.02099609375 0.033854166666666664
9 0.802978515625 0.8658854166666666 0.02001953125 0.03993055555555555
13 0.53564453125 0.4874131944444444 0.02294921875 0.04513888888888889