0 0.05362215909090909 0.10795454545454554 0.022017045454545442 0.03914141414141413
1 0.4811789772727272 0.016414141414141485 0.029119318181818232 0.0303030303030303
2 0.9172585227272727 0.1035353535353536 0.02059659090909083 0.04292929292929294
3 0.0674715909090909 0.8642676767676768 0.021306818181818177 0.03914141414141427
4 0.47869318181818177 0.9696969696969698 0.024147727272727293 0.04292929292929296
5 0.9009232954545454 0.875 0.0234375 0.03787878787878777
6 0.6271306818181817 0.36489898989898994 0.024147727272727293 0.042929292929292866
7 0.8309659090909091 0.518939393939394 0.019886363636363757 0.03787878787878777
14 0.71875 0.5877525252525252 0.022727272727272707 0.03914141414141407
15 0.2950994318181818 0.7512626262626264 0.024857954545454586 0.040404040404040366
16 0.09588068181818182 0.14141414141414146 0.018465909090909116 0.03535353535353537
17 0.9073153409090907 0.5650252525252526 0.01775568181818188 0.03661616161616167
18 0.8973721590909091 0.5195707070707072 0.01775568181818188 0.03914141414141407
19 0.21484375 0.6231060606060607 0.02201704545454547 0.03914141414141407
21 0.20951704545454541 0.7695707070707071 0.019886363636363646 0.03409090909090927
8 0.6040482954545454 0.21148989898989906 0.024857954545454586 0.039141414141414116
9 0.8622159090909091 0.6098484848484849 0.01846590909090895 0.03787878787878797
10 0.6665482954545454 0.5782828282828283 0.022017045454545414 0.04545454545454556
11 0.8654119318181817 0.2777777777777779 0.02059659090909083 0.03787878787878787
12 0.7251420454545454 0.32954545454545464 0.022727272727272707 0.04292929292929296
13 0.3806818181818182 0.8642676767676768 0.024147727272727293 0.03914141414141427