0 0.0555840163934426 0.11122495446265937 0.02241290983606556 0.044398907103825117
1 0.481109118852459 0.016165755919854266 0.02561475409836067 0.022768670309653922
2 0.9175204918032787 0.11008652094717666 0.026255122950819665 0.039845173041894326
3 0.0674308401639344 0.8625910746812386 0.023053278688524602 0.033014571948998234
4 0.479188012295082 0.9713114754098362 0.02433401639344257 0.04326047358834254
5 0.9011910860655737 0.8819444444444444 0.02689549180327866 0.037568306010928865
6 0.887423155737705 0.8392531876138435 0.018570696721311508 0.03642987249544621
7 0.5313780737704918 0.882513661202186 0.023693647540983687 0.040983606557376935
14 0.8608478483606558 0.7510245901639346 0.017930327868852514 0.037568306010928865
15 0.266265368852459 0.39298724954462666 0.023693647540983576 0.043260473588342445
16 0.6034195696721312 0.2580828779599271 0.02561475409836067 0.04212204007285969
17 0.31813524590163933 0.16188524590163936 0.023693647540983576 0.04098360655737708
18 0.7228483606557378 0.8887750455373408 0.022412909836065475 0.03984517304189447
19 0.4606173155737705 0.9138205828779602 0.02433401639344268 0.037568306010928865
20 0.750704405737705 0.6297814207650273 0.020491803278688492 0.04326047358834254
21 0.4667008196721312 0.8677140255009107 0.022412909836065587 0.04326047358834235
8 0.4756659836065573 0.36566484517304193 0.023693647540983576 0.04553734061930776
9 0.8134605532786886 0.355988160291439 0.02305327868852447 0.039845173041894374
10 0.7945696721311476 0.1579007285974499 0.02113217213114771 0.04212204007285974
11 0.08856301229508194 0.31272768670309653 0.019211065573770475 0.03529143897996355
12 0.8794185450819673 0.7521630236794172 0.014088114754098324 0.03984517304189418
13 0.1846183401639344 0.5569216757741349 0.021772540983606592 0.04098360655737703