0 0.05517578125 0.11414930555555555 0.02197265625 0.036458333333333336
1 0.480712890625 0.013454861111111112 0.02880859375 0.024305555555555556
2 0.917236328125 0.10590277777777778 0.0244140625 0.036458333333333336
3 0.06640625 0.8667534722222222 0.0224609375 0.033854166666666664
4 0.478515625 0.9739583333333334 0.02685546875 0.050347222222222224
5 0.90283203125 0.8815104166666666 0.02392578125 0.033854166666666664
6 0.669921875 0.1306423611111111 0.02294921875 0.042534722222222224
7 0.7158203125 0.5143229166666666 0.02392578125 0.042534722222222224
15 0.11572265625 0.5334201388888888 0.0185546875 0.03993055555555555
18 0.3193359375 0.4401041666666667 0.0263671875 0.03993055555555555
8 0.426025390625 0.2152777777777778 0.0244140625 0.043402777777777776
9 0.155517578125 0.8194444444444444 0.02001953125 0.03732638888888889
10 0.156982421875 0.6085069444444444 0.0205078125 0.03732638888888889
12 0.391357421875 0.1467013888888889 0.02294921875 0.044270833333333336
13 0.204833984375 0.6345486111111112 0.02099609375 0.04079861111111111