0 0.08023821721311473 0.12773224043715847 0.02561475409836067 0.038706739526411654
1 0.4951972336065573 0.028688524590163918 0.028176229508196704 0.038706739526411654
2 0.9178406762295082 0.1305783242258652 0.020491803278688492 0.04439890710382514
3 0.09240522540983603 0.8551912568306013 0.024334016393442626 0.03642987249544621
4 0.4942366803278688 0.9576502732240437 0.024974385245901676 0.03642987249544621
5 0.9015112704918032 0.8808060109289619 0.024974385245901676 0.037568306010928865
6 0.29252049180327866 0.8290072859744991 0.022412909836065587 0.03415300546448089
7 0.33734631147540983 0.603028233151184 0.023693647540983687 0.037568306010928865
14 0.45389344262295084 0.26548269581056466 0.021132172131147597 0.04098360655737703
15 0.16188524590163933 0.7100409836065574 0.019851434426229497 0.03529143897996375
16 0.3936987704918033 0.40949453551912574 0.023693647540983576 0.03756830601092906
17 0.4951972336065573 0.06739526411657558 0.024334016393442626 0.03870673952641167
18 0.6309554303278689 0.6183970856102003 0.020491803278688492 0.04098360655737703
21 0.8214651639344261 0.6559653916211293 0.019851434426229497 0.03642987249544621