0 0.08141850490196074 0.12418300653594769 0.022212009803921573 0.03812636165577342
1 0.49502144607843124 0.03022875816993463 0.026807598039215674 0.03812636165577343
2 0.9170496323529411 0.12486383442265796 0.020680147058823595 0.04221132897603484
3 0.09252450980392155 0.8540305010893248 0.021446078431372556 0.04357298474945538
4 0.4908088235294117 0.9527505446623095 0.029105392156862697 0.0503812636165577
5 0.9024969362745097 0.8758169934640523 0.02680759803921573 0.04084967320261443
15 0.6102941176470589 0.10511982570806098 0.019914215686274606 0.038126361655773405
17 0.6635263480392157 0.5966775599128541 0.023743872549019773 0.04357298474945518
14 0.5398284313725491 0.5503812636165577 0.02604166666666674 0.04629629629629623
7 0.9051776960784313 0.7267156862745099 0.016850490196078427 0.03676470588235306
6 0.6616115196078431 0.8431372549019608 0.022977941176470562 0.04084967320261433
21 0.6880361519607843 0.3883442265795207 0.023743872549019773 0.04357298474945538
20 0.6681219362745098 0.136437908496732 0.020680147058823595 0.04084967320261438
18 0.4199601715686274 0.3842592592592593 0.02527573529411753 0.04357298474945538
8 0.09405637254901958 0.3297930283224402 0.019914215686274522 0.038126361655773384