1 0.228271484375 0.5360243055555556 0.0146484375 0.04513888888888889
4 0.7666015625 0.5386284722222222 0.02490234375 0.044270833333333336
7 0.2861328125 0.4483506944444444 0.0244140625 0.04513888888888889
17 0.268310546875 0.004774305555555556 0.02392578125 0.009548611111111112
19 0.334716796875 0.2790798611111111 0.0244140625 0.03993055555555555
20 0.48046875 0.6462673611111112 0.02490234375 0.04513888888888889
21 0.306884765625 0.04296875 0.0224609375 0.0390625
9 0.267333984375 0.03819444444444445 0.02392578125 0.036458333333333336
10 0.37646484375 0.6697048611111112 0.025390625 0.046875
11 0.396240234375 0.004340277777777778 0.02490234375 0.008680555555555556
13 0.437255859375 0.3337673611111111 0.025390625 0.044270833333333336