0 0.0537109375 0.11241319444444445 0.0224609375 0.046875
1 0.480224609375 0.013888888888888888 0.02734375 0.022569444444444444
2 0.918701171875 0.1076388888888889 0.02392578125 0.03993055555555555
3 0.06591796875 0.8641493055555556 0.0224609375 0.0390625
4 0.47900390625 0.9735243055555556 0.02783203125 0.052083333333333336
5 0.90185546875 0.8841145833333334 0.0244140625 0.03732638888888889
7 0.880126953125 0.5203993055555556 0.01806640625 0.0390625
14 0.527587890625 0.7209201388888888 0.02392578125 0.04079861111111111
15 0.06396484375 0.2994791666666667 0.0185546875 0.03211805555555555
16 0.9150390625 0.4192708333333333 0.01611328125 0.036458333333333336
18 0.347900390625 0.21614583333333334 0.0244140625 0.044270833333333336
19 0.892822265625 0.4088541666666667 0.01806640625 0.04079861111111111
21 0.808349609375 0.6901041666666666 0.02294921875 0.04079861111111111
9 0.817626953125 0.09678819444444445 0.0185546875 0.0390625
10 0.334228515625 0.4192708333333333 0.02392578125 0.04774305555555555
11 0.900634765625 0.2087673611111111 0.01806640625 0.036458333333333336