0 0.05419921875 0.11197916666666667 0.02392578125 0.03211805555555555
1 0.481201171875 0.015190972222222222 0.0283203125 0.025173611111111112
2 0.918701171875 0.10503472222222222 0.02490234375 0.04079861111111111
3 0.06396484375 0.8715277777777778 0.02392578125 0.03732638888888889
4 0.478759765625 0.97265625 0.02392578125 0.04774305555555555
5 0.901611328125 0.8819444444444444 0.02490234375 0.03732638888888889
6 0.566162109375 0.4375 0.025390625 0.043402777777777776
7 0.5234375 0.07769097222222222 0.0244140625 0.04513888888888889
14 0.09521484375 0.8233506944444444 0.01708984375 0.033854166666666664
15 0.302490234375 0.4357638888888889 0.0244140625 0.042534722222222224
16 0.526611328125 0.20442708333333334 0.0244140625 0.044270833333333336
17 0.4169921875 0.11284722222222222 0.02294921875 0.04079861111111111
19 0.68310546875 0.5499131944444444 0.0224609375 0.04513888888888889
20 0.207763671875 0.24609375 0.0205078125 0.0390625
21 0.3291015625 0.7443576388888888 0.02490234375 0.042534722222222224
8 0.367431640625 0.6592881944444444 0.02490234375 0.04079861111111111
9 0.1044921875 0.5347222222222222 0.02197265625 0.044270833333333336
13 0.139404296875 0.13975694444444445 0.02001953125 0.035590277777777776