0 0.08023821721311473 0.1271630236794171 0.024334016393442626 0.030737704918032776
1 0.49263575819672134 0.025842440801457176 0.028176229508196704 0.03529143897996356
2 0.9168801229508198 0.12317850637522769 0.019851434426229497 0.04098360655737703
3 0.091124487704918 0.8529143897996359 0.026895491803278687 0.03642987249544621
4 0.49135502049180335 0.9576502732240437 0.024334016393442737 0.04553734061930786
5 0.8989497950819673 0.8756830601092899 0.01985143442622972 0.04781420765027327
6 0.305968237704918 0.48918488160291435 0.022412909836065587 0.039845173041894374
7 0.8221055327868853 0.5147996357012751 0.018570696721311508 0.03870673952641152
8 0.32229764344262296 0.14025500910746813 0.02305327868852458 0.036429872495446255
9 0.29188012295081966 0.8739754098360657 0.019851434426229497 0.030737704918032724
10 0.7820824795081968 0.6645036429872495 0.020491803278688492 0.039845173041894374
11 0.0831198770491803 0.4726775956284153 0.01857069672131148 0.02959927140255007
12 0.8336321721311475 0.3372040072859745 0.019851434426229497 0.036429872495446304
14 0.6735399590163935 0.14822404371584696 0.021132172131147486 0.03415300546448089
16 0.7775998975409837 0.5307377049180328 0.019211065573770503 0.04326047358834235
18 0.7407786885245902 0.5728597449908925 0.023693647540983687 0.04098360655737703
19 0.23424692622950816 0.11008652094717669 0.021132172131147542 0.030737704918032776
20 0.4074667008196722 0.8090846994535519 0.02433401639344257 0.03984517304189418
21 0.442686987704918 0.7789162112932606 0.02561475409836067 0.03870673952641172
15 0.8498046875 0.5208333333333334 0.01914062499999991 0.03888888888888885