0 0.08408043032786883 0.12374772313296901 0.02945696721311475 0.03756830601092895
1 0.4958376024590164 0.02527322404371583 0.03329918032786883 0.03415300546448087
2 0.9159195696721313 0.12545537340619306 0.023053278688524692 0.04098360655737703
3 0.09208504098360654 0.8540528233151186 0.026255122950819665 0.04098360655737703
4 0.4942366803278689 0.9553734061930784 0.028816598360655754 0.04098360655737723
5 0.8976690573770493 0.8699908925318763 0.03265881147540983 0.0523679417122039
6 0.8570056352459017 0.35029599271402545 0.02177254098360648 0.03756830601092896
7 0.17885502049180327 0.5529371584699454 0.02305327868852458 0.046675774134790515
12 0.14555584016393439 0.6548269581056466 0.020491803278688492 0.03870673952641172
14 0.8374743852459017 0.8261612021857926 0.019851434426229497 0.037568306010928865
15 0.8515625 0.5705828779599271 0.021132172131147486 0.04553734061930786
17 0.46958247950819665 0.692964480874317 0.02561475409836056 0.0443989071038252
20 0.8358734631147542 0.14651639344262296 0.020491803278688492 0.039845173041894326