0 0.05701462765957448 0.11066784869976365 0.022440159574468065 0.031028368794326282
1 0.476313164893617 0.016105200945626532 0.029920212765957466 0.02807328605200945
2 0.9163896276595745 0.0995862884160757 0.02077792553191493 0.04432624113475176
3 0.06740359042553193 0.8642139479905439 0.018284574468085096 0.04580378250591011
4 0.47922207446808507 0.9705969267139481 0.027426861702127603 0.054669030732860335
5 0.9026761968085106 0.8775118203309695 0.024933510638297962 0.04875886524822695
6 0.07405252659574468 0.8221040189125297 0.019946808510638292 0.02659574468085108
7 0.23570478723404253 0.6189420803782507 0.020777925531914876 0.03693853427895988
14 0.9035073138297872 0.26285460992907805 0.019946808510638236 0.03989361702127662
17 0.688248005319149 0.22517730496453905 0.023271276595744794 0.04137115839243499
19 0.5735538563829786 0.8812056737588655 0.023271276595744794 0.04432624113475173
20 0.3915392287234043 0.3352541371158393 0.023271276595744683 0.042848699763593366
8 0.22240691489361702 0.58274231678487 0.020777925531914876 0.03841607565011825
9 0.19331781914893617 0.5517139479905437 0.022440159574468044 0.04137115839243499
10 0.608876329787234 0.17937352245862886 0.024102393617021267 0.04728132387706858
18 0.10605053191489365 0.7895981087470452 0.020777925531914904 0.032505910165484764
12 0.06158577127659576 0.24955673758865254 0.0199468085106383 0.042848699763593366
13 0.1725398936170213 0.36037234042553196 0.0224401595744681 0.042848699763593366