0 0.055042613636363646 0.10732323232323236 0.023437500000000007 0.0505050505050505
1 0.4772727272727272 0.016414141414141485 0.03693181818181823 0.0303030303030303
2 0.9183238636363635 0.10290404040404046 0.022727272727272707 0.041666666666666644
3 0.06960227272727273 0.8661616161616162 0.021306818181818177 0.040404040404040366
4 0.4783380681818182 0.9696969696969698 0.027698863636363535 0.05050505050505036
5 0.90234375 0.8787878787878789 0.024857954545454586 0.040404040404040366
6 0.46910511363636354 0.23484848484848492 0.02627840909090906 0.04545454545454546
15 0.8267045454545454 0.3270202020202021 0.022727272727272707 0.04545454545454546
16 0.10191761363636363 0.7127525252525254 0.019176136363636354 0.03661616161616167
17 0.4772727272727272 0.6382575757575757 0.025568181818181768 0.04419191919191926
18 0.9147727272727272 0.23989898989898994 0.015625 0.03535353535353537
21 0.8444602272727272 0.735479797979798 0.019886363636363757 0.03914141414141407
8 0.10014204545454547 0.8131313131313133 0.01846590909090909 0.03535353535353517
9 0.14488636363636362 0.778409090909091 0.019886363636363646 0.03409090909090927
10 0.8250584112149533 0.3932372793354102 0.019713785046728827 0.03764278296988582
12 0.8870442708333335 0.4155092592592593 0.017578125 0.03703703703703701
13 0.8115234375 0.24479166666666666 0.02018229166666652 0.03819444444444445