0 0.05362215909090909 0.10921717171717178 0.0234375 0.0441919191919192
1 0.47762784090909083 0.013257575757575833 0.02911931818181812 0.026515151515151516
2 0.9186789772727272 0.10416666666666671 0.022017045454545414 0.0467171717171717
3 0.06605113636363635 0.8648989898989901 0.021306818181818177 0.040404040404040366
4 0.47798295454545453 0.9684343434343435 0.02556818181818188 0.04545454545454556
5 0.9019886363636364 0.879419191919192 0.02556818181818188 0.04419191919191926
6 0.4264914772727272 0.1742424242424243 0.024857954545454586 0.04292929292929296
15 0.7468039772727272 0.7733585858585859 0.019176136363636243 0.03661616161616167
18 0.7741477272727272 0.6685606060606061 0.02130681818181812 0.041666666666666664
21 0.7375710227272727 0.6079545454545455 0.0234375 0.03914141414141407
8 0.4129971590909091 0.2443181818181819 0.02627840909090906 0.044191919191919164
9 0.5255681818181818 0.1502525252525253 0.024147727272727293 0.040404040404040414
11 0.729779411764706 0.19761029411764708 0.02182904411764719 0.04187091503267975
12 0.3466352982954546 0.5062342171717172 0.024857954545454586 0.043402777777777776
13 0.8233753551136366 0.1708491161616162 0.01864346590909105 0.03866792929292931