0 0.08055840163934423 0.12317850637522769 0.022412909836065587 0.04098360655737703
1 0.4948770491803278 0.028688524590163918 0.03137807377049179 0.04553734061930784
2 0.9194415983606558 0.12317850637522769 0.022412909836065698 0.04781420765027322
3 0.09080430327868849 0.8517759562841533 0.019851434426229497 0.04326047358834235
4 0.4900742827868852 0.957650273224044 0.02817622950819676 0.0523679417122038
5 0.9018314549180328 0.8745446265938069 0.02305327868852447 0.043260473588342445
6 0.9024718237704917 0.6007513661202186 0.01793032786885229 0.037568306010928865
7 0.37256659836065575 0.5 0.023693647540983687 0.03870673952641172
14 0.6040599385245902 0.694672131147541 0.02177254098360648 0.04098360655737723
15 0.8115394467213115 0.7567167577413482 0.01921106557377028 0.03529143897996355
16 0.5806864754098361 0.6161202185792349 0.023693647540983687 0.04098360655737703
17 0.24929559426229508 0.21140710382513658 0.021772540983606592 0.03756830601092896
18 0.2095927254098361 0.17611566484517305 0.019211065573770503 0.03756830601092896
19 0.8224257172131146 0.49715391621129323 0.019211065573770503 0.042122040072859884
20 0.6700179303278688 0.4436475409836065 0.021772540983606703 0.039845173041894374
21 0.5541111680327869 0.6906876138433515 0.02305327868852447 0.039845173041894374
8 0.7151639344262295 0.5335837887067396 0.021132172131147486 0.039845173041894374
10 0.8262679303278688 0.8045309653916213 0.01793032786885229 0.03529143897996355
11 0.891905737704918 0.1413934426229508 0.018570696721311508 0.02959927140255007
12 0.7990522540983607 0.2410063752276867 0.019851434426229497 0.035291438979963646