0 0.08055840163934423 0.12545537340619306 0.021132172131147542 0.036429872495446255
1 0.4942366803278688 0.02527322404371583 0.03137807377049184 0.043260473588342445
2 0.9175204918032787 0.11976320582877958 0.01985143442622972 0.04326047358834243
3 0.08952356557377046 0.8512067395264116 0.023693647540983603 0.03529143897996355
4 0.4894339139344263 0.9553734061930784 0.02817622950819676 0.0523679417122038
5 0.9005507172131146 0.8734061930783243 0.02433401639344246 0.04098360655737684
6 0.33638575819672134 0.6053051001821493 0.020491803278688492 0.037568306010928865
14 0.8941470286885246 0.33378870673952643 0.01793032786885229 0.036429872495446304
19 0.889984631147541 0.2745901639344262 0.018570696721311508 0.03642987249544621
19 0.7321337090163935 0.7686703096539163 0.020491803278688492 0.03642987249544621
18 0.6559298155737705 0.5603369763205829 0.020491803278688492 0.03870673952641172
12 0.440125512295082 0.6679189435336977 0.02305327868852458 0.03756830601092906
13 0.5259349385245902 0.21766848816029144 0.023053278688524692 0.03870673952641162
9 0.3024462090163934 0.5637522768670311 0.02433401639344268 0.03870673952641172