0 0.055352393617021295 0.10992907801418444 0.025764627659574463 0.03546099290780144
1 0.47797539893617014 0.015366430260047331 0.03656914893617025 0.023640661938534275
2 0.9184674202127661 0.0995862884160757 0.021609042553191404 0.050236406619385346
3 0.06449468085106384 0.8605200945626479 0.02742686170212766 0.044326241134751934
4 0.4767287234042553 0.9683806146572105 0.032413563829787106 0.044326241134751934
5 0.9047539893617021 0.879728132387707 0.024102393617021267 0.04728132387706858
14 0.8698470744680851 0.4822695035460993 0.02077792553191493 0.04137115839243499
15 0.8295378989361701 0.8701241134751775 0.01828457446808507 0.036938534278959684
17 0.684659090909091 0.8456439393939394 0.023970170454545414 0.041035353535353515
18 0.6784446022727274 0.14804292929292934 0.022194602272727293 0.041035353535353515
19 0.8431285511363638 0.3469065656565657 0.02130681818181812 0.041035353535353515
21 0.36239346590909094 0.41556186868686873 0.023970170454545414 0.04261363636363639
10 0.060990767045454586 0.16303661616161622 0.019531249999999993 0.0331439393939394
12 0.08540482954545459 0.16145833333333337 0.018643465909090884 0.0331439393939394
13 0.6034268465909092 0.8093434343434345 0.026633522727272707 0.04419191919191907