0 0.0789574795081967 0.13000910746812386 0.02945696721311475 0.04326047358834243
1 0.49263575819672134 0.029826958105646617 0.028176229508196704 0.04553734061930784
2 0.9165599385245902 0.12374772313296901 0.02305327868852447 0.04212204007285974
3 0.09016393442622948 0.8546220400728598 0.03009733606557377 0.03529143897996355
4 0.48975409836065575 0.9587887067395263 0.03137807377049184 0.04326047358834254
5 0.8967085040983607 0.8716985428051003 0.020491803278688492 0.04212204007285969
6 0.45197233606557374 0.3326502732240437 0.022412909836065475 0.04098360655737703
7 0.46381915983606553 0.21140710382513658 0.020491803278688492 0.03756830601092896
14 0.8784579918032787 0.490323315118397 0.01728995901639352 0.039845173041894374
15 0.8224257172131149 0.5739981785063752 0.020491803278688492 0.04326047358834254
16 0.7455814549180328 0.5791211293260474 0.019211065573770503 0.033014571948998234
17 0.8249871926229508 0.4197404371584699 0.021772540983606703 0.03756830601092896
18 0.15452100409836064 0.44877049180327877 0.019211065573770503 0.03187613843351538
21 0.8448386270491803 0.5142304189435337 0.01793032786885229 0.04212204007285969