0 0.054443359375 0.11197916666666667 0.02587890625 0.042534722222222224
1 0.479248046875 0.019097222222222224 0.0322265625 0.027777777777777776
2 0.91552734375 0.10199652777777778 0.02734375 0.04861111111111111
3 0.068115234375 0.8641493055555556 0.021484375 0.04600694444444445
4 0.4775390625 0.9700520833333334 0.0322265625 0.046875
5 0.90234375 0.8806423611111112 0.02734375 0.04600694444444445
6 0.72265625 0.6922743055555556 0.0224609375 0.046875
7 0.16748046875 0.5460069444444444 0.02587890625 0.035590277777777776
1 0.769775390625 0.2183159722222222 0.02001953125 0.03732638888888889
15 0.2373046875 0.8849826388888888 0.02392578125 0.03993055555555555
16 0.54736328125 0.3997395833333333 0.02392578125 0.050347222222222224
17 0.764404296875 0.4874131944444444 0.02392578125 0.042534722222222224
19 0.056640625 0.4639756944444444 0.02001953125 0.033854166666666664
20 0.67529296875 0.3177083333333333 0.02587890625 0.042534722222222224
21 0.1455078125 0.2508680555555556 0.02001953125 0.03732638888888889
8 0.454345703125 0.7400173611111112 0.02734375 0.04600694444444445
9 0.598876953125 0.921875 0.02392578125 0.042534722222222224
10 0.645751953125 0.5412326388888888 0.02490234375 0.044270833333333336
11 0.81787109375 0.6202256944444444 0.021484375 0.042534722222222224
12 0.905517578125 0.2730034722222222 0.017578125 0.03993055555555555