0 0.080322265625 0.12890625 0.0244140625 0.04079861111111111
1 0.493896484375 0.030815972222222224 0.03466796875 0.050347222222222224
2 0.91552734375 0.11979166666666667 0.02099609375 0.04513888888888889
3 0.094970703125 0.8528645833333334 0.025390625 0.036458333333333336
4 0.49072265625 0.9548611111111112 0.029296875 0.046875
5 0.898193359375 0.8741319444444444 0.02099609375 0.042534722222222224
6 0.156494140625 0.6935763888888888 0.01904296875 0.03211805555555555
14 0.74755859375 0.6410590277777778 0.01806640625 0.04079861111111111
15 0.135009765625 0.32421875 0.02001953125 0.028645833333333332
16 0.507080078125 0.20572916666666666 0.02392578125 0.042534722222222224
17 0.26123046875 0.2803819444444444 0.02099609375 0.036458333333333336
18 0.3837890625 0.8528645833333334 0.025390625 0.03211805555555555
21 0.405517578125 0.4010416666666667 0.02294921875 0.04079861111111111