0 0.054931640625 0.11024305555555555 0.02099609375 0.03993055555555555
1 0.481201171875 0.015190972222222222 0.0283203125 0.022569444444444444
2 0.917724609375 0.10894097222222222 0.0244140625 0.03993055555555555
3 0.06591796875 0.8658854166666666 0.02392578125 0.03993055555555555
4 0.480224609375 0.9735243055555556 0.02734375 0.04513888888888889
5 0.901611328125 0.8802083333333334 0.02392578125 0.04079861111111111
6 0.0703125 0.4635416666666667 0.01708984375 0.036458333333333336
7 0.730224609375 0.2526041666666667 0.0244140625 0.046875
14 0.864013671875 0.2829861111111111 0.0205078125 0.042534722222222224
17 0.63330078125 0.5980902777777778 0.02392578125 0.04513888888888889
19 0.1845703125 0.15625 0.0205078125 0.036458333333333336
20 0.18408203125 0.7764756944444444 0.01904296875 0.0390625
21 0.175048828125 0.1909722222222222 0.02197265625 0.03732638888888889
9 0.23095703125 0.1753472222222222 0.0224609375 0.04079861111111111
10 0.586669921875 0.859375 0.0244140625 0.03732638888888889
11 0.79052734375 0.3185763888888889 0.0244140625 0.03993055555555555
12 0.058349609375 0.4856770833333333 0.0166015625 0.030381944444444444
13 0.409423828125 0.7005208333333334 0.025390625 0.04079861111111111