0 0.053983094262295056 0.10951730418943534 0.02433401639344262 0.040983606557377046
1 0.4801485655737705 0.014458105646630224 0.028816598360655754 0.021630236794171222
2 0.9175204918032787 0.10667122040072859 0.026255122950819665 0.03529143897996356
3 0.06550973360655735 0.8637295081967213 0.025614754098360663 0.030737704918032724
4 0.4782274590163935 0.9718806921675776 0.027535860655737654 0.051229508196721146
5 0.9008709016393444 0.8825136612021858 0.022412909836065698 0.043260473588342445
7 0.8003329918032787 0.3292349726775956 0.021132172131147486 0.04098360655737703
16 0.40170338114754095 0.9115437158469947 0.02305327868852458 0.042122040072859884
20 0.8915855532786886 0.29622040072859745 0.017930327868852514 0.03870673952641172
21 0.8297899590163933 0.537568306010929 0.02113217213114771 0.04326047358834235
8 0.061987704918032765 0.1852231329690346 0.017289959016393436 0.03529143897996355
10 0.4356429303278688 0.11577868852459014 0.02561475409836056 0.046675774134790515
11 0.13915215163934422 0.6155510018214936 0.020491803278688492 0.037568306010928865
12 0.8579661885245902 0.15334699453551912 0.021132172131147486 0.03756830601092896
13 0.49327612704918034 0.042918943533697615 0.02689549180327866 0.046675774134790536