0 0.05326704545454546 0.10542929292929298 0.018465909090909102 0.03914141414141413
1 0.479403409090909 0.011363636363636435 0.02556818181818188 0.02272727272727272
2 0.9165482954545454 0.10416666666666671 0.02059659090909105 0.04166666666666666
3 0.06711647727272728 0.8623737373737375 0.0234375 0.03787878787878777
4 0.4769176136363636 0.9696969696969696 0.027698863636363646 0.04545454545454556
5 0.9009232954545454 0.8781565656565656 0.02627840909090895 0.03914141414141427
6 0.5056818181818182 0.04924242424242431 0.022727272727272707 0.03787878787878787
7 0.08096590909090909 0.7777777777777778 0.015625 0.03535353535353537
14 0.11470170454545454 0.6123737373737375 0.017755681818181823 0.03535353535353537
15 0.13636363636363635 0.14330808080808086 0.019886363636363646 0.03661616161616162
16 0.11718749999999999 0.7165404040404041 0.01988636363636362 0.034090909090909075
17 0.1395596590909091 0.5871212121212123 0.017755681818181823 0.040404040404040366
18 0.09446022727272728 0.4147727272727273 0.019886363636363646 0.034090909090909075
19 0.20845170454545456 0.533459595959596 0.0234375 0.03914141414141407
21 0.09978693181818182 0.36616161616161624 0.017755681818181795 0.03787878787878787
8 0.5486505681818182 0.21717171717171727 0.024857954545454586 0.04545454545454546
9 0.08629261363636363 0.23484848484848492 0.019176136363636354 0.03535353535353537
10 0.07563920454545454 0.3882575757575758 0.017755681818181823 0.031565656565656575
11 0.05362215909090909 0.4261363636363637 0.01917613636363636 0.039141414141414116
12 0.479403409090909 0.1218434343434344 0.022727272727272707 0.041666666666666664
13 0.13316761363636362 0.6881313131313131 0.020596590909090925 0.040404040404040366