0 0.0537109375 0.1072048611111111 0.0234375 0.030381944444444444
1 0.4775390625 0.014322916666666666 0.029296875 0.024305555555555556
2 0.91552734375 0.1015625 0.02294921875 0.046875
3 0.066162109375 0.8606770833333334 0.025390625 0.041666666666666664
4 0.4775390625 0.97265625 0.02783203125 0.046875
5 0.904052734375 0.87890625 0.02392578125 0.04513888888888889
6 0.801025390625 0.8289930555555556 0.021484375 0.0390625
7 0.1826171875 0.2387152777777778 0.02001953125 0.04079861111111111
14 0.903076171875 0.2634548611111111 0.01904296875 0.041666666666666664
16 0.45703125 0.5247395833333334 0.0263671875 0.041666666666666664
18 0.2470703125 0.4878472222222222 0.02392578125 0.044270833333333336
19 0.066162109375 0.4887152777777778 0.02001953125 0.04079861111111111
20 0.643798828125 0.3059895833333333 0.02197265625 0.041666666666666664
8 0.876708984375 0.4210069444444444 0.01904296875 0.044270833333333336
9 0.6962890625 0.8862847222222222 0.01904296875 0.04513888888888889
12 0.073486328125 0.1723090277777778 0.0205078125 0.0390625