0 0.054943647540983576 0.10951730418943534 0.02241290983606556 0.0364298724954463
1 0.47854764344262296 0.012181238615664829 0.02945696721311486 0.023907103825136618
2 0.9191214139344261 0.1043943533697632 0.019211065573770503 0.04212204007285974
3 0.06550973360655735 0.8631602914389801 0.021772540983606564 0.03187613843351558
4 0.4775870901639344 0.9713114754098362 0.026255122950819665 0.04326047358834254
5 0.9015112704918032 0.8830828779599273 0.022412909836065475 0.03529143897996355
6 0.8102587090163933 0.66051912568306 0.02177254098360648 0.04098360655737703
7 0.7270107581967213 0.3195582877959927 0.023053278688524692 0.0443989071038251
14 0.34246926229508196 0.26662112932604737 0.023693647540983687 0.04098360655737703
16 0.2989241803278688 0.7231329690346083 0.022412909836065587 0.04098360655737723
17 0.65625 0.539275956284153 0.024974385245901676 0.0443989071038252
18 0.0674308401639344 0.6810109289617486 0.01664959016393442 0.03642987249544621
19 0.15964395491803277 0.27117486338797814 0.020491803278688547 0.034153005464480794
20 0.5048027663934426 0.617827868852459 0.02433401639344268 0.04212204007285969
21 0.061987704918032765 0.2785746812386157 0.016009221311475412 0.033014571948998137
8 0.518250512295082 0.33208105646630237 0.02433401639344268 0.0443989071038252
9 0.3072489754098361 0.421448087431694 0.024974385245901676 0.04098360655737703
10 0.7404585040983607 0.8113615664845173 0.021772540983606703 0.04212204007285969
11 0.36071977459016397 0.3878642987249544 0.02305327868852458 0.0443989071038251
12 0.1929431352459016 0.8802367941712205 0.020491803278688492 0.03415300546448089
13 0.6789830942622951 0.09301001821493624 0.02433401639344268 0.04439890710382514