0 0.081298828125 0.12586805555555555 0.0263671875 0.03732638888888889
1 0.49462890625 0.028645833333333332 0.029296875 0.036458333333333336
2 0.917236328125 0.125 0.0283203125 0.03993055555555555
3 0.09326171875 0.8528645833333334 0.0341796875 0.036458333333333336
4 0.493896484375 0.953125 0.02294921875 0.04513888888888889
5 0.89892578125 0.8728298611111112 0.0263671875 0.051215277777777776
6 0.759033203125 0.79296875 0.0205078125 0.03732638888888889
7 0.537109375 0.3190104166666667 0.0224609375 0.04079861111111111
8 0.760009765625 0.3997395833333333 0.02001953125 0.036458333333333336
9 0.889404296875 0.4665798611111111 0.01611328125 0.03993055555555555
10 0.91552734375 0.4027777777777778 0.01708984375 0.035590277777777776
12 0.915283203125 0.2599826388888889 0.0166015625 0.036458333333333336
11 0.91455078125 0.2586805555555556 0.01513671875 0.036458333333333336
12 0.486572265625 0.7387152777777778 0.02392578125 0.03732638888888889
13 0.72216796875 0.5407986111111112 0.02099609375 0.043402777777777776
14 0.4755859375 0.8103298611111112 0.02490234375 0.03732638888888889
16 0.90625 0.18359375 0.01416015625 0.036458333333333336
17 0.560302734375 0.2630208333333333 0.02099609375 0.03211805555555555
18 0.559326171875 0.2664930555555556 0.02197265625 0.0390625
19 0.749755859375 0.4561631944444444 0.0185546875 0.03732638888888889
20 0.69970703125 0.4079861111111111 0.02099609375 0.043402777777777776
21 0.73828125 0.4926215277777778 0.0224609375 0.03993055555555555