0 0.05615234375 0.11284722222222222 0.02392578125 0.044270833333333336
1 0.478271484375 0.015190972222222222 0.03076171875 0.020833333333333332
2 0.914306640625 0.10199652777777778 0.02490234375 0.04600694444444445
3 0.069091796875 0.8619791666666666 0.02001953125 0.046875
4 0.47705078125 0.9722222222222222 0.02978515625 0.052083333333333336
5 0.90234375 0.8806423611111112 0.02587890625 0.042534722222222224
7 0.23291015625 0.13368055555555555 0.02001953125 0.044270833333333336
16 0.140869140625 0.5629340277777778 0.0224609375 0.03993055555555555
20 0.6884765625 0.08984375 0.02001953125 0.0390625
21 0.131591796875 0.4127604166666667 0.017578125 0.0390625
9 0.209716796875 0.0959201388888889 0.0205078125 0.0390625
10 0.53076171875 0.3454861111111111 0.025390625 0.050347222222222224
11 0.843017578125 0.21788194444444445 0.0205078125 0.041666666666666664
8 0.89453125 0.2677951388888889 0.01904296875 0.041666666666666664
13 0.162353515625 0.16883680555555555 0.021484375 0.041666666666666664
12 0.459716796875 0.8424479166666666 0.0224609375 0.043402777777777776