0 0.05526383196721309 0.11065573770491802 0.02305327868852458 0.038706739526411654
1 0.4795081967213115 0.01502732240437157 0.028816598360655754 0.025045537340619317
2 0.9181608606557377 0.10667122040072859 0.023693647540983687 0.03756830601092896
3 0.06615010245901635 0.8642987249544628 0.023053278688524602 0.03642987249544621
4 0.47982838114754095 0.972449908925319 0.02817622950819676 0.04781420765027317
5 0.9021516393442623 0.8813752276867033 0.022412909836065698 0.036429872495446304
7 0.06038678278688521 0.23076047358834245 0.01664959016393442 0.033014571948998234
14 0.20190829918032788 0.8295765027322406 0.021772540983606592 0.037568306010928865
15 0.26850665983606553 0.08561020036429873 0.02305327868852458 0.04098360655737706
16 0.7567879098360657 0.3252504553734062 0.022412909836065475 0.04212204007285969
18 0.7670338114754099 0.2506830601092896 0.022412909836065475 0.04553734061930786
19 0.2512167008196721 0.7242714025500913 0.02305327868852458 0.03870673952641172
21 0.06070696721311473 0.17383879781420764 0.01728995901639345 0.033014571948998185
9 0.612704918032787 0.10268670309653914 0.026255122950819665 0.043260473588342445
10 0.3427894467213115 0.39526411657559196 0.02561475409836067 0.04553734061930776
11 0.23264600409836064 0.7652550091074681 0.020491803278688547 0.03870673952641172
12 0.11609887295081966 0.4203096539162112 0.019211065573770517 0.036429872495446304