1 0.22607421875 0.5360243055555556 0.01416015625 0.059027777777777776
4 0.765625 0.5399305555555556 0.02734375 0.04861111111111111
6 0.298828125 0.3138020833333333 0.0234375 0.04600694444444445
14 0.2939453125 0.013888888888888888 0.021484375 0.027777777777777776
15 0.27197265625 0.032552083333333336 0.0224609375 0.03819444444444445
16 0.294189453125 0.8967013888888888 0.02099609375 0.041666666666666664
18 0.2998046875 0.9865451388888888 0.0224609375 0.026909722222222224
19 0.685302734375 0.6801215277777778 0.021484375 0.03993055555555555
20 0.724853515625 0.24869791666666666 0.02099609375 0.03993055555555555
8 0.2802734375 0.9683159722222222 0.01904296875 0.03993055555555555
9 0.31640625 0.006510416666666667 0.0224609375 0.013020833333333334
10 0.372802734375 0.07899305555555555 0.0263671875 0.042534722222222224
12 0.644287109375 0.9691840277777778 0.0224609375 0.041666666666666664