0 0.05255681818181818 0.1098484848484849 0.022727272727272735 0.035353535353535345
1 0.4790482954545454 0.015151515151515225 0.03338068181818188 0.027777777777777776
2 0.9172585227272727 0.09911616161616167 0.022017045454545414 0.0467171717171717
3 0.06569602272727273 0.8623737373737375 0.02059659090909091 0.04545454545454556
4 0.47904829545454536 0.9659090909090909 0.030539772727272707 0.045454545454545164
5 0.9023437499999999 0.8724747474747476 0.0234375 0.04292929292929296
6 0.8558238636363635 0.24747474747474754 0.019886363636363757 0.03787878787878787
7 0.08203125 0.6148989898989901 0.017755681818181823 0.03282828282828297
14 0.0830965909090909 0.7847222222222222 0.01846590909090909 0.026515151515151478
16 0.06454190340909095 0.5819917929292929 0.016424005681818184 0.030776515151515187
17 0.06676136363636369 0.47979797979797983 0.017311789772727265 0.03787878787878777
18 0.35061743951612906 0.32022849462365593 0.02205141129032262 0.04480286738351255
19 0.2356350806451613 0.824820788530466 0.020161290322580627 0.03920250896057355
20 0.07182459677419355 0.7133736559139785 0.017641129032258063 0.035842293906810006
21 0.06867439516129033 0.6372087813620071 0.018901209677419345 0.03360215053763444
8 0.09702620967741936 0.20206093189964155 0.018901209677419345 0.03248207885304656
9 0.08515625 0.8250000000000001 0.017187499999999994 0.030555555555555596
10 0.0701171875 0.7986111111111112 0.016015625000000006 0.03194444444444441
11 0.1473410087719298 0.23623294346978557 0.020559210526315763 0.038986354775828486
12 0.8220257675438596 0.8125 0.01987390350877183 0.036549707602339235
13 0.21073190789473684 0.49208089668615984 0.022615131578947345 0.04142300194931773