0 0.07767674180327866 0.12830145719489983 0.021772540983606564 0.03756830601092895
1 0.49039446721311486 0.02811930783242257 0.026255122950819665 0.04667577413479053
2 0.9123975409836066 0.12488615664845172 0.021132172131147486 0.04212204007285974
3 0.08952356557377046 0.8546220400728598 0.026255122950819665 0.0443989071038252
4 0.48879354508196715 0.9553734061930784 0.03201844262295078 0.04781420765027317
5 0.8986296106557378 0.8722677595628416 0.02305327868852447 0.04781420765027317
6 0.25281762295081966 0.36168032786885246 0.022412909836065587 0.033014571948998137
14 0.5521900614754099 0.17383879781420764 0.023053278688524692 0.0443989071038252
18 0.800012807377049 0.4578779599271403 0.01793032786885229 0.03187613843351538
15 0.8249871926229508 0.4231557377049181 0.017930327868852514 0.030737704918032724
17 0.8048155737704917 0.39811020036429867 0.01728995901639352 0.0443989071038251
16 0.8778176229508198 0.6326275045537341 0.016009221311475308 0.03529143897996355
21 0.8515625 0.4134790528233151 0.01985143442622972 0.043260473588342445