0 0.0789574795081967 0.1283014571948998 0.02305327868852458 0.03529143897996359
1 0.49167520491803285 0.030965391621129306 0.026255122950819665 0.038706739526411654
2 0.9162397540983607 0.12204007285974498 0.018570696721311508 0.036429872495446255
3 0.09176485655737703 0.8557604735883425 0.021772540983606564 0.033014571948998234
4 0.48943391393442615 0.9548041894353371 0.03201844262295078 0.042122040072859884
5 0.8986296106557377 0.8745446265938069 0.02177254098360648 0.03870673952641152
6 0.15644211065573768 0.38103369763205824 0.019211065573770503 0.033014571948998137
16 0.21631659836065575 0.31671220400728595 0.02369364754098363 0.03642987249544621
21 0.7920081967213115 0.7669626593806922 0.021132172131147486 0.03529143897996355
17 0.832671618852459 0.3337887067395264 0.016649590163934525 0.03870673952641172
18 0.908875512295082 0.213683970856102 0.016649590163934302 0.04212204007285972