0 0.05526383196721309 0.11407103825136611 0.021772540983606557 0.036429872495446255
1 0.4807889344262295 0.013319672131147526 0.028816598360655754 0.023907103825136618
2 0.9172003073770493 0.10610200364298722 0.02433401639344268 0.03642987249544628
3 0.06647028688524588 0.8665755919854282 0.02241290983606558 0.03415300546448089
4 0.4784656217300314 0.973924180327869 0.0267314483780956 0.05076275045537355
5 0.9027920081967213 0.8813752276867031 0.023693647540983687 0.034153005464480794
6 0.6700179303278688 0.1305783242258652 0.023053278688524692 0.04212204007285974
7 0.7158043032786886 0.5142304189435337 0.023693647540983687 0.04212204007285969
15 0.11577868852459013 0.5335837887067396 0.01857069672131148 0.039845173041894374
18 0.3194159836065574 0.44023224043715836 0.026255122950819665 0.039845173041894326
8 0.42603739754098363 0.21539162112932606 0.02433401639344268 0.043260473588342396
9 0.15548155737704916 0.8193306010928963 0.019851434426229497 0.037568306010928865
10 0.1570824795081967 0.6087204007285975 0.020491803278688547 0.037568306010928865
12 0.3914574795081967 0.14651639344262293 0.02305327868852458 0.04439890710382515
13 0.20478995901639344 0.6343351548269581 0.021132172131147542 0.04098360655737703