0 0.08151895491803277 0.1271630236794171 0.03201844262295081 0.028460837887067412
1 0.4942366803278688 0.031534608378870656 0.03137807377049184 0.03756830601092896
2 0.9184810450819673 0.12147085610200363 0.02305327868852447 0.03529143897996355
3 0.09144467213114751 0.8523451730418945 0.023693647540983603 0.03073770491803292
4 0.49231557377049184 0.9519581056466304 0.02497438524590162 0.04098360655737684
5 0.9015112704918032 0.8739754098360658 0.023693647540983687 0.03984517304189428
6 0.7190061475409837 0.4630009107468124 0.022412909836065698 0.04212204007285969
7 0.10585297131147538 0.7390710382513662 0.02305327868852461 0.027322404371584754
8 0.5560322745901639 0.6724726775956285 0.02433401639344268 0.039845173041894374
9 0.8944672131147542 0.23645264116575593 0.02113217213114771 0.030737704918032824
10 0.9143186475409837 0.40038706739526414 0.018570696721311508 0.03756830601092906
11 0.9152792008196722 0.27174408014571955 0.01921106557377028 0.039845173041894374
12 0.3101306352459016 0.846653005464481 0.02689549180327866 0.03529143897996355
13 0.7058785860655737 0.6035974499089254 0.019211065573770503 0.04326047358834254
14 0.43820440573770497 0.8773907103825138 0.02433401639344257 0.03529143897996355
18 0.09240522540983603 0.683287795992714 0.02049180327868852 0.027322404371584754
19 0.23584784836065575 0.5956284153005464 0.019211065573770503 0.04098360655737703
20 0.39594006147540983 0.4436475409836065 0.02177254098360648 0.03756830601092891
21 0.7260502049180328 0.5085382513661202 0.022412909836065475 0.04212204007285969