0 0.08087858606557374 0.12659380692167577 0.02561475409836067 0.03415300546448084
1 0.4932761270491803 0.025842440801457183 0.02817622950819676 0.039845173041894354
2 0.9172003073770493 0.12488615664845172 0.017930327868852514 0.04212204007285974
3 0.090484118852459 0.8551912568306013 0.02305327868852458 0.02959927140255007
4 0.49039446721311486 0.9587887067395263 0.03137807377049184 0.04326047358834254
5 0.8999103483606558 0.8739754098360658 0.02433401639344268 0.0443989071038253
6 0.852202868852459 0.6844262295081968 0.012167008196721119 0.027322404371584754
7 0.8973488729508198 0.14480874316939887 0.011526639344262346 0.03187613843351548
14 0.8333119877049182 0.16416211293260471 0.015368852459016313 0.03415300546448089
15 0.6889088114754099 0.36908014571948994 0.021132172131147486 0.03870673952641162
17 0.655609631147541 0.20856102003642987 0.026255122950819665 0.04098360655737708
18 0.47982838114754095 0.6349043715846995 0.02305327868852458 0.039845173041894374
21 0.11705942622950816 0.6229508196721311 0.021132172131147542 0.03870673952641172