0 0.052734375 0.11241319444444445 0.02197265625 0.03993055555555555
1 0.4794921875 0.013454861111111112 0.0263671875 0.024305555555555556
2 0.918701171875 0.1072048611111111 0.02392578125 0.033854166666666664
3 0.06689453125 0.86328125 0.0205078125 0.036458333333333336
4 0.478515625 0.9717881944444444 0.02685546875 0.046875
5 0.902587890625 0.8823784722222222 0.02294921875 0.033854166666666664
6 0.409423828125 0.5303819444444444 0.025390625 0.046875
17 0.8974609375 0.6119791666666666 0.01806640625 0.03732638888888889
18 0.09326171875 0.2855902777777778 0.0185546875 0.03732638888888889
20 0.0830078125 0.52734375 0.02001953125 0.036458333333333336
8 0.840087890625 0.18880208333333334 0.02001953125 0.03993055555555555
10 0.833251953125 0.2938368055555556 0.0205078125 0.0390625
11 0.900146484375 0.12890625 0.0185546875 0.036458333333333336
13 0.241943359375 0.0763888888888889 0.02099609375 0.04079861111111111