0 0.05334272540983605 0.11008652094717666 0.024334016393442626 0.04212204007285974
1 0.47854764344262296 0.01559653916211292 0.03073770491803285 0.023907103825136618
2 0.9181608606557377 0.10610200364298722 0.023693647540983687 0.038706739526411654
3 0.06647028688524588 0.8642987249544628 0.023693647540983603 0.03642987249544621
4 0.479188012295082 0.9713114754098362 0.02817622950819676 0.04326047358834254
5 0.9024718237704917 0.8808060109289618 0.02561475409836067 0.03984517304189447
6 0.1926229508196721 0.25011384335154824 0.022412909836065587 0.04212204007285969
7 0.16380635245901637 0.20116120218579234 0.019851434426229497 0.039845173041894326
14 0.32646004098360654 0.7453324225865211 0.022412909836065587 0.04212204007285969
16 0.33926741803278687 0.8033925318761385 0.023693647540983576 0.037568306010928865
17 0.869172643442623 0.4698315118397086 0.01921106557377028 0.039845173041894374
18 0.3719262295081967 0.8808060109289618 0.023693647540983576 0.04212204007285979
19 0.9143186475409837 0.5694444444444444 0.017289959016393297 0.03870673952641172
20 0.3552766393442623 0.7527322404371586 0.023693647540983576 0.04098360655737684
9 0.8739754098360657 0.6536885245901639 0.01728995901639352 0.03870673952641172
10 0.10585297131147538 0.7504553734061932 0.019211065573770503 0.03870673952641172
11 0.8951075819672131 0.1732695810564663 0.018570696721311508 0.036429872495446304
12 0.34567110655737704 0.13911657559198543 0.024974385245901676 0.03870673952641167
13 0.3773693647540983 0.8142076502732241 0.02561475409836067 0.03870673952641152
8 0.9011910860655737 0.7789162112932606 0.017930327868852514 0.03642987249544621