1 0.765380859375 0.4947916666666667 0.0224609375 0.057291666666666664
4 0.2451171875 0.4926215277777778 0.029296875 0.04774305555555555
6 0.4541015625 0.05946180555555555 0.01611328125 0.042534722222222224
7 0.50927734375 0.9348958333333334 0.0224609375 0.03993055555555555
8 0.462890625 0.9327256944444444 0.02685546875 0.03732638888888889
9 0.501220703125 0.8368055555555556 0.02294921875 0.03732638888888889
10 0.496826171875 0.9657118055555556 0.0244140625 0.035590277777777776
11 0.5322265625 0.9353298611111112 0.0263671875 0.033854166666666664
12 0.4755859375 0.9639756944444444 0.02197265625 0.033854166666666664
13 0.541259765625 0.9674479166666666 0.0263671875 0.043402777777777776
14 0.477294921875 0.9040798611111112 0.02392578125 0.03732638888888889
15 0.517822265625 0.9691840277777778 0.01806640625 0.03993055555555555
16 0.51220703125 0.8723958333333334 0.02197265625 0.042534722222222224
17 0.521484375 0.9040798611111112 0.02392578125 0.03993055555555555
18 0.487548828125 0.8715277777777778 0.0224609375 0.033854166666666664
19 0.452880859375 0.9592013888888888 0.0224609375 0.033854166666666664
20 0.497802734375 0.9036458333333334 0.02001953125 0.043402777777777776
21 0.486328125 0.9327256944444444 0.0185546875 0.035590277777777776
22 0.5681914594726563 1 0.49923406884765625 0.7723311545138889 0.42110906884765625 0.9956427013888889 0.51571691796875 1 0.5681914594726563 1