0 0.055908203125 0.11241319444444445 0.02197265625 0.042534722222222224
1 0.480224609375 0.014322916666666666 0.02734375 0.021701388888888888
2 0.91748046875 0.10590277777777778 0.02490234375 0.036458333333333336
3 0.06640625 0.8619791666666666 0.02099609375 0.036458333333333336
4 0.478515625 0.9713541666666666 0.02685546875 0.04079861111111111
5 0.9033203125 0.8823784722222222 0.0224609375 0.036458333333333336
6 0.833984375 0.8433159722222222 0.01904296875 0.03298611111111111
7 0.510498046875 0.24739583333333334 0.025390625 0.04513888888888889
14 0.86865234375 0.2165798611111111 0.01806640625 0.033854166666666664
18 0.089111328125 0.7764756944444444 0.0166015625 0.033854166666666664
19 0.58837890625 0.6792534722222222 0.02392578125 0.042534722222222224
20 0.656982421875 0.2421875 0.02392578125 0.042534722222222224
8 0.917236328125 0.3142361111111111 0.01904296875 0.033854166666666664
9 0.546142578125 0.9171006944444444 0.0224609375 0.03993055555555555
10 0.800537109375 0.5290798611111112 0.02294921875 0.044270833333333336
12 0.770263671875 0.24739583333333334 0.0224609375 0.043402777777777776