0 0.05334272540983605 0.11008652094717666 0.023053278688524602 0.04212204007285974
1 0.4788678278688524 0.012750455373406178 0.03137807377049184 0.02276867030965392
2 0.9188012295081969 0.10837887067395263 0.023693647540983687 0.04098360655737703
3 0.06615010245901635 0.8665755919854282 0.025614754098360663 0.03870673952641172
4 0.479188012295082 0.972449908925319 0.02433401639344257 0.04326047358834254
5 0.9024718237704917 0.8830828779599273 0.02561475409836067 0.033014571948998234
6 0.19326331967213115 0.4675546448087432 0.021132172131147542 0.04212204007285969
14 0.421875 0.2597905282331512 0.023693647540983576 0.04098360655737703
18 0.8925461065573771 0.17839253187613846 0.01728995901639352 0.03756830601092896
8 0.5252945696721312 0.3383424408014572 0.02561475409836067 0.04781420765027327
12 0.9152792008196722 0.4356785063752277 0.01921106557377028 0.03756830601092891