0 0.056107954545454544 0.11363636363636369 0.021306818181818198 0.042929292929292914
1 0.48011363636363635 0.015151515151515225 0.03125 0.027777777777777776
2 0.9154829545454544 0.10227272727272735 0.02556818181818188 0.04545454545454545
3 0.06782670454545454 0.8648989898989901 0.029119318181818177 0.04292929292929296
4 0.47762784090909083 0.9684343434343435 0.03338068181818188 0.04545454545454556
5 0.9023437499999999 0.8775252525252524 0.027698863636363757 0.042929292929292866
7 0.21661931818181818 0.14015151515151522 0.019886363636363646 0.040404040404040414
14 0.81640625 0.13573232323232332 0.019176136363636465 0.03409090909090912
16 0.8256392045454546 0.529040404040404 0.019176136363636243 0.03787878787878797
19 0.8203125 0.2651515151515152 0.01846590909090917 0.03535353535353537
20 0.8167613636363638 0.45328282828282834 0.017045454545454586 0.03787878787878782
8 0.2521306818181818 0.7550505050505051 0.022727272727272707 0.040404040404040366
9 0.1750710227272727 0.1717171717171718 0.02059659090909094 0.03787878787878787
10 0.8860085227272727 0.8345959595959597 0.01775568181818188 0.03030303030303018
11 0.9133522727272727 0.518939393939394 0.017045454545454586 0.03787878787878777
12 0.8373579545454544 0.29040404040404044 0.02130681818181812 0.040404040404040366
13 0.4889914772727272 0.7821969696969698 0.024857954545454586 0.04419191919191926
21 0.5647212009803921 0.480255991285403 0.02374387254901955 0.047657952069716854