0 0.05398309426229506 0.10951730418943534 0.020491803278688533 0.040983606557377046
1 0.47854764344262296 0.012750455373406178 0.02689549180327866 0.02276867030965392
2 0.9175204918032787 0.1043943533697632 0.021132172131147486 0.03984517304189436
3 0.06550973360655735 0.8631602914389801 0.023053278688524588 0.03415300546448089
4 0.47918801229508196 0.9701730418943535 0.02561475409836067 0.04326047358834254
5 0.9027920081967213 0.8790983606557378 0.024974385245901676 0.03642987249544621
6 0.4020235655737705 0.08276411657559198 0.024974385245901565 0.04212204007285974
15 0.21727715163934427 0.8125 0.021772540983606592 0.03984517304189418
18 0.7183657786885247 0.24783697632058288 0.023693647540983687 0.039845173041894374
20 0.12762551229508193 0.11008652094717669 0.01921106557377049 0.033014571948998185
10 0.49167520491803285 0.4926001821493625 0.024974385245901676 0.046675774134790515
21 0.09752817622950816 0.8255919854280511 0.019211065573770503 0.03642987249544621
11 0.16316598360655737 0.7601320582877962 0.019851434426229497 0.037568306010928865