0 0.05302254098360653 0.10894808743169397 0.023693647540983617 0.039845173041894354
1 0.48271004098360654 0.009335154826958089 0.030097336065573743 0.018214936247723135
2 0.9172003073770493 0.10382513661202183 0.02305327868852447 0.03415300546448087
3 0.06679047131147538 0.8631602914389801 0.024334016393442626 0.02959927140255007
4 0.4782090484118852 0.9727857468123862 0.022376088627048984 0.05303961748633886
5 0.9018314549180328 0.8819444444444444 0.02689549180327866 0.02846083788706731
15 0.8028944672131149 0.7424863387978143 0.021132172131147486 0.04098360655737703
18 0.8406762295081969 0.35200364298724957 0.019851434426229497 0.036429872495446304
20 0.8262679303278688 0.1635928961748634 0.019211065573770503 0.039845173041894374
11 0.6251921106557378 0.2683287795992714 0.023053278688524692 0.039845173041894374
6 0.8861490885416669 0.8472222222222222 0.02360026041666674 0.031828703703703574