0 0.054443359375 0.1111111111111111 0.0234375 0.04079861111111111
1 0.4794921875 0.016927083333333332 0.03271484375 0.028645833333333332
2 0.91650390625 0.1015625 0.02197265625 0.044270833333333336
3 0.066162109375 0.8628472222222222 0.021484375 0.041666666666666664
4 0.476806640625 0.9691840277777778 0.03076171875 0.049479166666666664
5 0.90234375 0.8776041666666666 0.02490234375 0.042534722222222224
6 0.9091796875 0.4192708333333333 0.0185546875 0.035590277777777776
15 0.71484375 0.5017361111111112 0.0234375 0.041666666666666664
20 0.677490234375 0.3641493055555556 0.02001953125 0.036458333333333336
21 0.053955078125 0.4509548611111111 0.021484375 0.03819444444444445
9 0.71484375 0.7960069444444444 0.02197265625 0.0390625
10 0.10400390625 0.19140625 0.01904296875 0.0390625