0 0.0792776639344262 0.12659380692167577 0.022412909836065587 0.04326047358834243
1 0.49199538934426224 0.02811930783242257 0.030737704918032793 0.04667577413479053
2 0.9149590163934427 0.12090163934426228 0.016009221311475308 0.036429872495446255
3 0.09144467213114751 0.851775956284153 0.021132172131147542 0.027322404371584754
4 0.48847336065573765 0.9513888888888888 0.02369364754098363 0.042122040072859884
5 0.8967085040983607 0.8705601092896176 0.02433401639344268 0.03529143897996355
6 0.1138575819672131 0.6320582877959926 0.021132172131147542 0.03415300546448089
16 0.20511014344262293 0.7624089253187615 0.02305327868852458 0.033014571948998234
17 0.7212474385245902 0.861452641165756 0.017930327868852514 0.039845173041894374
18 0.7500640368852459 0.7282559198542806 0.019211065573770503 0.039845173041894576
21 0.5140881147540984 0.8489298724954463 0.021132172131147486 0.03529143897996355