0 0.08026960784313722 0.12077886710239648 0.021446078431372556 0.039488017429193896
1 0.49463848039215674 0.03159041394335511 0.026041666666666685 0.04084967320261438
2 0.9201133578431373 0.122140522875817 0.02527573529411775 0.044934640522875845
3 0.0944393382352941 0.8485838779956427 0.019148284313725505 0.04357298474945538
4 0.49157475490196073 0.9507080610021785 0.022977941176470673 0.05174291938997813
5 0.9009650735294118 0.8724128540305011 0.02527573529411775 0.042211328976034856
6 0.36251531862745096 0.2569444444444444 0.02374387254901955 0.03948801742919391
7 0.5114889705882353 0.07720588235294118 0.021446078431372584 0.036764705882352935
14 0.44600183823529405 0.8261165577342048 0.022212009803921573 0.03948801742919391
15 0.9013480392156863 0.13848039215686272 0.015318627450980227 0.031318082788671014
16 0.51953125 0.5551470588235294 0.02680759803921573 0.03948801742919391
17 0.17715992647058823 0.423066448801743 0.02068014705882354 0.03948801742919391
18 0.8745404411764707 0.4387254901960784 0.019914215686274606 0.04357298474945533
20 0.2863051470588235 0.6804193899782135 0.02450980392156865 0.03948801742919391
21 0.4712775735294118 0.6130174291938998 0.02374387254901955 0.04357298474945538
11 0.7983302696078431 0.15141612200435728 0.022212009803921573 0.04357298474945538