0 0.08087858606557374 0.12545537340619306 0.028176229508196732 0.036429872495446255
1 0.4945568647540983 0.029826958105646617 0.02689549180327866 0.040983606557377046
2 0.9168801229508198 0.11919398907103823 0.022412909836065475 0.05122950819672129
3 0.09304559426229506 0.8574681238615667 0.028176229508196704 0.04098360655737703
4 0.49263575819672134 0.956511839708561 0.028176229508196704 0.04098360655737684
5 0.9008709016393444 0.8756830601092899 0.022412909836065698 0.05464480874316921
6 0.6623335040983607 0.31500455373406194 0.021772540983606703 0.046675774134790515
7 0.63671875 0.5461065573770492 0.02177254098360648 0.039845173041894374
8 0.695952868852459 0.5580601092896175 0.024974385245901676 0.05009107468123868
9 0.28931864754098363 0.12374772313296901 0.022412909836065587 0.039845173041894326
10 0.6892289959016393 0.6297814207650273 0.02177254098360648 0.04326047358834254
11 0.7151639344262295 0.524476320582878 0.019851434426229497 0.046675774134790515
12 0.6572105532786886 0.5831056466302368 0.021772540983606703 0.04326047358834254
14 0.11353739754098358 0.6872723132969035 0.024334016393442626 0.037568306010928865
15 0.1372310450819672 0.6326275045537341 0.019211065573770503 0.03073770491803292
16 0.849641393442623 0.7817622950819672 0.01985143442622972 0.03529143897996355
17 0.7574282786885247 0.7083333333333334 0.01728995901639352 0.03415300546448089
18 0.7868852459016393 0.712317850637523 0.018570696721311508 0.033014571948998234
19 0.16572745901639344 0.5717213114754097 0.019851434426229497 0.03870673952641172
20 0.6761014344262295 0.4960154826958106 0.019851434426229497 0.046675774134790515
21 0.6248719262295082 0.38957194899817854 0.019851434426229497 0.04098360655737703