0 0.05618351063829788 0.11288416075650123 0.02410239361702126 0.04432624113475178
1 0.47839095744680854 0.015366430260047331 0.03075132978723405 0.02068557919621749
2 0.914311835106383 0.1018026004728133 0.024933510638297962 0.045803782505910155
3 0.06906582446808511 0.8619976359338062 0.019946808510638292 0.04728132387706848
4 0.4771442819148936 0.9720744680851064 0.029920212765957466 0.051713947990543595
5 0.9022606382978723 0.8804669030732862 0.025764627659574435 0.04284869976359346
7 0.2327958776595745 0.13356973995271873 0.019946808510638347 0.04432624113475178
16 0.14095744680851066 0.5627955082742316 0.0224401595744681 0.03989361702127662
20 0.6883908991228069 0.0900341130604289 0.01987390350877183 0.03898635477582843
21 0.13157894736842102 0.4128898635477583 0.017817982456140358 0.038986354775828486
9 0.20970394736842107 0.09612573099415207 0.02055921052631582 0.03898635477582846
10 0.5307702850877193 0.3452729044834308 0.02535635964912286 0.04995126705653025
11 0.8429276315789473 0.21795808966861596 0.020559210526315708 0.04142300194931771
8 0.89453125 0.26774691358024694 0.0190972222222221 0.041666666666666664
13 0.1623263888888889 0.1689814814814815 0.021701388888888895 0.04166666666666671
12 0.45963541666666674 0.8425925925925926 0.02256944444444442 0.04320987654320992