0 0.08119877049180324 0.12545537340619306 0.019851434426229497 0.03870673952641163
1 0.49327612704918034 0.02641165755919853 0.02689549180327866 0.040983606557377046
2 0.9162397540983607 0.12204007285974498 0.021132172131147486 0.038706739526411654
3 0.09144467213114751 0.8506375227686704 0.02241290983606556 0.04098360655737703
4 0.49263575819672134 0.9559426229508199 0.025614754098360615 0.0443989071038252
5 0.9015112704918032 0.8751138433515484 0.023693647540983687 0.039845173041894374
6 0.33062243852459017 0.882513661202186 0.021772540983606592 0.036429872495446304
7 0.42923924180327866 0.41234061930783245 0.02433401639344268 0.04098360655737703
14 0.48142930327868855 0.32411202185792354 0.022412909836065475 0.04212204007285969
15 0.8115394467213115 0.4652777777777778 0.020491803278688492 0.039845173041894374
17 0.4692622950819672 0.6923952641165756 0.022412909836065587 0.04098360655737723
12 0.22175973360655737 0.5136612021857924 0.020491803278688547 0.03415300546448089
20 0.20478995901639344 0.5313069216757742 0.018570696721311453 0.033014571948998234