0 0.0545212765957447 0.1143617021276596 0.024102393617021267 0.0384160756501182
1 0.47839095744680854 0.016105200945626532 0.03573803191489355 0.031028368794326244
2 0.9172207446808511 0.10254137115839251 0.024102393617021267 0.04728132387706858
3 0.06781914893617023 0.8583037825059102 0.024102393617021288 0.04875886524822705
4 0.47880651595744683 0.9705969267139481 0.024933510638297962 0.03989361702127662
5 0.9022606382978723 0.8782505910165486 0.025764627659574435 0.04137115839243499
6 0.5511136968085106 0.9033687943262413 0.023271276595744794 0.03841607565011815
7 0.9134807180851063 0.4209515366430261 0.01828457446808529 0.03989361702127662
14 0.5577626329787234 0.40986997635933814 0.02493351063829774 0.04432624113475173
15 0.907247340425532 0.36628250591016553 0.01911569148936154 0.03989361702127652
16 0.4883643617021276 0.3537234042553192 0.024102393617021267 0.03841607565011825
17 0.7692819148936171 0.6049054373522459 0.024102393617021267 0.03841607565011805
18 0.3308676861702128 0.7969858156028369 0.028257978723404298 0.03841607565011825
19 0.6250831117021276 0.21261820330969272 0.02493351063829774 0.04875886524822695
20 0.9084940159574467 0.5967789598108747 0.01828457446808507 0.03693853427895988
9 0.24276928191489355 0.8051122931442081 0.023271276595744655 0.03989361702127662
10 0.6940658244680851 0.09367612293144213 0.023271276595744572 0.04432624113475178
11 0.4671708776595745 0.3278664302600473 0.02493351063829785 0.042848699763593366
8 0.1513464095744681 0.1771572104018913 0.023271276595744683 0.03693853427895978
12 0.7622174202127661 0.35815602836879434 0.023271276595744794 0.04432624113475173
13 0.7327127659574467 0.4069148936170213 0.024102393617021267 0.03841607565011825