0 0.07959784836065571 0.12716302367941712 0.02561475409836067 0.03756830601092895
1 0.49263575819672134 0.030965391621129306 0.026895491803278715 0.038706739526411654
2 0.9155993852459017 0.12488615664845172 0.01600922131147553 0.04212204007285974
3 0.091124487704918 0.8534836065573771 0.02305327868852458 0.039845173041894374
4 0.4907146516393443 0.9525273224043718 0.02945696721311475 0.042122040072859884
5 0.8973488729508198 0.8751138433515481 0.02433401639344246 0.04667577413479042
6 0.7683145491803279 0.593351548269581 0.018570696721311508 0.03870673952641152
21 0.7974513319672131 0.5893670309653917 0.017930327868852514 0.037568306010928865
7 0.7106813524590164 0.3417577413479053 0.018570696721311508 0.043260473588342445
15 0.735015368852459 0.5 0.022412909836065698 0.04098360655737703
14 0.7215676229508197 0.7259790528233151 0.027535860655737654 0.03756830601092906
16 0.40330430327868855 0.19603825136612021 0.022412909836065475 0.03642987249544621
17 0.6479252049180328 0.22563752276867033 0.019851434426229497 0.038706739526411696
18 0.6223104508196722 0.9064207650273226 0.022412909836065698 0.03415300546448089