0 0.0537109375 0.11024305555555555 0.02490234375 0.03993055555555555
1 0.479736328125 0.012586805555555556 0.033203125 0.025173611111111112
2 0.919189453125 0.10590277777777778 0.0283203125 0.033854166666666664
3 0.06591796875 0.8641493055555556 0.02392578125 0.0390625
4 0.4794921875 0.9739583333333334 0.02587890625 0.050347222222222224
5 0.901611328125 0.8819444444444444 0.02490234375 0.035590277777777776
6 0.10400390625 0.7890625 0.01806640625 0.036458333333333336
7 0.65234375 0.3524305555555556 0.0224609375 0.044270833333333336
14 0.09619140625 0.5017361111111112 0.01806640625 0.03993055555555555
16 0.7421875 0.12196180555555555 0.0224609375 0.042534722222222224
17 0.16748046875 0.7365451388888888 0.02001953125 0.034722222222222224
18 0.366943359375 0.8619791666666666 0.0244140625 0.03732638888888889
19 0.611572265625 0.203125 0.0234375 0.043402777777777776
20 0.8486328125 0.6970486111111112 0.02001953125 0.03732638888888889
21 0.06298828125 0.2777777777777778 0.0166015625 0.03819444444444445
8 0.5185546875 0.3315972222222222 0.0263671875 0.046875
9 0.101318359375 0.7009548611111112 0.017578125 0.035590277777777776
10 0.758056640625 0.7721354166666666 0.02392578125 0.043402777777777776
11 0.893798828125 0.8359375 0.01708984375 0.03211805555555555
12 0.896484375 0.4175347222222222 0.01904296875 0.03819444444444445
13 0.677978515625 0.09461805555555555 0.0224609375 0.0390625