0 0.0789574795081967 0.13000910746812386 0.02561475409836067 0.036429872495446255
1 0.49135502049180324 0.028688524590163918 0.030737704918032793 0.038706739526411654
2 0.9152792008196722 0.12374772313296901 0.017930327868852514 0.030737704918032776
3 0.091124487704918 0.8523451730418945 0.03714139344262296 0.03529143897996355
4 0.49071465163934425 0.9542349726775957 0.030737704918032793 0.04553734061930786
5 0.8989497950819673 0.8756830601092899 0.018570696721311508 0.04781420765027327
6 0.8624487704918032 0.8261612021857926 0.016009221311475308 0.030737704918032724
21 0.6658555327868853 0.7846083788706741 0.019851434426229497 0.03642987249544621
16 0.8938268442622951 0.8335610200364301 0.014728483606557319 0.03415300546448089
15 0.8336321721311475 0.4926001821493625 0.01857069672131173 0.039845173041894374
17 0.1266649590163934 0.20457650273224046 0.022412909836065573 0.030737704918032776
18 0.246734118852459 0.18408469945355194 0.017930327868852486 0.033014571948998234