0 0.07799692622950816 0.12773224043715847 0.022412909836065587 0.038706739526411654
1 0.49359631147540983 0.03096539162112931 0.0275358606557376 0.04553734061930784
2 0.9146388319672131 0.12488615664845172 0.01793032786885229 0.04439890710382514
3 0.091124487704918 0.8517759562841533 0.025614754098360643 0.029599271402550267
4 0.49135502049180324 0.9553734061930784 0.029456967213114804 0.03870673952641152
5 0.8979892418032787 0.8745446265938069 0.02433401639344268 0.03415300546448089
6 0.3415087090163934 0.8586065573770492 0.021772540983606592 0.03187613843351558
7 0.461577868852459 0.902436247723133 0.022412909836065587 0.03529143897996355
14 0.87109375 0.5130919854280509 0.01921106557377028 0.030737704918032724
15 0.7980917008196722 0.14025500910746813 0.017930327868852514 0.02959927140255007
16 0.8810194672131146 0.8005464480874319 0.016009221311475308 0.03415300546448089
17 0.39273821721311475 0.6514116575591985 0.02177254098360648 0.04098360655737703
18 0.755186987704918 0.5603369763205829 0.021772540983606703 0.03870673952641172
21 0.8989497950819673 0.42429417122040075 0.018570696721311508 0.039845173041894374