1 0.7705078125 0.4631076388888889 0.015625 0.057291666666666664
4 0.235595703125 0.4600694444444444 0.0263671875 0.057291666666666664
6 0.391845703125 0.8958333333333334 0.0263671875 0.03993055555555555
1 0.658447265625 0.9796006944444444 0.02099609375 0.035590277777777776
15 0.283447265625 0.03298611111111111 0.0224609375 0.042534722222222224
16 0.556396484375 0.5842013888888888 0.0283203125 0.042534722222222224
17 0.507080078125 0.9700520833333334 0.02392578125 0.042534722222222224
20 0.6025390625 0.8116319444444444 0.02392578125 0.04600694444444445
8 0.364990234375 0.4188368055555556 0.02587890625 0.04861111111111111
9 0.2626953125 0.67578125 0.02392578125 0.042534722222222224
10 0.476806640625 0.7591145833333334 0.02490234375 0.044270833333333336