0 0.052978515625 0.1111111111111111 0.02099609375 0.03732638888888889
1 0.480224609375 0.013888888888888888 0.02880859375 0.020833333333333332
2 0.9169921875 0.10677083333333333 0.02099609375 0.035590277777777776
3 0.06640625 0.86328125 0.0224609375 0.03211805555555555
4 0.478759765625 0.9735243055555556 0.02880859375 0.04079861111111111
5 0.903076171875 0.8836805555555556 0.025390625 0.026909722222222224
6 0.070068359375 0.4622395833333333 0.01806640625 0.0390625
7 0.64990234375 0.1857638888888889 0.02392578125 0.043402777777777776
15 0.863525390625 0.2838541666666667 0.01904296875 0.036458333333333336
16 0.54931640625 0.3142361111111111 0.02734375 0.04513888888888889
17 0.63330078125 0.5950520833333334 0.02490234375 0.042534722222222224
19 0.18505859375 0.1566840277777778 0.02099609375 0.03732638888888889
20 0.596435546875 0.11848958333333333 0.0244140625 0.0390625
21 0.175048828125 0.1935763888888889 0.0205078125 0.0390625
9 0.2314453125 0.17708333333333334 0.02197265625 0.03993055555555555
11 0.78955078125 0.3133680555555556 0.02392578125 0.04513888888888889
12 0.058837890625 0.4852430555555556 0.01708984375 0.03211805555555555
13 0.409912109375 0.7013888888888888 0.0244140625 0.04079861111111111