0 0.0537109375 0.11024305555555555 0.02392578125 0.03298611111111111
1 0.478759765625 0.014322916666666666 0.02880859375 0.026041666666666668
2 0.917724609375 0.10850694444444445 0.0244140625 0.04079861111111111
3 0.0673828125 0.8602430555555556 0.02294921875 0.03993055555555555
4 0.4794921875 0.9700520833333334 0.02734375 0.04513888888888889
5 0.901123046875 0.8797743055555556 0.02294921875 0.035590277777777776
6 0.058349609375 0.5342881944444444 0.0166015625 0.033854166666666664
7 0.429931640625 0.8598090277777778 0.02685546875 0.043402777777777776
14 0.197998046875 0.12760416666666666 0.02197265625 0.0390625
15 0.748779296875 0.7161458333333334 0.02197265625 0.04079861111111111
16 0.1669921875 0.2803819444444444 0.02099609375 0.04079861111111111
17 0.804931640625 0.09461805555555555 0.02099609375 0.043402777777777776
18 0.400390625 0.4305555555555556 0.0244140625 0.04513888888888889
19 0.451904296875 0.20789930555555555 0.02392578125 0.044270833333333336
20 0.09326171875 0.1657986111111111 0.02001953125 0.035590277777777776
21 0.7568359375 0.1558159722222222 0.02392578125 0.042534722222222224
8 0.822509765625 0.8385416666666666 0.02197265625 0.03732638888888889
9 0.770263671875 0.08550347222222222 0.0224609375 0.043402777777777776
10 0.36328125 0.2934027777777778 0.0244140625 0.044270833333333336
11 0.791748046875 0.5855034722222222 0.0205078125 0.04513888888888889
12 0.531982421875 0.3836805555555556 0.02490234375 0.043402777777777776
13 0.5654296875 0.4657118055555556 0.0263671875 0.043402777777777776