0 0.05362215909090909 0.11300505050505055 0.0234375 0.03914141414141416
1 0.48046875 0.017045454545454617 0.03196022727272729 0.02904040404040404
2 0.9161931818181817 0.10227272727272735 0.02130681818181812 0.04545454545454545
3 0.06818181818181818 0.8623737373737375 0.024147727272727265 0.04292929292929296
4 0.47869318181818177 0.9665404040404043 0.03125 0.04671717171717186
5 0.9019886363636364 0.8743686868686869 0.02556818181818188 0.044191919191919164
6 0.10866477272727271 0.5359848484848485 0.01846590909090906 0.03661616161616147
7 0.8192471590909091 0.11300505050505055 0.019176136363636243 0.03914141414141416
14 0.9105113636363635 0.15782828282828287 0.01278409090909105 0.030303030303030276
15 0.8916903409090907 0.45202020202020216 0.01775568181818188 0.040404040404040366
16 0.8753551136363638 0.1641414141414142 0.01775568181818188 0.03787878787878792
17 0.2876420454545454 0.43118686868686873 0.022727272727272707 0.041666666666666664
18 0.7258522727272727 0.20896464646464652 0.02130681818181812 0.044191919191919164
19 0.5465198863636364 0.7569444444444444 0.0234375 0.041666666666666664
20 0.8927556818181817 0.1502525252525253 0.017045454545454586 0.03535353535353537
21 0.5731534090909091 0.7664141414141414 0.022727272727272707 0.045454545454545366
8 0.47265625 0.8150252525252525 0.02059659090909094 0.04419191919191926
9 0.6352982954545454 0.09974747474747479 0.0234375 0.0429292929292929
11 0.84765625 0.7026515151515151 0.02059659090909083 0.03914141414141407
12 0.6960227272727272 0.5732323232323233 0.022727272727272707 0.03535353535353537
13 0.11896306818181818 0.7866161616161617 0.01917613636363634 0.03787878787878777