0 0.0557528409090909 0.11174242424242431 0.02059659090909091 0.03914141414141416
1 0.4783380681818182 0.015782828282828357 0.027698863636363535 0.026515151515151516
2 0.9169034090909091 0.10542929292929298 0.024147727272727293 0.044191919191919164
3 0.06605113636363635 0.8667929292929294 0.022727272727272714 0.041666666666666664
4 0.47620738636363635 0.9684343434343435 0.030539772727272707 0.053030303030302955
5 0.9019886363636364 0.8800505050505052 0.02556818181818188 0.03787878787878787
7 0.8892045454545454 0.6843434343434345 0.01846590909090895 0.03787878787878797
14 0.1455965909090909 0.17234848484848492 0.018465909090909116 0.03661616161616162
16 0.058238636363636354 0.6136363636363638 0.01846590909090909 0.03535353535353537
19 0.9012784090909091 0.19886363636363646 0.01846590909090895 0.03661616161616162
20 0.48082386363636354 0.6704545454545455 0.022727272727272707 0.04292929292929296
21 0.15980113636363635 0.8529040404040403 0.019886363636363646 0.03914141414141407
8 0.6441761363636364 0.13762626262626268 0.022727272727272707 0.04545454545454546
9 0.66796875 0.5757575757575757 0.024857954545454586 0.045454545454545366
10 0.8245738636363635 0.8472222222222222 0.019886363636363757 0.03787878787878777
11 0.5264033564814815 0.3887602880658436 0.02676504629629628 0.05015432098765436
12 0.05475983796296299 0.3849022633744856 0.01953125 0.03986625514403287