0 0.052978515625 0.11197916666666667 0.02392578125 0.04513888888888889
1 0.480712890625 0.010850694444444444 0.0263671875 0.019097222222222224
2 0.918701171875 0.1076388888888889 0.02392578125 0.03298611111111111
3 0.066162109375 0.8658854166666666 0.02294921875 0.03993055555555555
4 0.478515625 0.9748263888888888 0.025390625 0.04774305555555555
5 0.90283203125 0.8819444444444444 0.0224609375 0.03298611111111111
6 0.2822265625 0.2009548611111111 0.0263671875 0.044270833333333336
7 0.75927734375 0.3133680555555556 0.02392578125 0.04513888888888889
16 0.357177734375 0.1349826388888889 0.02392578125 0.042534722222222224
17 0.806640625 0.19270833333333334 0.02001953125 0.04079861111111111
20 0.12548828125 0.4813368055555556 0.02001953125 0.03732638888888889
13 0.425048828125 0.4609375 0.02490234375 0.044270833333333336