1 0.228271484375 0.5360243055555556 0.0166015625 0.05295138888888889
4 0.763916015625 0.5390625 0.02734375 0.046875
14 0.46875 0.078125 0.02392578125 0.041666666666666664
15 0.487548828125 0.21180555555555555 0.0263671875 0.042534722222222224
19 0.599853515625 0.1171875 0.02490234375 0.03732638888888889
20 0.48388671875 0.1115451388888889 0.0224609375 0.042534722222222224
7 0.61181640625 0.5065104166666666 0.0224609375 0.046875
21 0.509521484375 0.16102430555555555 0.02392578125 0.046875
8 0.679931640625 0.3033854166666667 0.02392578125 0.03993055555555555
9 0.308837890625 0.4830729166666667 0.0263671875 0.046875
10 0.512939453125 0.24348958333333334 0.02392578125 0.046875
11 0.696044921875 0.26953125 0.02001953125 0.03993055555555555
13 0.582275390625 0.2421875 0.0263671875 0.041666666666666664