0 0.05462346311475408 0.10780965391621129 0.021772540983606564 0.039845173041894374
1 0.4807889344262295 0.013888888888888874 0.026255122950819665 0.025045537340619314
2 0.9191214139344261 0.10610200364298725 0.023053278688524692 0.04326047358834247
3 0.0674308401639344 0.8631602914389801 0.023053278688524602 0.04098360655737703
4 0.4795081967213115 0.9701730418943535 0.027535860655737765 0.04553734061930786
5 0.9031121926229508 0.8802367941712205 0.021772540983606703 0.03870673952641182
6 0.55859375 0.29622040072859745 0.02561475409836067 0.04553734061930776
7 0.9095158811475411 0.23076047358834245 0.01793032786885229 0.03756830601092904
14 0.8874231557377048 0.8033925318761385 0.01728995901639352 0.030737704918032724
15 0.6293545081967213 0.859744990892532 0.021132172131147486 0.03870673952641152
16 0.3440701844262295 0.06739526411657558 0.021772540983606592 0.03870673952641167
17 0.7455814549180328 0.1527777777777778 0.021772540983606703 0.043260473588342445
18 0.7132428278688525 0.20343806921675772 0.023693647540983687 0.039845173041894326
19 0.9172003073770493 0.36851092896174864 0.017930327868852514 0.03756830601092896
21 0.1452356557377049 0.18920765027322403 0.019851434426229497 0.03870673952641167
9 0.2998847336065573 0.7840391621129327 0.02433401639344268 0.04212204007285969
10 0.49263575819672134 0.1459471766848816 0.025614754098360615 0.043260473588342445
11 0.654969262295082 0.3286657559198543 0.023693647540983687 0.04212204007285969
12 0.7465420081967213 0.31785063752276865 0.022412909836065475 0.04553734061930786
13 0.4273181352459016 0.7994080145719491 0.02305327868852458 0.04326047358834254