0 0.08251953125 0.125 0.02880859375 0.046875
1 0.494140625 0.03342013888888889 0.0302734375 0.04079861111111111
2 0.91650390625 0.12760416666666666 0.0205078125 0.043402777777777776
3 0.09375 0.8541666666666666 0.029296875 0.036458333333333336
4 0.492919921875 0.9518229166666666 0.02880859375 0.0390625
5 0.89892578125 0.8715277777777778 0.02099609375 0.04861111111111111
6 0.117919921875 0.6657986111111112 0.01904296875 0.03298611111111111
11 0.107421875 0.3294270833333333 0.0185546875 0.04079861111111111
16 0.340576171875 0.5985243055555556 0.02880859375 0.042534722222222224
17 0.123046875 0.1840277777777778 0.0205078125 0.03732638888888889
20 0.840576171875 0.7065972222222222 0.0185546875 0.035590277777777776
18 0.119873046875 0.7834201388888888 0.02197265625 0.03211805555555555