0 0.0827996926229508 0.12716302367941712 0.024334016393442653 0.039845173041894326
1 0.49391649590163933 0.029826958105646617 0.02689549180327866 0.040983606557377046
2 0.9155993852459017 0.11862477231329688 0.022412909836065698 0.04326047358834243
3 0.09272540983606554 0.8557604735883425 0.026255122950819665 0.039845173041894374
4 0.49199538934426224 0.9548041894353371 0.03201844262295078 0.042122040072859884
5 0.8989497950819673 0.8756830601092899 0.022412909836065698 0.04781420765027327
6 0.8291495901639344 0.2597905282331512 0.018570696721311508 0.03870673952641162
7 0.637999487704918 0.5472449908925319 0.02177254098360648 0.04212204007285969
8 0.6956326844262295 0.5563524590163935 0.017930327868852514 0.037568306010928865
9 0.28707735655737704 0.12260928961748634 0.02305327868852458 0.030737704918032776
10 0.091124487704918 0.3411885245901639 0.016649590163934413 0.030737704918032824
11 0.7145235655737706 0.5256147540983607 0.019851434426229497 0.04895264116575583
12 0.656890368852459 0.5825364298724954 0.024974385245901676 0.03529143897996355
14 0.09624743852459013 0.7891621129326047 0.019211065573770503 0.03187613843351558
17 0.7555071721311476 0.7049180327868854 0.019851434426229497 0.04553734061930786
18 0.7865650614754099 0.7117486338797815 0.020491803278688714 0.03642987249544641
19 0.8393954918032787 0.6775956284153005 0.01985143442622972 0.03870673952641172
20 0.677061987704918 0.4954462659380693 0.02433401639344268 0.04326047358834254
21 0.8269082991803279 0.33549635701275043 0.01921106557377028 0.04212204007285979