0 0.0546875 0.10984848484848492 0.022727272727272714 0.042929292929292914
1 0.47869318181818177 0.015151515151515225 0.032670454545454475 0.0303030303030303
2 0.915838068181818 0.1016414141414142 0.02627840909090917 0.044191919191919164
3 0.06782670454545454 0.8630050505050506 0.02485795454545455 0.041666666666666664
4 0.4783380681818182 0.9690656565656567 0.027698863636363535 0.04419191919191926
5 0.9005681818181817 0.8762626262626263 0.026988636363636243 0.04292929292929296
6 0.21626420454545456 0.2582070707070708 0.022017045454545414 0.03914141414141417
7 0.3274147727272727 0.653409090909091 0.022727272727272707 0.03914141414141407
14 0.814275568181818 0.27398989898989906 0.019176136363636465 0.040404040404040366
15 0.08345170454545454 0.7847222222222222 0.01917613636363638 0.034090909090909075
16 0.5823863636363635 0.8630050505050504 0.022727272727272707 0.03914141414141407
17 0.22336647727272727 0.8106060606060607 0.02485795454545453 0.03535353535353537
18 0.5316051136363636 0.29040404040404044 0.0234375 0.04292929292929296
19 0.7198153409090908 0.9027777777777778 0.022017045454545414 0.03787878787878777
20 0.45454545454545453 0.5012626262626262 0.022727272727272707 0.04292929292929296
21 0.07848011363636363 0.23232323232323238 0.017755681818181823 0.03535353535353537
8 0.3132102272727273 0.5946969696969697 0.022727272727272707 0.04545454545454556
10 0.8004261363636364 0.6161616161616162 0.02130681818181812 0.040404040404040366
11 0.3093039772727273 0.07702020202020209 0.022017045454545414 0.03787878787878787
12 0.23011363636363635 0.8907828282828282 0.024147727272727293 0.036616161616161574
13 0.6935369318181817 0.717171717171717 0.02059659090909083 0.04292929292929296