0 0.050140881147540964 0.10553278688524588 0.021772540983606564 0.053506375227686705
1 0.47790727459016397 0.014458105646630224 0.042264344262295084 0.028460837887067398
2 0.9168801229508198 0.10097905282331511 0.022412909836065475 0.060336976320582845
3 0.06294825819672127 0.8682832422586522 0.02049180327868852 0.058060109289617384
4 0.47790727459016397 0.9718806921675776 0.03073770491803285 0.053506375227686455
5 0.9040727459016393 0.8808060109289619 0.024974385245901676 0.06489071038251372
6 0.5608350409836066 0.7533014571948999 0.023693647540983687 0.04212204007285969
7 0.06967213114754096 0.12773224043715847 0.016009221311475412 0.02959927140255007
14 0.8819800204918032 0.2882513661202186 0.01793032786885229 0.03870673952641172
16 0.47374487704918034 0.3508652094717668 0.023693647540983576 0.04098360655737703
20 0.2992443647540983 0.8443761384335157 0.020491803278688492 0.03529143897996355
11 0.16636782786885243 0.7271174863387978 0.019851434426229497 0.03756830601092906
13 0.7734375 0.10040983606557373 0.021132172131147486 0.038706739526411654