0 0.056107954545454544 0.11047979797979805 0.022727272727272735 0.039141414141414144
1 0.4797585227272727 0.016414141414141485 0.02911931818181812 0.020202020202020207
2 0.915838068181818 0.10037878787878796 0.02059659090909083 0.04924242424242423
3 0.06711647727272728 0.8636363636363636 0.0234375 0.04292929292929296
4 0.4772727272727272 0.9678030303030302 0.02840909090909094 0.04671717171717186
5 0.9009232954545454 0.8762626262626263 0.0234375 0.04545454545454556
6 0.7368607954545454 0.6856060606060607 0.019176136363636465 0.04545454545454556
7 0.5042613636363635 0.7727272727272726 0.022727272727272707 0.040404040404040366
14 0.65625 0.380050505050505 0.022727272727272707 0.045454545454545366
15 0.9005681818181817 0.4375 0.01846590909090917 0.039141414141414116
18 0.5276988636363636 0.8251262626262625 0.019886363636363757 0.03914141414141407
20 0.39559659090909083 0.5751262626262627 0.02130681818181812 0.03914141414141407
21 0.37997159090909094 0.5404040404040404 0.022727272727272707 0.04292929292929296
10 0.62890625 0.9097222222222222 0.022017045454545414 0.041666666666666664
11 0.26704545454545453 0.557449494949495 0.024147727272727293 0.04419191919191926