1 0.226806640625 0.5377604166666666 0.01513671875 0.042534722222222224
4 0.763916015625 0.5390625 0.0234375 0.05555555555555555
6 0.669677734375 0.4934895833333333 0.02294921875 0.03819444444444445
7 0.651611328125 0.11371527777777778 0.0234375 0.04079861111111111
14 0.686767578125 0.4613715277777778 0.021484375 0.0390625
16 0.7333984375 0.4045138888888889 0.02490234375 0.036458333333333336
17 0.609619140625 0.3125 0.0263671875 0.046875
19 0.34130859375 0.5169270833333334 0.02490234375 0.044270833333333336
20 0.556884765625 0.7330729166666666 0.02392578125 0.044270833333333336
8 0.601806640625 0.4066840277777778 0.02783203125 0.042534722222222224
9 0.7041015625 0.5889756944444444 0.02197265625 0.041666666666666664
12 0.3212890625 0.8433159722222222 0.02294921875 0.041666666666666664
13 0.69287109375 0.5147569444444444 0.021484375 0.041666666666666664