0 0.0559042008196721 0.10837887067395263 0.02177254098360655 0.03642987249544628
1 0.47982838114754095 0.014458105646630224 0.02689549180327877 0.02618397085610201
2 0.9178406762295084 0.10553278688524588 0.02433401639344246 0.03756830601092895
3 0.06679047131147538 0.8642987249544628 0.023053278688524602 0.03415300546448089
4 0.4788678278688525 0.9735883424408017 0.028816598360655754 0.04781420765027317
5 0.9018314549180328 0.8802367941712205 0.02433401639344268 0.03642987249544621
6 0.6037397540983607 0.14310109289617484 0.024974385245901676 0.04439890710382515
14 0.13819159836065573 0.5859517304189436 0.018570696721311453 0.037568306010928865
15 0.06102715163934422 0.14196265938069214 0.01793032786885245 0.03529143897996355
16 0.49071465163934436 0.3383424408014572 0.026895491803278715 0.04781420765027327
18 0.3101306352459016 0.42770947176684887 0.02433401639344268 0.0443989071038251
19 0.41290983606557374 0.8540528233151186 0.023693647540983576 0.03870673952641152
20 0.3690445696721312 0.4049408014571949 0.02305327868852458 0.039845173041894374
8 0.1766137295081967 0.10894808743169399 0.021132172131147542 0.03756830601092899
9 0.24833504098360654 0.6024590163934427 0.022412909836065587 0.04326047358834235
10 0.7542264344262295 0.872836976320583 0.021132172131147486 0.03756830601092896
12 0.23456711065573765 0.7578551912568308 0.02305327868852458 0.04212204007285969