0 0.0789574795081967 0.12887067395264118 0.024334016393442626 0.038706739526411654
1 0.49231557377049184 0.030396174863387963 0.030097336065573688 0.04212204007285974
2 0.9162397540983607 0.12260928961748634 0.021132172131147486 0.03756830601092895
3 0.09176485655737703 0.8540528233151186 0.021772540983606564 0.03870673952641152
4 0.48911372950819665 0.9502504553734062 0.030097336065573854 0.033014571948998234
5 0.8989497950819673 0.8745446265938069 0.026255122950819665 0.043260473588342445
6 0.3050076844262295 0.5654599271402551 0.02305327868852458 0.03529143897996355
14 0.40042264344262296 0.17156193078324225 0.02305327868852458 0.03756830601092896
15 0.13563012295081964 0.3241120218579235 0.019851434426229497 0.028460837887067412
16 0.5060835040983607 0.2068533697632058 0.024334016393442626 0.03756830601092896
17 0.2605020491803279 0.2780054644808743 0.019851434426229497 0.034153005464480794
21 0.4055455942622951 0.40038706739526414 0.02433401639344268 0.03529143897996355
18 0.38377305327868855 0.8563296903460839 0.02561475409836067 0.03642987249544621