0 0.05327460106382981 0.11214539007092202 0.020777925531914883 0.03989361702127657
1 0.48046875 0.018321513002364124 0.027426861702127714 0.02659574468085106
2 0.9184674202127661 0.10623522458628848 0.0224401595744681 0.04284869976359339
3 0.06574135638297873 0.8627364066193852 0.02244015957446807 0.042848699763593366
4 0.47922207446808507 0.9713356973995272 0.028257978723404298 0.044326241134751934
5 0.9035073138297872 0.8775118203309691 0.0224401595744681 0.03989361702127662
6 0.19165558510638298 0.5997340425531915 0.023271276595744683 0.03989361702127662
7 0.5897606382978723 0.8051122931442081 0.024933510638297962 0.03989361702127662
14 0.33211436170212766 0.7689125295508276 0.023271276595744683 0.04137115839243499
16 0.9073464912280702 0.18810916179337234 0.016447368421052655 0.040204678362573056
17 0.21415844298245612 0.48111598440545805 0.023985745614035103 0.046296296296296426
18 0.2381441885964912 0.7272173489278752 0.0226151315789474 0.04142300194931773
19 0.6109512061403509 0.20272904483430798 0.022615131578947345 0.045077972709551634
20 0.850123355263158 0.6967592592592592 0.017132675438596312 0.036549707602339034
8 0.7870751096491228 0.2855750487329435 0.01987390350877183 0.042641325536062404
9 0.9001507675438596 0.7308723196881092 0.017132675438596534 0.036549707602339034
10 0.10656524122807016 0.7503654970760235 0.01850328947368421 0.04142300194931773
11 0.8941180889423077 0.85022702991453 0.016150841346153966 0.028712606837606854
12 0.8961202330508476 0.417608286252354 0.017876059322033955 0.04001883239171376
13 0.8956473214285714 0.8079906204906204 0.016233766233766378 0.034271284271284425