0 0.07991803278688521 0.12659380692167577 0.023693647540983603 0.038706739526411654
1 0.4907146516393443 0.028688524590163918 0.02817622950819676 0.036429872495446255
2 0.9162397540983607 0.12488615664845172 0.01985143442622972 0.03301457194899815
3 0.09304559426229506 0.8557604735883425 0.026895491803278687 0.03073770491803292
4 0.4907146516393443 0.9553734061930784 0.02945696721311475 0.04098360655737723
5 0.8967085040983607 0.8716985428051005 0.020491803278688492 0.03756830601092896
6 0.22240010245901642 0.3423269581056466 0.021772540983606592 0.030737704918032724
7 0.7830430327868853 0.5039845173041894 0.019851434426229497 0.042122040072859884
14 0.8016137295081966 0.5216302367941712 0.014728483606557319 0.03642987249544621
15 0.8349129098360657 0.4954462659380693 0.014728483606557319 0.03415300546448089
16 0.7996926229508197 0.483492714025501 0.016009221311475308 0.03756830601092906
17 0.8137807377049182 0.4607240437158471 0.01728995901639352 0.04212204007285969
18 0.8166623975409837 0.5381375227686703 0.016649590163934302 0.033014571948998234
21 0.8157018442622951 0.49829234972677594 0.021132172131147486 0.037568306010928865