1 0.2275390625 0.5316840277777778 0.0107421875 0.05555555555555555
4 0.767333984375 0.5377604166666666 0.02685546875 0.04774305555555555
7 0.6298828125 0.3745659722222222 0.02197265625 0.042534722222222224
14 0.28955078125 0.24479166666666666 0.02392578125 0.03993055555555555
16 0.549560546875 0.7717013888888888 0.02490234375 0.043402777777777776
18 0.654296875 0.11197916666666667 0.02685546875 0.042534722222222224
19 0.51025390625 0.9474826388888888 0.0244140625 0.03993055555555555
20 0.297607421875 0.1801215277777778 0.02294921875 0.042534722222222224
9 0.599365234375 0.3446180555555556 0.025390625 0.04079861111111111
10 0.26953125 0.033854166666666664 0.0244140625 0.036458333333333336
12 0.35595703125 0.7287326388888888 0.0244140625 0.044270833333333336