1 0.2333984375 0.5078125 0.0185546875 0.046875
4 0.755859375 0.5125868055555556 0.0263671875 0.04861111111111111
7 0.50439453125 0.5043402777777778 0.02294921875 0.044270833333333336
8 0.518310546875 0.12196180555555555 0.0224609375 0.03298611111111111
10 0.651123046875 0.40625 0.0244140625 0.0390625
12 0.28857421875 0.9535590277777778 0.01904296875 0.033854166666666664
13 0.548095703125 0.014756944444444444 0.02490234375 0.029513888888888888
14 0.54833984375 0.09375 0.0224609375 0.042534722222222224
16 0.56591796875 0.3524305555555556 0.02197265625 0.0546875
17 0.33740234375 0.9444444444444444 0.02197265625 0.0390625
20 0.468994140625 0.1953125 0.02001953125 0.04079861111111111
21 0.60693359375 0.4053819444444444 0.02294921875 0.03993055555555555