0 0.08151895491803277 0.12887067395264118 0.026895491803278715 0.04326047358834243
1 0.4964779713114754 0.028688524590163918 0.03073770491803285 0.038706739526411654
2 0.9204021516393444 0.12374772313296901 0.02177254098360648 0.053506375227686705
3 0.0946465163934426 0.8591757741347907 0.026255122950819665 0.0443989071038252
4 0.49263575819672134 0.9553734061930784 0.034579918032786816 0.04781420765027317
5 0.9008709016393444 0.8716985428051003 0.026255122950819665 0.044398907103825005
6 0.6962730532786886 0.5910746812386157 0.023053278688524692 0.04326047358834235
7 0.6440829918032787 0.49829234972677594 0.022412909836065698 0.0443989071038252
8 0.7212474385245902 0.8489298724954463 0.02177254098360648 0.039845173041894374
12 0.22976434426229508 0.704348816029144 0.021132172131147542 0.03756830601092926
13 0.7516649590163935 0.603028233151184 0.021132172131147486 0.04212204007285969
14 0.7414190573770493 0.8142076502732241 0.017289959016393297 0.04098360655737703
15 0.736936475409836 0.17099271402550092 0.021132172131147486 0.04098360655737708
17 0.31781506147540983 0.8648679417122042 0.02433401639344268 0.039845173041894374
20 0.7670338114754099 0.45389344262295084 0.019851434426229497 0.04212204007285969