0 0.079833984375 0.1267361111111111 0.03125 0.04079861111111111
1 0.49462890625 0.026041666666666668 0.0283203125 0.044270833333333336
2 0.91650390625 0.1232638888888889 0.02294921875 0.036458333333333336
3 0.091796875 0.8546006944444444 0.029296875 0.03993055555555555
4 0.49560546875 0.95703125 0.02880859375 0.044270833333333336
5 0.899658203125 0.87109375 0.0263671875 0.04774305555555555
6 0.880615234375 0.5894097222222222 0.01904296875 0.035590277777777776
7 0.82177734375 0.5143229166666666 0.01806640625 0.03732638888888889
8 0.3232421875 0.14149305555555555 0.02392578125 0.03211805555555555
9 0.291259765625 0.8776041666666666 0.02099609375 0.03298611111111111
10 0.78173828125 0.6666666666666666 0.0185546875 0.03993055555555555
11 0.08154296875 0.4704861111111111 0.01904296875 0.033854166666666664
12 0.832763671875 0.3368055555555556 0.0205078125 0.035590277777777776
13 0.88525390625 0.6957465277777778 0.0166015625 0.033854166666666664
14 0.674072265625 0.14973958333333334 0.02001953125 0.035590277777777776
15 0.8505859375 0.5212673611111112 0.02001953125 0.033854166666666664
16 0.77783203125 0.5303819444444444 0.0205078125 0.03732638888888889
18 0.740234375 0.5716145833333334 0.0185546875 0.036458333333333336
19 0.23291015625 0.11197916666666667 0.02001953125 0.029513888888888888
20 0.40625 0.8090277777777778 0.02685546875 0.03732638888888889
21 0.593505859375 0.8033854166666666 0.02392578125 0.044270833333333336