0 0.0789574795081967 0.1271630236794171 0.02305327868852458 0.030737704918032776
1 0.49103483606557374 0.027550091074681222 0.027535860655737654 0.036429872495446255
2 0.9152792008196722 0.12147085610200363 0.01921106557377028 0.03756830601092895
3 0.08920338114754095 0.8546220400728598 0.024334016393442626 0.030737704918032724
4 0.48943391393442615 0.9530965391621131 0.026895491803278604 0.04098360655737723
5 0.897669057377049 0.8711293260473588 0.019851434426229497 0.04553734061930776
6 0.8163422131147542 0.5950591985428051 0.019851434426229497 0.039845173041894374
14 0.8477202868852459 0.6201047358834244 0.018570696721311508 0.03529143897996355
18 0.7459016393442623 0.3121584699453552 0.022412909836065698 0.03642987249544621
21 0.8073770491803279 0.13683970856102004 0.01985143442622972 0.036429872495446255
15 0.15259989754098358 0.33208105646630237 0.02305327868852458 0.033014571948998137
16 0.1452356557377049 0.8443761384335156 0.021132172131147542 0.03073770491803292
17 0.2720286885245901 0.8494990892531877 0.017289959016393408 0.03642987249544621