1 0.772216796875 0.4613715277777778 0.017578125 0.06336805555555555
4 0.2353515625 0.4622395833333333 0.0224609375 0.044270833333333336
6 0.273193359375 0.5907118055555556 0.021484375 0.041666666666666664
14 0.55078125 0.6028645833333334 0.02490234375 0.044270833333333336
16 0.582275390625 0.4791666666666667 0.021484375 0.042534722222222224
17 0.44091796875 0.9787326388888888 0.021484375 0.042534722222222224
18 0.3330078125 0.19921875 0.021484375 0.050347222222222224
19 0.66162109375 0.7222222222222222 0.02734375 0.044270833333333336
9 0.328369140625 0.042534722222222224 0.0224609375 0.041666666666666664
10 0.728515625 0.8450520833333334 0.02490234375 0.041666666666666664
11 0.596923828125 0.4418402777777778 0.02392578125 0.044270833333333336
12 0.579833984375 0.9661458333333334 0.02490234375 0.041666666666666664
13 0.55224609375 0.9136284722222222 0.021484375 0.042534722222222224