1 0.23486328125 0.5134548611111112 0.025390625 0.05381944444444445
4 0.754150390625 0.5134548611111112 0.02294921875 0.05555555555555555
6 0.6025390625 0.06293402777777778 0.02197265625 0.03732638888888889
9 0.513427734375 0.23307291666666666 0.02685546875 0.04513888888888889
10 0.636474609375 0.328125 0.0205078125 0.042534722222222224
11 0.266845703125 0.7217881944444444 0.02294921875 0.046875
12 0.438232421875 0.2612847222222222 0.02392578125 0.043402777777777776
13 0.56982421875 0.019965277777777776 0.02197265625 0.036458333333333336
14 0.716552734375 0.6462673611111112 0.0205078125 0.043402777777777776
15 0.516845703125 0.017361111111111112 0.02490234375 0.034722222222222224
16 0.632568359375 0.10199652777777778 0.0244140625 0.04513888888888889
18 0.723388671875 0.14973958333333334 0.0205078125 0.036458333333333336
20 0.345947265625 0.05164930555555555 0.0185546875 0.03298611111111111