0 0.07991803278688521 0.1260245901639344 0.026255122950819693 0.03756830601092895
1 0.4948770491803278 0.028119307832422565 0.02625512295081961 0.03301457194899818
2 0.9178406762295084 0.12317850637522769 0.019211065573770503 0.04553734061930781
3 0.09528688524590162 0.8546220400728598 0.02497438524590162 0.033014571948998234
4 0.49263575819672134 0.9496812386156649 0.025614754098360615 0.04553734061930786
5 0.9005507172131146 0.8688524590163935 0.02817622950819665 0.05919854280510014
6 0.888703893442623 0.5426912568306013 0.017289959016393297 0.039845173041894374
7 0.110015368852459 0.6354735883424408 0.01857069672131148 0.03642987249544621
8 0.8089779713114755 0.6212431693989071 0.019211065573770503 0.039845173041894374
10 0.6463242827868853 0.6229508196721311 0.021772540983606703 0.04326047358834254
11 0.7071593237704917 0.5950591985428051 0.017930327868852514 0.037568306010928865
12 0.7606301229508197 0.8853597449908926 0.022412909836065698 0.03529143897996355
13 0.49263575819672134 0.7794854280510018 0.023053278688524637 0.037568306010928865
14 0.7695952868852459 0.8238843351548271 0.018570696721311508 0.044398907103825005
15 0.9088755122950819 0.21653005464480873 0.015368852459016313 0.03415300546448089
16 0.6572105532786886 0.1994535519125683 0.023053278688524692 0.03870673952641162
17 0.9053534836065573 0.2586520947176685 0.01600922131147553 0.03187613843351538
18 0.3050076844262295 0.7857468123861567 0.02433401639344268 0.03642987249544621
19 0.7952100409836066 0.8039617486338799 0.021132172131147486 0.04098360655737684
20 0.7375768442622951 0.4504781420765027 0.02113217213114771 0.03756830601092891
21 0.9107966188524591 0.5927823315118397 0.020491803278688492 0.03529143897996355