0 0.0792776639344262 0.13000910746812386 0.028816598360655726 0.03870673952641167
1 0.49263575819672134 0.0355191256830601 0.029456967213114693 0.04098360655737707
2 0.9133580942622951 0.12545537340619306 0.017930327868852514 0.04098360655737703
3 0.08952356557377046 0.8506375227686704 0.028816598360655726 0.03415300546448089
4 0.48911372950819665 0.9525273224043718 0.026255122950819665 0.0443989071038252
5 0.8970286885245902 0.8745446265938069 0.019851434426229497 0.04781420765027317
6 0.5361808401639344 0.5432604735883424 0.023053278688524692 0.03870673952641172
14 0.10745389344262293 0.7504553734061932 0.023693647540983603 0.03187613843351558
15 0.21055327868852458 0.35655737704918034 0.019851434426229553 0.03415300546448089
16 0.8806992827868854 0.7994080145719491 0.01793032786885229 0.03187613843351538
17 0.39241803278688525 0.6531193078324224 0.019851434426229497 0.03529143897996355
18 0.849641393442623 0.1971766848816029 0.01985143442622972 0.03870673952641162
21 0.8995901639344261 0.42600182149362475 0.01728995901639352 0.03870673952641167