0 0.078857421875 0.1271701388888889 0.02197265625 0.03298611111111111
1 0.491455078125 0.028645833333333332 0.0283203125 0.036458333333333336
2 0.9140625 0.125 0.01904296875 0.03298611111111111
3 0.090576171875 0.8528645833333334 0.02197265625 0.0390625
4 0.489013671875 0.9500868055555556 0.02880859375 0.03732638888888889
5 0.896484375 0.87109375 0.0224609375 0.033854166666666664
6 0.3974609375 0.6532118055555556 0.0224609375 0.03732638888888889
17 0.322998046875 0.6822916666666666 0.0244140625 0.033854166666666664
15 0.7099609375 0.6731770833333334 0.0185546875 0.036458333333333336
16 0.880126953125 0.7981770833333334 0.0166015625 0.03211805555555555
14 0.858642578125 0.2951388888888889 0.01708984375 0.03211805555555555
18 0.850341796875 0.2009548611111111 0.02001953125 0.035590277777777776
21 0.89892578125 0.4253472222222222 0.0185546875 0.03298611111111111