0 0.053662909836065545 0.10951730418943534 0.023693647540983603 0.040983606557377046
1 0.4795081967213115 0.013888888888888876 0.03137807377049184 0.027322404371584706
2 0.9191214139344261 0.10667122040072859 0.023053278688524692 0.03529143897996356
3 0.06615010245901635 0.8665755919854282 0.024334016393442626 0.03870673952641172
4 0.47854764344262296 0.9730191256830601 0.03201844262295084 0.04895264116575583
5 0.9034323770491803 0.8836520947176685 0.024974385245901676 0.04098360655737703
6 0.07991803278688521 0.8386839708561021 0.017289959016393436 0.033014571948998234
7 0.32646004098360654 0.6525500910746813 0.026255122950819665 0.04326047358834254
14 0.8493212090163933 0.28540528233151186 0.019211065573770503 0.03756830601092896
15 0.09240522540983603 0.6730418943533698 0.019211065573770475 0.03415300546448089
16 0.5329789959016393 0.5865209471766849 0.02561475409836067 0.04326047358834235
17 0.055904200819672095 0.33208105646630237 0.016649590163934434 0.035291438979963646
18 0.6047003073770493 0.32411202185792354 0.02561475409836067 0.04212204007285969
19 0.6456839139344264 0.12488615664845172 0.02433401639344268 0.04212204007285974
20 0.4542136270491803 0.5022768670309654 0.02433401639344257 0.04098360655737703
21 0.8115394467213115 0.2558060109289617 0.021772540983606703 0.0443989071038251
8 0.2457735655737705 0.6497040072859745 0.026255122950819693 0.046675774134790515
10 0.8012935450819673 0.6161202185792349 0.021772540983606703 0.04098360655737703
11 0.3091700819672131 0.07821038251366119 0.022412909836065587 0.039845173041894354
12 0.23168545081967215 0.8910519125683061 0.022412909836065587 0.03529143897996355
13 0.694031762295082 0.7157331511839709 0.023693647540983687 0.046675774134790515