0 0.07863729508196719 0.12773224043715847 0.02753586065573771 0.02959927140255007
1 0.49263575819672134 0.026980874316939876 0.026895491803278715 0.033014571948998164
2 0.9146388319672131 0.12204007285974498 0.023053278688524692 0.05009107468123862
3 0.09176485655737703 0.8551912568306013 0.021772540983606564 0.03187613843351558
4 0.4900742827868852 0.9536657559198544 0.02817622950819676 0.039845173041894576
5 0.8979892418032787 0.8734061930783243 0.02433401639344268 0.03642987249544621
6 0.7590292008196722 0.5683060109289618 0.020491803278688492 0.04553734061930786
14 0.87109375 0.5130919854280509 0.016649590163934302 0.03529143897996355
15 0.7984118852459017 0.13911657559198543 0.016009221311475308 0.036429872495446255
16 0.8806992827868853 0.7994080145719491 0.016649590163934302 0.04098360655737684
17 0.39209784836065575 0.6497040072859745 0.021772540983606592 0.039845173041894374
18 0.9120773565573771 0.3389116575591985 0.017930327868852514 0.039845173041894374
21 0.8992699795081966 0.4237249544626594 0.016649590163934302 0.036429872495446304