0 0.05576795212765959 0.11436170212765963 0.019946808510638285 0.04137115839243499
1 0.47922207446808507 0.019799054373522515 0.029089095744680882 0.02659574468085106
2 0.9172207446808511 0.10697399527186767 0.02077792553191493 0.05023640661938536
3 0.06615691489361704 0.8634751773049645 0.02742686170212766 0.04137115839243499
4 0.4775598404255319 0.9691193853427897 0.03075132978723405 0.04875886524822685
5 0.9051695478723403 0.8834219858156028 0.023271276595744572 0.042848699763593366
6 0.7526595744680851 0.428339243498818 0.0224401595744681 0.042848699763593366
14 0.9043384308510639 0.33451536643026003 0.01994680851063846 0.03841607565011815
15 0.16755319148936174 0.281323877068558 0.020777925531914876 0.03841607565011825
7 0.8050199468085106 0.12692080378250595 0.019115691489361764 0.03989361702127657
18 0.2327958776595745 0.1143617021276596 0.023271276595744683 0.0384160756501182
20 0.6333942819148937 0.8021572104018914 0.023271276595744572 0.03989361702127662
21 0.38073470744680854 0.540632387706856 0.02659574468085113 0.04875886524822685
10 0.9110243055555556 0.20061728395061726 0.02083333333333326 0.037037037037037056
11 0.6293402777777778 0.9104938271604939 0.0234375 0.046296296296296134