0 0.052911931818181816 0.11111111111111116 0.022017045454545456 0.03787878787878787
1 0.48073122529644263 0.013888888888888926 0.02717391304347827 0.027777777777777853
2 0.9147727272727272 0.10290404040404047 0.021306818181818343 0.04671717171717171
3 0.06534090909090909 0.8642676767676768 0.022727272727272735 0.041666666666666664
4 0.47762784090909083 0.9696969696969696 0.030539772727272707 0.04797979797979776
5 0.9037642045454546 0.8775252525252524 0.0234375 0.04797979797979806
6 0.26526988636363635 0.3333333333333334 0.022017045454545414 0.040404040404040366
7 0.9105113636363635 0.23042929292929296 0.01846590909090895 0.036616161616161574
14 0.8877840909090908 0.8036616161616162 0.01846590909090895 0.03661616161616147
15 0.42045454545454536 0.13825757575757583 0.024147727272727293 0.03661616161616162
17 0.8345170454545454 0.4526515151515152 0.02130681818181812 0.041666666666666664
19 0.9169034090909091 0.36868686868686873 0.017045454545454586 0.040404040404040366
18 0.4261363636363636 0.09217171717171722 0.022727272727272707 0.03787878787878787
9 0.30042613636363635 0.7878787878787878 0.022727272727272707 0.040404040404040366
10 0.6235795454545454 0.30176767676767685 0.025568181818181657 0.04545454545454546
11 0.1921164772727273 0.4362373737373738 0.02201704545454547 0.039141414141414116
12 0.7198153409090908 0.3428030303030304 0.022017045454545414 0.044191919191919164
13 0.4282670454545454 0.8005050505050504 0.02556818181818188 0.040404040404040366