0 0.05526383196721309 0.10894808743169396 0.021772540983606557 0.042122040072859725
1 0.47982838114754095 0.016165755919854266 0.02561475409836056 0.02504553734061931
2 0.9172003073770493 0.10553278688524588 0.02305327868852447 0.03756830601092895
3 0.06775102459016391 0.8642987249544629 0.02753586065573771 0.04098360655737703
4 0.4774680262342737 0.9750626138433517 0.02473625738658014 0.048485883424407836
5 0.9024718237704917 0.8830828779599273 0.02689549180327888 0.030737704918032627
6 0.6799436475409837 0.7589936247723135 0.024974385245901676 0.039845173041894374
14 0.7366162909836066 0.266051912568306 0.02177254098360648 0.0443989071038251
15 0.23616803278688525 0.8842213114754097 0.023693647540983576 0.037568306010928865
16 0.5470671106557378 0.39640255009107467 0.02689549180327866 0.04098360655737703
17 0.7628714139344263 0.485200364298725 0.02177254098360648 0.04326047358834254
19 0.11065573770491799 0.5762750455373407 0.021132172131147542 0.03642987249544621
20 0.673860143442623 0.31500455373406194 0.02305327868852447 0.04212204007285969
21 0.11225665983606554 0.3594034608378871 0.021772540983606564 0.039845173041894374
8 0.07415471311475408 0.19319216757741348 0.017289959016393436 0.03529143897996355
9 0.5995773565573771 0.9195127504553735 0.023053278688524692 0.037568306010928865
10 0.05910604508196718 0.29792805100182146 0.017930327868852458 0.033014571948998137